135.37 574.12 479 478.97 1.2773 1
544.78 498.16 114.88 290.12 6.0513 1
638.99 638.97 411.63 147.88 1.2721 1
204.07 186.49 233.29 155.41 9.9123 1
230.63 203.65 361.31 232.91 9.1391 1
186.34 169.49 157.31 91.213 7.909 1
170.61 450.62 90.835 52.135 5.5972 1
512.89 477.38 34.084 19.036 3.7263 1
478.86 522.65 15.992 34.656 3.7516 1
522.2 581.04 36.831 63.936 4.3749 1
450.74 543.88 51.679 115.16 5.2629 1
582.36 559.65 70.369 56.991 4.4398 1
560.99 512.74 59.179 35.645 5.8913 1
577.9 600.75 64.083 75.83 3.8753 1
507.04 232.34 290.66 364.65 10.53 1
121.63 1.6118 1.8953 6.2624 4.1346 1
478.54 473.29 18.432 1.12 4.0609 1
196.58 541.58 178.87 116.37 5.927 1
615.41 639.16 80.985 82.107 3.6279 1
639.37 601 104.92 84.024 5.0978 1
477.69 480.85 1.3921 15.819 3.4294 1
639.21 612.73 86.875 84.595 5.196 1
609.03 616.4 78.257 80.059 3.0226 1
603.29 639.29 82.049 100.04 3.3614 1
1.5955 64.12 2.6218 1.3942 2.5486 1
610.36 639.16 70.04 68.703 3.3983 1
594.08 582.27 80.434 71.98 4.0664 1
639.13 614.12 72.272 72.528 2.7305 1
521.48 528.92 190.34 161.57 1.5232 1
