137.88 572.88 478.98 478.99 1.2564 1
541.33 534.86 81.239 107.12 5.1539 1
638.97 638.99 412.87 146.62 1.2659 1
534.47 498.57 108.59 253.99 5.6203 1
521.65 484.05 39.066 25.591 3.7278 1
464.58 516.96 15.026 34.47 4.3242 1
226.36 539.51 166.93 80.513 5.0731 1
165.72 433 83.253 27.212 4.7369 1
483.29 420.95 25.603 0.20789 5.3157 1
428.19 464.65 0.65924 12.492 4.1103 1
432.23 542.16 26.686 80.593 4.1776 1
169.57 164.33 90.975 83.971 6.5017 1
559.12 599.19 51.561 48.935 4.4989 1
517.56 533.03 34.748 42.577 3.3457 1
256.84 251.4 357.46 338.29 8.5792 1
600.19 571.82 51.562 55.54 4.6272 1
199.27 167.94 233.82 92.583 4.4905 1
502.08 254.75 256.48 358.86 10.277 1
639.19 610.37 36.967 42.854 4.2266 1
253.54 224.31 337.55 165.13 4.4517 1
598.16 632.34 43.817 33.597 5.161 1
572.97 559.11 55.336 54.324 4.2866 1
562.96 597.92 38.102 41.113 4.3145 1
608.88 599.18 46.089 50.492 4.6587 1
568.88 520.78 65.845 40.839 3.9064 1
638.94 569.43 89.669 65.747 4.666 1
203.87 199.35 254.46 234.07 3.7987 1
597.89 555.39 43.665 42.313 3.6289 1
556.47 625.22 57.059 82.056 3.4171 1
248.26 202.97 339.58 253.42 4.8795 1
633.96 639.65 32.067 18.091 6.517 1
624.06 609.08 51.887 48.043 3.3538 1
611.68 628.02 45.184 49.885 3.1115 1
50.34 1.4836 1.1425 4.6615 4.0995 1
223.37 171.17 164.66 90.323 4.5095 1
550.4 563.24 42.947 39.104 2.6307 1
189.06 169.14 81.302 85.44 1.7324 1
618.21 624.78 77.265 53.957 10.642 1
215.31 200.34 76.243 78.905 1.25 1
