638.98 638.99 411.62 149.12 1.2608 1
137.87 572.87 479.02 478.97 1.2922 1
391.87 371.91 175.24 326.5 4.6992 1
222.06 194.59 346.55 193.82 4.3622 1
370.61 219.36 328.28 349.54 8.0481 1
194.81 191.81 194.14 97.869 3.8648 1
55.728 75.349 47.917 45.19 4.5747 1
350.93 391.26 88.198 174.96 4.0867 1
55.41 1.5966 54.154 52.623 5.1046 1
321.92 311.39 10.064 13.367 4.0227 1
196.52 389.22 194.2 176.38 4.5472 1
295.4 181.73 38.359 43.81 4.6529 1
333.6 319.91 5.5895 8.7627 9.6533 1
1.6195 54.125 49.384 49.093 3.7499 1
291.52 311.58 15.175 17.121 3.2126 1
75.449 90.307 45.151 36.507 4.4002 1
191.35 193.31 44.088 95.406 3.6515 1
260.33 225.37 2.1237 4.1089 4.4527 1
102.92 101.87 12.871 1.3736 5.0933 1
85.733 96.38 17.085 8.81 3.728 1
75.523 50.389 53.733 51.466 6.4493 1
310.4 290.24 13.781 12.488 3.4549 1
92.857 73.284 40.339 49.958 4.4299 1
301.74 291.58 3.1578 1.9955 3.1946 1
311.39 335.35 16.28 12.717 3.76 1
110.17 126.56 19.262 16.249 2.7837 1
110.37 76.583 52.758 54.621 3.3224 1
126.62 104.1 11.323 11.451 11.264 1
87.925 86.27 28.071 17.933 3.2981 1
93.638 92.029 27.983 39.359 3.876 1
52.854 71.839 36.577 28.369 4.4037 1
81.298 57.416 29.443 37.814 3.4174 1
307.34 298.99 36.92 21.7 2.8994 1
170.42 131.71 45.734 50.974 2.9431 1
301.25 311.54 17.406 36.672 3.0176 1
75.362 109.11 51.27 50.066 1.6949 1
170.41 172.01 2.4744 12.616 3.7291 1
140.42 167.84 46.919 42.669 2.3839 1
383.04 385.53 216.65 196.64 2.1643 1
368.92 383.02 324.1 217.89 1.7616 1
199.37 204.27 202.83 229.1 1.9169 1
386.23 388.07 195.47 179.15 1.9422 1
311.63 321.63 37.173 37.27 2.5119 1
163.06 141.9 17.207 23.753 2.3025 1
474.06 459.16 11.298 14.31 1.9685 1
390.38 370.37 17.926 18.125 1.3619 1
