495.41 189.07 303.52 317.93 10.4 1
638.98 638.97 412.88 147.88 1.2595 1
137.87 575.37 479.01 478.97 1.2829 1
184.07 491.61 29.649 38.496 4.685 1
566.55 493.24 120.07 301.03 8.5496 1
163.23 180.26 83.266 67.641 4.9948 1
175.37 564.12 119.52 121.64 4.7204 1
172.75 167.74 80.304 89.047 3.409 1
490.73 567.8 38.799 121.61 7.9182 1
199.07 171 313.78 114.39 10.095 1
174.9 163.45 105.56 91.763 7.8204 1
169.33 176.02 115.03 104.22 7.7942 1
178.74 184.49 68.388 30.621 7.6293 1
176.09 178.67 96.38 77.64 6.3135 1
487.53 480.19 312.19 324.01 5.9695 1
410.38 347.88 39.081 37.544 1.7721 1
335.38 304.13 36.625 36.625 1.25 1
250.38 214.13 34.125 34.125 1.25 1
539.12 514.12 124.26 124.19 1.2829 1
