313.97 355.11 9.7338 20.185 3.3859 1
360.9 410.33 24.228 38.048 4.2453 1
638.99 638.98 411.63 149.13 1.2636 1
359.23 312.95 24.967 12.595 4.162 1
405.83 365.38 39.911 29.117 3.7805 1
137.87 574.12 479 478.98 1.2728 1
451.7 489.27 52.628 49.653 4.3675 1
487.78 465.3 52.324 56.191 4.1982 1
261.48 511.07 217.59 91.757 4.9717 1
424.95 406.47 47.108 39.514 3.6131 1
504.93 473.72 118.74 255.28 4.7699 1
510.95 506.06 93.662 113.99 4.6141 1
496.58 515 38.98 32.986 3.1794 1
410.76 444.24 38.059 50.048 3.9369 1
147.33 387.43 131.13 46.599 4.8806 1
515.33 497.93 36.487 41.793 3.6893 1
188.12 147.27 302.52 132.42 4.7458 1
530.42 520.36 36.268 35.968 1.91 1
315.51 303.04 13.989 1.4613 3.5617 1
182.89 1.5417 1.7669 18.206 3.971 1
609.31 602.58 40.066 41.367 3.6818 1
307.8 314.12 1.6894 8.9677 3.0825 1
613.84 611.05 26.867 38.043 3.6386 1
475.43 287.85 256.71 396.6 7.9639 1
452.88 490.38 40.766 40.951 3.8737 1
497.41 487.88 44.737 51.627 4.3342 1
1.5735 161.56 14.781 0.89908 3.9116 1
487.88 460.39 43.974 43.461 2.5696 1
516.56 539.02 43.372 46.201 2.315 1
464.24 450.25 55.979 53.578 3.9074 1
499.46 448.9 74.282 58.587 3.8276 1
455.39 511.58 57.838 74.287 3.2193 1
628 624.07 2.3229 10.346 3.9399 1
516.8 527.09 32.097 0.95328 9.8659 1
450.51 433.06 56.158 51.005 7.0561 1
281.93 188.19 398.86 302.57 6.6479 1
462.83 449.08 42.754 47.744 3.4107 1
510.25 497.8 49.684 46.944 2.9789 1
609.05 639.2 48.439 52.305 4.6736 1
531.73 500.02 82.455 74.227 3.224 1
542.06 530.81 40.264 36.7 8.7188 1
548.46 544.54 15.231 33.238 8.55 1
432.29 423.67 51.889 46.05 4.8732 1
639.19 596.6 56.228 49.295 4.3615 1
551.38 546.53 1.1302 15.758 3.9528 1
500.58 511.8 44.487 47.117 2.5096 1
583.11 597.31 27.68 44.596 3.2157 1
23.755 36.262 5.6949 0.71309 3.9464 1
389.09 499.14 47.978 86.59 3.8491 1
620.15 613.84 20.219 29.307 5.2192 1
587.08 573.52 37.234 19.587 3.433 1
606.89 610.73 18.872 3.8961 4.4999 1
602.47 605.13 34.046 20.327 4.9087 1
508.79 511.66 71.583 49.13 8.1012 1
549.15 526.61 47.753 48.179 2.5704 1
567.67 613.83 119.74 135 3.2234 1
638.95 565.87 147.16 122.66 2.842 1
280.23 262.25 394.27 219.06 4.7809 1
42.963 23.073 3.0991 10.881 6.0735 1
587.97 577.72 20.023 17.192 4.8197 1
603.12 592.28 6.8456 12.809 6.5718 1
152.86 164.31 141.63 189.08 2.0949 1
564.14 585.63 31.569 36.827 2.6477 1
605.6 572.9 100.7 92.765 2.7599 1
617.41 621.83 12.648 3.5828 3.9186 1
575.35 623 90.467 101.05 3.3898 1
621.69 606.55 103.82 100.75 2.4312 1
22.864 1.6167 10.159 9.9421 1.4666 1
589.15 577.87 48.127 49.083 1.8661 1
591.69 604.18 16.004 17.31 3.2659 1
570.54 589.24 56.142 52.143 3.5823 1
586.62 571.62 56.617 59.11 2.2613 1
575.2 588.03 10.798 9.7376 5.6011 1
571.61 590.37 45.15 45.49 2.7035 1
234.05 260.99 196.73 216.25 2.7579 1
489.99 494.61 169.04 147.98 1.4887 1
559.15 532.83 85.193 82.027 1.8849 1
505.58 473.05 98.285 114.48 1.25 1
495.34 500.98 145.37 120.51 1.5584 1
616.4 639.26 136.03 143.73 1.9943 1
622.77 626.2 69.849 58.504 4.8949 1
