532.91 505.38 97.416 245.14 4.8903 1
135.37 574.12 478.99 478.98 1.2565 1
538.64 533.85 68.776 92.568 4.9182 1
638.98 638.98 411.63 146.63 1.2513 1
433.64 472.66 9.7093 19.942 3.7664 1
492.15 447.98 28.457 16.261 4.236 1
531.75 565.58 36.101 30.362 3.8627 1
572.3 592.86 21.203 14.091 3.8645 1
247.66 536.97 186.09 68.716 4.926 1
565.43 542.47 33.108 38.737 3.9398 1
212.47 163.44 275.49 106.1 4.5174 1
599.36 572.92 16.126 24.276 3.9518 1
519.16 530.39 33.862 35.229 2.7836 1
542.9 524.13 38.384 38.623 3.9403 1
407.94 421.55 1.2053 3.3655 1.685 1
447.53 392.43 16.464 -0.9329 4.8296 1
473.1 512.75 19.712 33.253 3.4612 1
487.87 538.75 50.399 67.735 3.9528 1
163.72 418.39 105.53 24.505 5.3596 1
619.16 600.37 16.261 16.024 5.0469 1
506.34 280.67 247.06 376.21 9.4636 1
421.82 433.14 3.6643 8.519 2.9578 1
283.5 277.89 367.83 359.11 9.0126 1
572.61 563.26 27.376 32.347 4.932 1
580.36 522.54 60.425 44.072 3.4752 1
518.61 597.49 39.708 61.763 3.9079 1
562.86 526.6 25.885 26.607 4.0973 1
524.09 566.62 23.61 22.77 3.7246 1
626.69 619.3 18.001 17.542 9.0431 1
596.5 621.64 24.618 26.357 3.137 1
587.88 572.96 31.581 28.702 3.4454 1
630.92 627.68 1.2058 16.317 5.0593 1
595.18 602.97 14.589 0.3132 10.375 1
275.85 212.73 360.34 275.8 5.6507 1
281.01 245.3 356.75 184.4 4.784 1
165.29 39.016 1.0262 19.632 4.3487 1
575.47 589.24 26.07 28.442 3.2712 1
0.83831 67.651 13.427 1.6095 11.865 1
81.4 1.4519 3.1102 20.845 5.2896 1
418.5 454.05 24.522 38.066 4.0047 1
611.65 579.34 66.494 60.491 3.6335 1
38.763 1.3212 19.883 27.663 4.0371 1
117.76 141.45 4.504 1.5104 3.1209 1
105.32 115.35 6.0222 5.1084 2.3763 1
635.16 622.87 25.829 29.117 2.6107 1
86.573 102.74 8.6912 6.7394 2.7394 1
1.2843 85.488 23.455 8.5115 3.6503 1
107.86 85.387 3.2202 2.51 2.9725 1
244.83 166.74 184.69 109 4.1019 1
585.51 589 56.452 33.912 10.456 1
168.98 184.26 114.17 166.59 1.9466 1
622.85 599.12 28.674 28.01 1.9132 1
511.78 528.98 192.9 100.35 2.1957 1
636.68 612.8 68.568 66.059 1.8331 1
505.13 510.73 229.08 199.19 1.6135 1
