286.12 291.46 350.44 182.79 5.0491 1
638.98 638.99 412.87 147.87 1.2582 1
523.37 509.18 184.63 233.78 5.7074 1
508.99 458.43 234.08 394.76 4.7185 1
291.51 291.95 181.64 154.13 3.7697 1
136.62 574.12 479.01 478.97 1.2791 1
456.45 285.2 394.83 352.32 6.3062 1
291.4 371.22 153.68 52.291 4.0321 1
514.3 520.78 72.938 182.92 4.3374 1
293.91 519.32 154.1 194.28 4.68 1
554.11 571.66 8.4165 7.9677 4.0683 1
582.88 611.63 6.6752 5.4511 4.5442 1
371.58 512.83 51.965 71.932 3.888 1
531.61 554.07 9.8964 9.01 4.7004 1
384.24 400.5 197.51 202.48 4.3172 1
405.15 368.04 199.86 188.59 3.1184 1
397.78 377.73 231.95 225.86 3.0124 1
444.12 406.58 201.64 200.14 2.598 1
355.37 422.87 13.904 13.721 1.389 1
382.96 395.59 231.3 234.56 2.4588 1
285.92 288.7 374.2 354.07 7.8132 1
437.88 402.88 233.33 233.53 2.6743 1
294.14 289.06 186.63 349.12 2.5379 1
475.33 295.32 220.61 185.64 2.637 1
391.52 373.87 292.05 287.63 2.7289 1
415.33 395.32 341.26 343.7 3.2683 1
367.9 334.14 16.417 17.24 4.3275 1
497.27 445.85 38.168 17.91 3.0688 1
386.63 409.13 345.9 345.82 1.332 1
404.12 436.63 236.42 236.34 1.327 1
426.61 409.02 291.4 292.5 3.3514 1
596.62 571.61 36.575 37.337 2.9554 1
294.67 294.56 156.63 180.38 1.3571 1
470.23 302.82 194.91 163.14 2.3545 1
606.62 639.13 26.679 29.023 2.4818 1
295.37 355.31 182.91 194.44 2.4079 1
421.63 369.12 15.985 16.033 1.2971 1
291.35 288.76 371.71 363.38 4.4035 1
400.28 424.07 202.73 204.78 2.9193 1
352.85 415.28 175.51 187.13 2.5734 1
454.62 452.22 396.36 414.37 7.0185 1
516.82 499.19 42.978 39.966 4.3592 1
509.15 514.6 222.88 204.26 1.551 1
570.39 541.45 36.775 40.149 4.3038 1
407.86 421.7 296.49 294.7 2.3192 1
499.12 506.74 255.37 230.41 1.3595 1
512.9 472.88 202.73 195.36 1.7462 1
534.18 517.73 41.046 42.324 2.9636 1
639.08 606.61 32.142 29.335 2.1064 1
405.39 392.87 292.62 291.75 1.8519 1
514.91 508.46 9.296 38.981 3.1335 1
