137.87 574.12 478.99 478.98 1.2613 1
638.98 638.99 412.87 150.37 1.2582 1
574.76 567.68 47.314 70.812 5.8509 1
566.1 538.23 76.117 173.34 5.1841 1
538.25 524.08 173.88 223.76 4.5914 1
194.57 436.25 73.095 0.39298 4.7878 1
231.13 195.78 246.46 80.555 4.5552 1
525.61 316.75 224.21 344.35 8.4856 1
293.18 575.3 158.64 45.811 6.2679 1
512.66 493.42 10.79 0.59734 5.2015 1
310.22 230.9 346 246.96 6.3957 1
531.72 569.24 10.831 8.7355 4.999 1
501.77 524.2 1.114 7.6261 3.6012 1
466.86 575.09 4.7361 44.89 4.6302 1
539.06 599.19 18.087 36.397 3.7445 1
574.44 536.87 11.879 16.232 5.9208 1
309.07 291.15 341.63 161.55 3.8266 1
547.97 520.16 25.162 13.381 4.7402 1
616.43 547.35 44.794 24.66 4.5473 1
585.77 574.03 2.8808 10.915 5.9184 1
597.83 585.26 8.1726 6.0808 4.3148 1
572.89 530.31 1.8595 4.265 4.9215 1
199.51 207.94 82.794 122.86 1.9958 1
594.15 599.84 32.535 12.032 9.8999 1
271.53 236.85 140.48 110.12 2.2333 1
