460.44 435.48 171.43 320.39 4.1667 1
638.98 639 411.62 149.12 1.2651 1
139.12 574.12 479.01 478.98 1.2739 1
201.62 211.66 14.038 13.32 4.0082 1
335.76 459.97 46.232 172.03 4.481 1
268.51 261.51 10.678 15.203 4.5065 1
284.24 273.99 19.396 23.819 3.129 1
296.56 293.04 1.166 11.245 4.0103 1
435.3 300.18 321.41 367.3 8.8859 1
24.797 50.904 93.318 82.959 4.6663 1
272.95 252.93 24.771 25.557 3.4526 1
46.946 44.503 43.904 26.572 4.9511 1
30.43 1.3071 1.8469 9.0982 6.357 1
34.833 47.635 1.2694 26.746 2.8344 1
48.998 54.634 29.184 41.39 2.6198 1
252.83 270.35 27.368 28.334 2.1518 1
125.39 163.04 27.924 17.213 5.659 1
61.79 57.718 47.846 24.958 5.4437 1
208.31 247.73 72.658 152.33 4.1416 1
76.122 84.739 11.798 36.844 7.206 1
218.14 194.55 16.208 24.15 7.5068 1
53.783 49.715 18.12 12.452 3.2022 1
234.16 218.82 209.36 131.44 3.8231 1
153.24 124.55 24.493 31 3.4808 1
1.5064 21.541 97.206 93.653 3.6924 1
37.92 20.427 95.955 97.301 6.4234 1
270.06 296.56 28.057 20.162 3.7214 1
45.277 53.019 55.296 45.73 3.6081 1
219.29 207.75 133.09 73.905 3.6193 1
52.844 44.488 30.391 13.941 2.3359 1
287.75 282.1 268.04 221.42 3.7576 1
298.51 293.42 364.31 347.71 7.9033 1
260.42 286.71 60.633 55.862 3.4665 1
280.64 354.98 220.17 201.32 3.9759 1
68.602 74.599 1.9338 12.084 5.5765 1
55.637 42.052 81.973 92.193 4.9851 1
287.68 335.57 55.602 46.39 3.6825 1
162.77 179.27 17.049 18.055 6.3145 1
21.769 1.4632 99.145 101.45 5.9285 1
70.412 86.57 55.488 50.206 2.0335 1
191.79 161.76 25.6 20.779 3.4139 1
177.75 191.6 19.668 22.976 2.7219 1
86.345 70.786 47.343 41.277 2.1584 1
291.12 233.04 348.08 207.07 4.9644 1
107.79 89.506 24.282 14.652 3.1412 1
164.12 209.13 8.6325 8.9076 2.6069 1
57.983 53.304 41.575 31.427 1.8352 1
296.86 287.86 346.74 268.98 3.5712 1
18.441 38.667 79.097 68.27 3.8502 1
42.692 38.538 11.027 1.8922 2.6668 1
184.15 161.58 10.895 12.133 3.0436 1
55.415 67.926 3.3211 2.1912 3.9597 1
143.32 89.248 74.645 88.36 3.2749 1
250.41 208.11 63.054 70.452 3.9424 1
111.37 104.02 17.989 1.67 3.0786 1
160.49 153.72 22.025 23.933 2.592 1
69.152 39.13 93.107 96.671 2.8626 1
265.58 287.29 30.184 53.507 2.4917 1
114.4 117.64 1.3083 16.932 3.9728 1
47.212 22.725 68.915 80.045 3.621 1
96.794 140.48 83.517 72.04 2.7969 1
162.56 149.45 10.866 2.3777 2.8928 1
283.47 263.69 54.735 33.374 2.8194 1
432.86 456.59 317.87 176.62 2.171 1
40.597 1.2384 23.737 33.874 7.2995 1
121.8 99.478 48.297 57.482 2.3119 1
355.29 449.11 201.32 176.58 2.7361 1
45.378 59.143 92.911 91.862 1.8162 1
99.181 116.88 54.268 47.27 2.5412 1
71.641 61.505 59.029 57.353 2.4665 1
430.31 404.21 1.437 10.63 2.1437 1
327.88 345.38 17.875 17.875 1.25 1
21.606 34.079 13.722 13.142 2.6135 1
96.623 109.12 26.464 26.336 1.3137 1
431.6 406.6 147.9 122.9 1.25 1
15.354 1.4251 18.223 17.363 6.2381 1
344.16 327.88 19.848 20.578 1.4168 1
455.38 436.63 171.63 152.88 1.25 1
