137.87 572.87 479.02 478.97 1.2892 1
638.99 638.98 411.63 149.13 1.2606 1
202.03 149.85 286.1 122.25 4.6442 1
345.17 201.81 330.77 286.04 9.8229 1
150.61 268.57 122.01 14.761 7.6522 1
409.71 347.74 191.19 330.32 6.8796 1
152.69 344.05 123.67 168.18 5.723 1
441.61 422.94 23.216 159.3 5.9007 1
358.47 443.45 142.47 5.4302 9.0738 1
423.46 409.66 158.34 192.07 6.5717 1
345.53 346.23 170.37 325.38 2.7214 1
444.84 441.22 11.505 27.502 4.7607 1
156.55 195.73 131.65 256.51 1.8964 1
437.9 424.13 2.4165 1.6185 1.6816 1
523.53 527.11 29.026 7.7462 2.4456 1
