136.62 574.12 478.99 478.98 1.262 1
638.97 638.99 412.87 147.87 1.2618 1
449.47 458.64 149.36 135.89 3.4734 1
442.53 451.19 200.14 187.57 3.2267 1
452.26 460.54 122.33 113.02 3.004 1
132.76 444.12 109.32 134.13 6.3814 1
175.46 130.38 274.67 109.69 6.8061 1
463.06 451.8 135.5 152.15 4.4771 1
465.27 455.05 112.79 124.9 4.1196 1
454.86 447.92 187.57 199.15 3.6462 1
451.28 442.86 103.14 171.93 6.9889 1
443.05 427.92 173.03 308.99 6.4647 1
444.57 444.21 234.11 220.37 3.8148 1
449.62 444.51 222.7 244.22 4.1632 1
456.47 452.38 67.694 99.384 6.7184 1
448.05 440.81 199 204.68 3.9321 1
450.38 454.94 171.62 187.64 5.1613 1
461.5 464.11 101.65 113.58 5.2667 1
450.65 447.14 187.42 175.59 5.0169 1
459.26 460.96 127.64 137.56 4.2747 1
456.05 452.86 137.62 129.13 4.6788 1
443.35 448.48 213.27 223.21 4.0113 1
247.85 456.49 57.069 67.97 6.1763 1
445.9 183.18 316.73 279.5 9.51 1
444.64 436.58 238.26 249.09 3.5184 1
446.7 367.95 6.9531 0.6382 3.3852 1
366.62 330.38 1.7707 1.5484 1.273 1
458.04 561.81 4.089 17.678 4.0575 1
485.47 447.73 12.029 7.9377 3.2191 1
562.84 639.13 18.164 19.984 3.274 1
580.44 487.74 24.921 12.649 4.0107 1
180.34 135.41 117.1 113.69 2.0199 1
639.16 581.6 25.292 23.839 3.1298 1
153.07 177.9 90.628 71.654 2.0994 1
454.01 438.07 308.52 311.43 4.3627 1
224.11 182.91 120.6 117.39 2.1202 1
135.38 150.39 104.13 92.897 1.7497 1
