269.89 244.56 331.3 172.61 4.8333 1
638.98 638.99 411.62 149.12 1.2558 1
137.87 574.12 479.01 478.97 1.2862 1
560.93 522.35 93.634 246.49 4.4954 1
514.15 511.38 1.4899 26.597 4.4197 1
485.51 490.1 26.648 1.1252 8.9306 1
1.4085 47.675 11.979 0.79656 4.7794 1
245.61 421.68 170.75 59.215 6.2642 1
408.64 562.65 242.39 90.175 6.3894 1
523.92 397.98 247.16 409.2 6.1022 1
393 269.49 410.74 331.05 8.7437 1
280.63 260.18 21.617 5.3041 4.6761 1
325.26 286.36 28.727 23.626 4.1449 1
258.23 283.7 -0.53011 18.447 4.9726 1
474.91 458.53 29.968 48.602 4.3225 1
574.49 566.51 1.4015 32.847 4.5943 1
246.24 336.34 172.47 213.5 4.9054 1
1.3928 123.07 46.632 23.901 3.7942 1
286.6 280.62 23.006 21.739 3.6686 1
146.86 103.86 21.348 31.797 3.78 1
102.98 1.3537 30.912 50.195 3.7657 1
559.01 563.41 26.339 5.2267 4.4911 1
455.38 471.22 46.356 26.038 4.3945 1
285.08 333.1 18.374 26.582 4.6017 1
61.465 1.5105 0.99465 16.173 3.9115 1
391.45 319.01 43.797 29.7 5.2456 1
259.18 224.11 4.7718 1.7526 4.5283 1
333.23 421.02 27.329 44.623 7.1907 1
124.12 184.05 24.104 5.1443 3.5394 1
247.81 261.91 173.93 260.33 2.3667 1
421.66 391.66 52.747 43.994 4.8509 1
458 432.6 48.445 54.143 3.9327 1
203.55 147.42 4.534 19.969 4.0073 1
511.81 495.01 26.591 24.143 9.7398 1
222.99 203 2.4824 5.0957 3.4991 1
479.85 484.44 59.048 27.738 5.6395 1
425.54 456.87 48.75 42.926 7.0585 1
471.02 484.44 26.705 19.742 5.1793 1
455.34 427.89 37.613 41.694 3.3416 1
556.55 436.59 89.406 58.006 8.457 1
184.31 205.31 5.1428 1.2759 3.3326 1
425.96 432.86 37.926 34.091 2.9147 1
518.08 512.16 28.79 38.211 2.4288 1
605.49 628.44 27.656 39.248 4.5181 1
400.66 398.71 334.15 355.34 1.9184 1
407.27 404.91 251.57 277.83 2.266 1
398.65 396.89 359.09 380.29 2.1783 1
434.06 464.12 32.665 31.406 1.8728 1
336.67 406.51 214.03 245.63 2.8191 1
404.22 402.16 290.38 312.92 2.4917 1
566.58 564.12 36.2 43.714 3.9528 1
