638.98 639 411.62 149.12 1.2641 1
139.12 572.87 479.01 478.97 1.2817 1
477.48 474.2 34.892 54.555 5.7485 1
473.77 449.81 55.315 199.03 5.9581 1
173.56 113.85 273.9 97.123 5.7493 1
279.89 174.01 357.85 273.33 7.618 1
452.75 286.39 199.15 355.29 11.369 1
251.88 478.18 178.86 30.249 9.8564 1
114.18 326.85 98.188 -0.58906 8.7275 1
198.01 248.96 147.64 176.92 3.8251 1
380.72 426.51 0.39644 13.3 5.928 1
428.08 458.02 0.67096 7.197 3.0218 1
457.57 407.94 14.057 1.3578 3.6615 1
275 273.21 331.67 317.83 1.4376 1
254 252.5 195.39 182.77 2.3352 1
272.29 269.41 312.95 290.5 2.5121 1
264.79 262.43 264.21 247.94 1.6696 1
257.07 255.78 215.44 200.34 1.777 1
261.76 258.31 245.54 221.56 2.2965 1
