139.12 574.12 479 478.97 1.2697 1
638.98 638.98 412.87 146.62 1.251 1
210.42 174.89 291.62 106.24 5.352 1
583.66 504.22 232.52 412.92 5.6994 1
501.08 280.68 415.45 323.9 9.3055 1
613.69 585.69 103.76 232.94 6.5953 1
284 613.64 33.451 103.9 5.0039 1
175.57 283.43 105.03 33.716 4.455 1
220.41 207.7 296.52 292.12 5.0479 1
34.167 24.099 11.735 12.045 3.2773 1
280.61 217.19 323.57 297.25 10.87 1
177.86 584.31 106.67 223.47 4.0995 1
1.1028 81.094 82.338 103.62 3.8452 1
72.817 1.368 105.59 86.328 3.6844 1
81.206 46.944 104.66 124.67 3.6013 1
1.0815 70.292 146.95 106.48 3.486 1
22.861 67.779 59.086 42.615 2.3867 1
46.624 26.655 125.37 136.68 2.9352 1
91.962 123.21 36.218 23.709 2.0935 1
24.825 2.6848 138.2 151.3 2.9861 1
139.3 110.37 16.952 32.863 2.5746 1
124.16 147.1 22.925 7.3263 2.1905 1
109.15 77.752 32.948 43.768 2.3636 1
70.491 91.481 42.035 36.116 2.2209 1
155.29 139.93 2.7803 16.29 2.4764 1
19.155 6.6262 9.9639 10.409 2.0065 1
