466.64 487.98 32.978 29.858 3.3489 1
638.98 638.99 411.62 149.12 1.2618 1
489.28 464.27 32.422 37.369 3.4497 1
137.87 574.12 479.01 478.97 1.2824 1
333.29 399.23 0.048209 17.483 4.3053 1
356.78 315.57 8.3096 0.57298 4.3726 1
498.04 517.61 17.074 9.6688 3.9825 1
422.14 357.68 25.568 11.253 5.0251 1
515.62 500.26 13.438 20.11 3.4396 1
402.53 581.33 213.68 74.995 5.5656 1
400.05 422.79 16.785 21.997 3.4524 1
431.21 465.37 26.256 32.909 4.3015 1
247.11 442.54 136.32 35.969 4.3584 1
454.17 475.38 23.125 19.132 3.5259 1
499.91 489.85 23.588 32.263 3.7876 1
479.21 456.62 22.23 25.341 3.3295 1
271.81 249.21 297.67 137.33 7.8088 1
422.96 430.8 22.645 25.408 3.2549 1
122.68 1.5189 0.20936 17.114 4.0598 1
450.33 422.42 35.513 26.824 5.2809 1
545.48 515.43 16.012 14.387 10.12 1
512.77 499.12 27.365 25.409 2.8294 1
547.23 542.87 0.93308 12.873 7.157 1
394.11 384.21 380.47 385.66 5.3926 1
572 545.95 101.87 189.67 6.7426 1
387.18 271.31 382.92 297.85 8.2253 1
581 570.86 77.101 101.61 7.4884 1
523.3 393.2 247.01 380.69 5.711 1
537.7 524.16 222.78 246.64 7.1111 1
1.5584 98.962 13.634 0.42456 3.8006 1
609.68 607.62 1.2542 12.053 5.8475 1
639.18 595.37 27.357 22.913 3.839 1
547.3 501.09 66.047 52.164 7.0745 1
546.36 536.45 189.53 222.06 5.9319 1
517.83 540.35 20.775 23.086 2.2318 1
500.47 466.46 51.257 42.257 4.3353 1
491.65 480.3 23.61 23.018 2.5617 1
604.09 639.18 21.008 23.213 4.1345 1
476.59 492.94 19.447 20.978 2.839 1
465.44 511.73 38.846 49.941 3.4053 1
579.84 547.68 74.839 66.084 5.0518 1
465.64 450.28 42.37 34.403 4.5215 1
501.69 513.04 22.513 24.4 2.6745 1
586.72 620.45 64.876 71.232 3.2222 1
21.035 7.909 4.8598 9.2271 5.1389 1
565.37 587.91 31.601 28.07 2.5161 1
591.75 565.6 29.73 35.201 2.3906 1
590.36 575.4 21.566 24.258 2.4605 1
253.22 400.25 138.45 214.38 5.3441 1
615.26 586.55 73.492 68.309 2.6823 1
546.64 530.31 24.249 26.093 2.6245 1
621.54 584.14 108.19 97.819 2.2065 1
584.38 610.48 94.388 101.21 2.6794 1
508.87 514.38 47.145 26.361 6.7544 1
567.88 589.13 19.825 19.662 1.3944 1
558 578.01 6.8306 9.2066 2.8397 1
27.561 20.898 1.1461 5.5165 4.5068 1
555.39 540.38 60.168 59.087 1.7857 1
