638.97 638.98 412.87 146.62 1.2617 1
137.87 575.37 479 478.97 1.2765 1
175.97 155.79 329.06 135.2 5.0237 1
203.95 515.2 49.345 86.819 5.0258 1
569.54 483.27 180.62 359.36 5.8986 1
166.67 184.86 104.17 84.729 5.1831 1
155.74 167.89 135.44 113.44 4.8375 1
515.51 569.97 87.265 181.86 4.565 1
184.52 203.49 83.651 49.468 4.0057 1
483.3 473.88 360.09 357.5 4.6089 1
166.84 169.63 113.21 101.16 4.9594 1
178.72 171.13 95.126 107.57 2.8351 1
184.21 171.57 331.11 331.66 4.4241 1
306.89 182.06 345.09 333.27 12.151 1
158.95 566.6 135.66 181.82 4.8082 1
470.82 307.01 360.66 345.07 9.2951 1
480.34 397.96 85.649 75.903 1.9756 1
162.43 168.3 169.04 224.08 2.0045 1
611.65 601.78 1.0748 23.075 8.5361 1
160.53 161.95 145.36 164.1 1.25 1
168.81 170.07 227.9 245.4 1.5142 1
395.38 380.41 75.298 73.782 1.6214 1
602.35 595.11 23.714 40.793 7.5318 1
175 177.92 214.16 249.12 1.7651 1
169.52 171.88 160.33 182.85 2.0944 1
168.99 168.2 181.63 170.35 1.7698 1
