270.01 270.85 125.44 99.14 4.5192 1
261.95 269.8 290.45 130.41 4.6879 1
638.98 638.99 412.87 147.87 1.2532 1
140.37 575.37 479.01 478.97 1.2828 1
405.21 261.47 369.43 290.66 6.3368 1
271.43 426.1 97.484 20.584 4.2606 1
272.68 469.8 98.368 175.6 5.0911 1
416.17 407.47 350.03 369.64 9.6475 1
459.71 440.99 208.06 266.42 4.7163 1
467.28 460.78 185.16 203.02 3.2 1
566.69 502.11 64.151 224.82 4.8442 1
440.75 413.53 266.75 348.09 4.3974 1
255.48 265.67 310.9 294.77 7.6756 1
502.04 419.88 224.83 351.3 6.1288 1
382.73 351.54 164.71 156.95 3.3243 1
426.43 566.58 21.036 61.771 4.1865 1
346.35 375.5 158.78 167.47 3.3646 1
375.12 341.36 197.47 187.54 3.1041 1
261.95 261.67 321.66 302.86 8.7673 1
273.78 272.64 106.6 124.11 1.7349 1
350.52 371.72 193.63 200.07 2.6491 1
267.32 265.11 241.6 289.11 2.1491 1
272.57 267.8 131.61 236.62 2.4412 1
361.63 333.95 255.35 245.89 2.7109 1
338.97 357.67 250.84 257.23 2.0224 1
355.1 329.02 304.91 295.66 2.4315 1
382.81 370.23 258.27 256.33 2.0362 1
327.74 350.31 298.24 306.8 2.3378 1
336.42 317.74 184.36 168.03 2.8233 1
328.9 311.36 243.1 225.64 2.6724 1
305.72 275.35 144.56 131.69 2.5176 1
286.15 345.45 132.75 157.7 2.908 1
338.17 321.58 150.01 136.69 3.3226 1
639.27 579.01 35.111 1.8383 2.8605 1
427.72 306.31 194.5 144.9 2.5888 1
465.6 369.07 183.54 145.51 2.5011 1
402.79 390.41 169.64 167.64 2.5069 1
317.27 306.84 288.35 275.21 2.5331 1
315.23 330.43 224.97 227.56 2.4925 1
258.02 257.22 324.22 315.32 6.2251 1
455.77 434.13 205.68 196.62 2.1186 1
405.3 397.94 371.91 382.01 7.2595 1
358.1 394.19 143.6 158.97 1.9815 1
326.63 346.65 136.56 138.95 1.529 1
470.61 466.18 187.95 201.48 1.6194 1
322.8 336.52 168.29 170.91 2.69 1
519.39 484.18 119.36 160.42 1.4905 1
