303.42 319.32 306.77 110.39 4.8417 1
638.99 638.98 412.88 147.88 1.2629 1
545.44 472.82 131.2 334.91 6.368 1
319.52 317.98 110.5 100.36 3.2702 1
137.87 574.12 479 478.98 1.268 1
305.11 303.2 319.54 306.76 8.1557 1
318.72 349.69 103.61 3.0486 4.3197 1
490.79 545.92 19.537 131.38 5.5742 1
474.41 308.94 334.56 311.74 8.8844 1
321.35 542.99 102.5 130.72 6.6735 1
322.45 306.36 110.34 305.35 2.5579 1
350.22 490.45 2.8856 19.758 4.357 1
467.94 467.39 335.38 355.36 9.8242 1
421.51 393.11 139.5 130.86 3.3787 1
461.64 427.84 142.62 141.27 2.4483 1
441.54 422.87 235.31 236.53 2.8196 1
454.12 421.61 175.82 175.29 2.9099 1
396.66 409.09 136.52 140.47 2.7611 1
426.75 411.75 286.12 288.64 2.2583 1
349.12 325.32 139.14 135.8 2.1504 1
307.56 305.38 337.94 327.61 2.446 1
464.07 458.49 354.46 362.43 4.1875 1
