215.53 266.88 11.718 18.465 4.5683 1
252.81 207.72 19.643 14.106 4.1357 1
638.99 638.98 411.63 149.13 1.2581 1
140.37 574.12 479 478.98 1.2727 1
194.86 214.74 2.6209 12.859 4.6126 1
267.71 327.95 20.362 28.599 3.9911 1
305.57 260.04 28.876 22.97 5.0256 1
206.84 188.38 13.813 0.89808 3.9917 1
352.82 306.64 39.36 27.811 4.8556 1
328.02 351.61 29.647 34.212 2.8896 1
236.45 203.86 326.92 171.16 5.8053 1
566.47 577.01 21.315 23.104 8.6486 1
369.59 235.27 391.9 328.09 8.8074 1
351.74 381.78 34.814 33.098 4.6354 1
507.88 484.08 16.565 14.672 2.4359 1
572.98 557.88 29.474 29.005 7.6517 1
389.12 369.06 34.114 38.838 4.0787 1
384.34 358.72 47.012 40.776 4.0027 1
575.99 585.48 17.884 22.648 5.5945 1
491.62 527.86 12.91 13.706 3.859 1
264.09 251.71 21.955 20.731 4.7297 1
580.7 573.7 28.901 29.916 7.0814 1
431.6 385.2 53.076 46.656 3.2007 1
367.81 412.89 40.79 47.764 2.9552 1
367.85 396.64 21.526 21.066 2.4997 1
436.59 414.02 12.12 13.197 10.048 1
382.43 391.51 32.173 26.447 4.1149 1
203.44 351.41 171.5 58.847 6.892 1
407.61 503.46 195.16 73.602 6.966 1
407.86 394.15 25.534 23.949 2.627 1
501.58 388.07 71.89 50.574 4.3777 1
389.16 371.64 23.596 24.383 3.0024 1
396.35 412.41 14.713 8.0022 4.5273 1
540.19 575.26 7.2014 18.238 3.3774 1
417.87 432.88 19.465 19.568 1.3533 1
412.97 397.7 11.836 18.737 2.9018 1
498.63 474.93 95.012 209.03 6.3393 1
527.76 541 14.606 17.685 7.8714 1
549.17 535.64 12.714 9.3245 2.127 1
397.84 388.56 26.582 33.759 3.6392 1
557.84 540.36 29.018 28.442 3.7068 1
206.79 380.1 172.39 232.41 3.9942 1
373.55 355.2 23.916 31.176 4.4321 1
476.56 457.67 210.21 252.78 7.7334 1
355.22 366.85 26.175 22.295 3.5605 1
537.57 522.32 23.309 16.359 3.7149 1
457.39 374.82 250.83 388.54 7.5023 1
504.24 498.2 77.476 94.679 6.0214 1
521.63 501.61 16.932 17.347 2.7583 1
504.2 472.7 61.094 56.57 2.8233 1
444.22 470.45 2.5409 4.1584 3.1877 1
479.17 506.58 54.982 58.243 2.4825 1
1.5099 23.966 27.228 23.233 3.4204 1
380.67 371.77 234.14 387.96 3.6305 1
594.3 536.61 105.62 95.434 2.7495 1
55.273 1.5191 21.137 32.368 4.0905 1
540.37 586.7 92.888 101.23 2.2388 1
541.52 557.85 15.247 16.838 2.8516 1
25.964 79.313 23.55 7.2388 3.9213 1
117.33 55.209 -0.064294 19.858 4.2237 1
409.54 411.43 45.419 27.589 6.7422 1
456.63 475.39 13.454 13.227 2.4696 1
435.38 419.12 22.19 22.244 2.5333 1
532.76 504.06 94.77 89.471 2.0988 1
454.39 476.71 26.414 20.687 2.3892 1
80.206 100.17 5.9687 0.83421 2.7673 1
592.54 599.38 37.033 21.738 5.8259 1
505.36 532.87 86.719 91.672 1.7959 1
589.51 602.48 100.5 60.653 3.4532 1
600.78 595.26 86.356 103.69 3.2461 1
462.87 436.6 54.335 53.614 1.3868 1
608.28 601.23 63.004 85.249 2.645 1
