243.1 246.64 275.41 114.15 5.0954 1
246.58 246.9 109.14 82.878 3.873 1
638.97 638.99 414.12 147.87 1.2627 1
137.87 575.37 479.01 478.97 1.2812 1
375.43 242.65 359.03 275.01 4.8698 1
247.37 422.08 81.617 11.511 4.1305 1
248.85 432.64 82.246 164.64 4.6012 1
510.35 495.46 183.38 219.67 4.1812 1
560.47 510.44 58.66 182.9 4.2794 1
322.65 345.66 147.36 154.46 3.8632 1
350.37 310.09 186.64 173.76 2.8571 1
422.48 560.08 11.583 56.27 3.7692 1
356.57 321.28 153.09 144.24 3.3408 1
325.33 349.12 181.78 189.16 2.5562 1
493.17 477.68 223.12 241.46 8.2327 1
423.34 378.26 197.65 356.73 3.992 1
341.32 309.12 245.02 234.13 2.8032 1
429.87 424.46 174.35 192.11 3.3805 1
238 247.1 289.26 280.79 8.0446 1
312.77 338.95 238.19 247.14 2.3348 1
239.96 242.36 304.06 287.62 9.8953 1
327.69 303.69 292.11 282.75 2.9819 1
477.59 398.9 241.6 336.23 6.1973 1
249.13 249.13 116.63 174.13 1.25 1
311.8 293.87 138.94 121.9 3.7124 1
305.37 326.46 286.64 294.57 2.3399 1
427.93 359.07 172.74 141.75 2.393 1
387.5 381.79 348.86 357.12 5.6115 1
250.12 249.36 92.863 109.08 1.831 1
436.25 422.9 170.27 216.63 2.5847 1
247.09 246.62 226.63 271.62 1.5227 1
311.88 291.56 173.9 154.2 3.6993 1
299.11 286.88 226.64 211.42 3.5147 1
248.46 246.89 176.65 220.38 1.9219 1
399.26 387.47 335.27 349.6 6.4145 1
291.47 282.33 272.98 259.49 3.139 1
421.61 251.32 196.66 116.02 2.6214 1
252.78 287.01 113.07 129.58 2.411 1
434.38 468.28 163.18 134.61 3.0721 1
639.35 611.9 17.493 1.1666 2.8162 1
356.59 332.69 140.46 129.53 1.7539 1
331.68 272.96 122.74 96.424 1.4951 1
344.33 381.92 157.42 174.74 1.9263 1
330.25 424.07 125.64 168 2.0191 1
386.5 419.39 176.88 192.32 1.9852 1
286.47 299.24 260.06 262.17 2.6701 1
295.24 307.87 153.41 156.64 3.0122 1
299.07 315.53 122.14 123.98 4.2825 1
288.82 304.13 210.41 214.09 2.9685 1
354.08 334.24 132.98 123.88 1.25 1
521.46 558.69 90.174 58.84 2.7745 1
350.57 361.04 175.19 185.95 1.8896 1
345.37 360.24 137.88 145.63 1.7339 1
359.35 367.61 147.61 154.44 2.2644 1
