638.98 638.98 412.88 146.63 1.257 1
137.87 575.37 479 478.97 1.2845 1
214.04 207.14 270.42 85.309 5.9199 1
342.25 563.1 178.81 90.944 4.9947 1
211.81 342.32 87.618 179.39 4.9057 1
564.7 498.29 90.836 252.53 4.8316 1
207.96 436.84 84.507 33.839 4.593 1
311.39 213.92 370.64 270.6 4.3351 1
498.87 361.55 253.15 342.76 8.7265 1
295.1 260.18 166.12 153.41 2.5668 1
291.59 264.01 196.72 186.95 2.3566 1
286.59 260.67 252.97 243.33 2.779 1
437.08 564.8 34.314 89.203 3.9673 1
319.75 306.79 369.1 375.71 9.5859 1
250.75 239.7 148.33 126.98 3.8256 1
244.77 240.48 170.15 157.84 2.823 1
244.09 240.08 226.99 212.96 3.778 1
270.27 291.56 191.94 199.33 2.2637 1
213.89 242.79 115.69 137.99 2.6573 1
242.87 239.84 274.13 260.22 2.5541 1
361.06 324.34 342.57 366.28 7.8969 1
283.64 257.89 301.5 290.34 2.4844 1
257.7 282.9 293.28 304.07 2.6255 1
257.91 245.01 185.35 170.69 3.3777 1
256.21 244.18 241.98 227.82 2.7647 1
213.14 214.35 172.86 196.61 1.8174 1
241.47 254.45 259.52 264.52 3.2319 1
240.7 212.46 139.95 118.41 2.7966 1
242.41 260.42 156.77 162.75 3.5617 1
242.39 258.03 125.42 131.22 3.3452 1
211.11 213.59 119.09 171.65 2.0954 1
348.82 323.77 185.33 346.57 2.9377 1
242.66 256.75 212.43 216.15 3.6257 1
251.3 243.19 285.59 273.5 2.441 1
204.11 216.27 287.91 276.17 9.054 1
609.01 586.47 20.899 16.106 4.5246 1
341.85 345.87 207.92 187.73 2.6962 1
619.15 639.2 18.851 20.832 1.5048 1
338.32 295.15 187.75 156.94 2.4638 1
339.35 286.69 181.3 144.03 2.0089 1
639.33 610.26 23.844 19.983 2.9815 1
247.1 263.28 227.45 242.53 2.4933 1
333.38 269.18 210.11 161.56 2.6052 1
258.89 246.14 223.4 217.71 2.4074 1
215.06 216.69 226.64 259.12 1.4367 1
210.71 210.92 96.62 110.39 1.441 1
293.95 273.82 155.62 140.79 1.9596 1
417.73 359.23 152.51 175.64 2.1085 1
215.38 215.38 199.13 219.13 1.25 1
252.96 216.27 260.28 225.76 2.4137 1
338.73 342.33 230.3 210.28 2.3638 1
264 337.88 130.55 184.11 2.1266 1
263.15 246.79 169.76 162.51 2.5446 1
217.59 258.13 223.18 261.36 2.1375 1
292.64 331.72 175.68 205.24 2.2625 1
335.33 338.72 254.12 231.75 1.8341 1
521.66 532.96 187.89 160.41 1.25 1
259.02 252.25 153.01 147.38 2.398 1
321.61 324.59 342.87 322.94 1.4214 1
238.88 227.5 196.91 187.05 1.3869 1
334.11 320.18 371.55 374.42 2.7965 1
259.23 241.68 214 199.06 1.4438 1
237.53 261.73 192.03 212.75 1.7625 1
322.91 339.17 158.88 161.31 1.4742 1
