468.17 442.86 166.2 296.62 5.4013 1
638.98 638.98 411.62 147.87 1.2545 1
639.13 627.87 29.108 29.064 5.0097 1
136.62 575.37 479 478.97 1.2747 1
474.25 467.98 137.35 165.67 6.3639 1
441.12 329.37 303.11 358.38 4.8896 1
331.37 472.31 179.53 137.69 4.7561 1
547.04 639.52 4.4652 22.061 6.0314 1
208.58 191.83 226.54 78.959 5.7525 1
195.66 331.19 80.444 179.26 5.8501 1
529.1 547.72 1.886 3.4565 4.3672 1
623.98 482.5 32.307 1.3896 11.153 1
538.1 510.25 30.649 27.819 4.848 1
96.328 101.39 6.3206 1.386 4.4533 1
329.01 213.7 365.48 235.75 7.8912 1
500.25 539 23.478 25.996 3.9358 1
415.6 391.78 202.54 208.5 2.4277 1
321.37 325.67 350.37 182.88 2.9754 1
194.02 310.65 77.237 58.293 6.0001 1
639.64 538.93 58.39 32.39 4.5646 1
409.67 391.74 292.7 301.85 2.3359 1
309.8 470.24 58.972 135.65 5.6391 1
327.67 325.21 206.62 306.62 2.2844 1
381.61 333.03 191.57 207.1 2.4775 1
412.77 395.41 177.31 180.56 1.9974 1
405.26 383.08 183.78 191.01 1.6807 1
462.77 425.28 147.53 158.8 2.1593 1
415.22 394.15 249.95 257.93 2.5314 1
330.92 392.83 204.62 185.24 2.9885 1
546.46 622.98 31.05 49.965 3.4084 1
448.01 455.8 254.15 212.95 2.0607 1
509.18 482.91 27.652 21.481 2.793 1
324.58 324.04 309.13 351.62 1.569 1
422.97 415.61 239.51 249.3 3.2528 1
390.62 406.64 304.71 297.92 2.3016 1
411.57 426.8 164.89 163.03 4.0263 1
409.13 427.96 190.41 189.21 2.5748 1
399.13 420.43 240.47 238.47 3.3095 1
404.11 414.15 282.62 281.94 2.7459 1
439.78 438.37 315.25 336.58 4.3174 1
439.51 443.44 299.2 277.98 1.3692 1
352.87 329.48 371.65 364.6 7.4116 1
456.1 463.38 210.52 174.23 1.4787 1
623.08 635.3 50.889 54.375 2.0612 1
326.88 327.46 355.4 321.64 3.7495 1
190.41 149.83 9.2055 25.239 4.5933 1
416.24 410.34 282.62 291.6 2.4485 1
483.63 456.13 21.738 11.724 2.9945 1
328.47 327.89 184.1 199.13 1.832 1
384.06 402.82 173.91 167.72 1.9941 1
469.05 499.03 11.834 21.915 2.8105 1
328.18 328.7 306.63 272.89 1.7136 1
425.4 409.17 193.17 194.62 2.1558 1
145.3 129.14 27.709 35.412 2.8989 1
