638.97 638.99 414.12 147.87 1.2719 1
137.87 574.12 478.99 478.98 1.2517 1
191.96 164.03 340.14 150.21 5.2735 1
571.85 605.09 115.68 227.08 4.3549 1
604.16 510.3 227.86 410.95 6.2706 1
163.69 243 149.88 64.144 4.7038 1
243.88 570.49 64.456 114.65 5.514 1
430.32 190.5 395.6 342.29 12.353 1
509.77 497.73 409.98 407.28 7.3462 1
169.14 517.55 150.3 213.4 4.2034 1
499.47 430.54 410.77 395.31 12.197 1
171.89 179.87 182.84 236.7 1.9694 1
168.63 171.49 160.46 177.9 1.8406 1
517.81 601.71 213.28 227.37 5.7592 1
586.81 577.56 176.57 145.47 1.3621 1
