235.88 207.31 312.56 155.02 4.9372 1
638.98 638.99 411.62 147.87 1.2576 1
139.12 572.87 479.01 478.97 1.2841 1
279.15 300.78 13.018 8.6361 3.9555 1
251.79 180.33 12.289 5.8566 4.3827 1
200.29 260.49 3.6503 10.611 4.4358 1
305.77 288.92 8.7738 16.148 3.7213 1
206.87 294.71 155.58 52.121 4.6745 1
174.14 199.21 1.5257 4.7165 3.5622 1
380.34 235.49 353.01 313.7 7.8029 1
411.82 458.74 164.2 37.733 4.3118 1
261.54 269.22 11.122 12.005 2.7691 1
456.57 322.69 37.075 20.629 5.3986 1
316.45 280.45 24.282 19.748 3.2712 1
531.5 521.48 3.7787 7.471 4.3831 1
321.09 306.57 20.951 39.079 3.3205 1
389.22 382.93 319.4 350.64 9.3178 1
292.72 277.8 0.82159 3.7416 2.4534 1
403.34 386.87 190.27 318.07 4.3139 1
281.59 250.6 18.138 13.769 5.4747 1
560.38 511.63 18.307 18.405 3.8004 1
517.84 559.12 21.971 22.88 3.6115 1
280.18 317.89 17.055 21.468 3.0774 1
180.06 156.75 6.0055 2.1271 4.9345 1
162.91 120.38 2.8048 1.5185 2.4989 1
506.67 516.96 16.51 20.835 2.6059 1
559.36 542.74 10.501 13.303 5.7475 1
458.48 435.85 40.043 168.99 4.2526 1
210.24 401.44 156.04 193.83 4.3361 1
566.22 559.61 1.307 9.7759 4.7106 1
542.16 537.03 13.352 9.7856 4.1935 1
436.3 428.08 169.33 206.67 4.3685 1
427.82 393.12 206.23 320.07 4.4316 1
507.15 510.04 64.071 25.443 3.2381 1
367.87 346.62 1.7459 1.6352 1.289 1
514.76 512.75 21.596 64.119 2.9103 1
210.97 224.31 157.77 230.34 2.0614 1
511.63 457.84 66.546 60.737 2.5846 1
224.8 230.25 232.98 264.15 1.6616 1
391.63 424.04 25.349 28.66 2.106 1
467.91 505.37 58.776 62.904 2.0844 1
361.62 376.6 22.953 23.534 1.5886 1
