461.8 439.7 86.477 247.78 5.5304 1
136.62 574.12 478.99 478.98 1.2552 1
638.99 638.98 411.63 147.88 1.2619 1
191.76 162.32 212.85 63.987 4.6068 1
354.79 461.37 136.67 84.933 5.2222 1
163.95 354.33 63.324 137.36 5.2431 1
365.66 189.83 327.58 214.97 8.7374 1
439.5 354.34 248 314.4 5.0164 1
537.89 639.42 3.9495 11.38 13.014 1
585.53 510.16 19.545 5.2873 4.1153 1
639.32 586.59 26.676 18.087 4.0474 1
163 270.03 62.097 32.862 3.8065 1
639.32 542.85 18.582 8.1087 3.7281 1
509.27 484.26 4.4015 0.71179 2.9801 1
545.42 639.26 10.031 23.142 3.1035 1
506.73 540.53 1.1243 8.4226 2.8051 1
270.04 457.92 32.841 83.972 3.7555 1
425.27 421.63 187.84 199.13 3.1082 1
430.35 425.15 140.37 151.52 2.6974 1
419.32 399.31 153.4 160.86 2.1833 1
440.27 453.61 222.86 125.48 1.9324 1
416.6 427.99 140.16 138.93 2.889 1
409.19 423.03 190.65 187.28 3.0201 1
415.35 431.83 116.51 112.45 4.2384 1
415.45 398.02 203.04 210.71 1.8011 1
407.02 366.52 137.37 158.92 2.0655 1
420.73 399.01 126.42 133.78 2.7284 1
345.89 346.59 309.12 145.37 2.6751 1
357.74 401.45 160.12 137.54 2.4783 1
391.6 362.97 325.53 321 4.3524 1
174.86 180.2 110.47 139.16 1.6859 1
436.86 439.84 246.66 225.48 1.6033 1
401.64 418.13 234.2 230.17 3.6162 1
85.071 68.741 7.0519 13.087 3.2625 1
352.86 234.07 140.41 94.279 2.3767 1
439.74 440.04 259.08 270.35 3.8138 1
349.14 348.82 215.38 262.87 1.4094 1
31.619 14.097 36.775 36.135 2.2387 1
354.91 354.05 187.86 219.12 1.8031 1
12.886 1.6176 36.004 35.813 1.4401 1
454.39 435.74 95.928 104.88 1.6229 1
47.784 30.695 26.46 35.952 2.9147 1
348.55 348.36 266.62 309.13 1.4352 1
68.148 53.8 13.25 23.678 3.7683 1
355.69 355.26 144.1 159.16 2.8869 1
385.36 402.52 246.6 234.86 1.7915 1
13.292 18.162 1.4232 11.486 3.3033 1
