638.97 638.98 412.87 147.87 1.2584 1
372.25 370.33 1.5717 69.124 4.2815 1
137.88 575.38 478.99 478.99 1.25 1
251.25 250.34 1.5079 14.212 4.2795 1
497.82 494.11 173.89 194.12 6.7011 1
494.28 462.96 192.9 372.24 7.9941 1
201.76 202.94 56.636 41.63 1.9308 1
204.98 204.84 36.631 59.13 2.5989 1
406.21 374.23 1.4002 61.011 3.5161 1
239.51 240.18 44.014 61.584 4.7573 1
590.94 601.87 40.181 1.3419 4.8847 1
247.91 217.88 19.933 17.872 6.1989 1
248.66 250.71 61.583 39.042 2.4898 1
378.55 409.94 59.489 1.391 3.5033 1
374.39 376.21 59.173 1.6118 4.7608 1
243.69 243.6 57.877 40.378 2.5791 1
466.42 301.83 373.25 412.48 7.3888 1
99.819 97.27 32.954 55.448 4.0076 1
486.66 497.94 161.01 161.65 10.126 1
208.45 208.56 57.872 35.372 2.5896 1
258.53 258.54 11.625 1.6239 5.0023 1
189.07 188.26 54.175 32.908 3.1724 1
211.16 210.82 44.139 62.906 3.6371 1
115.89 113.69 54.197 31.667 3.4893 1
160.13 161.83 29.049 51.514 3.2655 1
109.65 111.88 31.558 49.092 3.1102 1
79.446 80.185 44.109 59.134 1.8623 1
164.94 164.18 47.894 30.426 3.6926 1
85.566 86.865 42.857 56.602 3.0768 1
83.958 82.862 57.887 42.876 1.6073 1
117.27 119.51 31.557 52.834 3.6658 1
233.64 224.46 256.72 94.106 4.8816 1
497.54 491.51 1.0946 61.738 8.7136 1
295.44 486.57 179.91 163.49 6.4109 1
362.74 366.85 68.021 1.4844 8.4692 1
90.992 89.011 56.703 40.542 4.8107 1
209.2 205.34 14.742 6.6419 4.3045 1
282.89 232.16 382.37 255.16 6.9594 1
615.28 639.54 74.575 79.629 5.6597 1
77.826 75.731 59.131 42.991 2.9619 1
69.816 68.12 54.188 39.239 3.5852 1
71.993 74.134 42.823 57.874 3.0032 1
147.92 148.83 36.622 51.567 2.7241 1
144.88 144.6 52.883 36.638 1.4832 1
264.47 266.43 15.424 1.5976 2.6507 1
586.84 590.57 52.94 40.434 5.506 1
109.31 104.69 49.419 32.718 5.4855 1
35.554 40.465 41.232 59.1 5.0325 1
141.05 141.12 40.371 51.62 2.5322 1
191.06 193.58 43.999 57.746 3.1344 1
600.35 630.46 15.806 17.717 6.3166 1
634.15 615.55 11.247 71.679 3.7679 1
138.64 138.4 52.884 40.365 1.4661 1
58.563 59.432 42.832 56.606 2.8096 1
597.51 580.8 1.1045 53.012 6.0454 1
238.41 242.98 7.3749 0.82696 4.5967 1
304.76 303.71 46.766 32.812 6.3265 1
463.17 488.49 1.0009 63.876 4.0079 1
497.87 580.49 52.856 50.463 6.8817 1
640.18 612.66 91.865 85.738 9.7611 1
195.49 198.87 1.5905 13.308 5.6591 1
122.44 122.01 49.144 39.108 1.6238 1
631.46 635.34 13.226 1.2098 3.6078 1
13.68 9.3527 49.489 29.345 4.8885 1
297.56 296.2 209.2 180.28 3.883 1
296.7 295.22 285.42 201.58 8.7117 1
246.93 264.13 27.05 14.604 4.4359 1
491.36 468.81 59.512 1.2614 5.4134 1
42.741 41.135 57.886 39.167 3.2388 1
1.1628 4.6364 31.732 46.795 3.3732 1
221.8 238.26 2.8257 5.058 7.2014 1
44.391 45.562 45.347 56.605 2.7454 1
88.037 72.933 38.698 39.875 5.1791 1
157.87 153.35 64.126 44.683 2.7392 1
182.03 188.24 54.4 56.998 4.9525 1
357.6 487.57 89.664 155.98 4.4993 1
578.11 589.82 47.005 1.164 5.7202 1
304.18 291.49 422.85 399.76 10.401 1
307.41 300.54 414.99 411.32 4.9986 1
485.38 380.37 61.427 60.869 4.0489 1
305.7 304.82 51.587 72.852 3.9023 1
172.69 177.76 54.736 54.236 5.0984 1
376.62 442.87 66.802 66.34 2.8486 1
30.176 20.303 43.905 41.995 3.4443 1
291.08 283.43 399.49 382.5 7.1269 1
197.23 219.63 13.049 25.734 4.6778 1
220.24 235.47 25.361 27.044 3.59 1
279.08 287.96 7.1707 6.5677 2.9177 1
41.109 33.903 35.808 33.598 3.6932 1
639.25 595.22 111.16 99.73 3.5011 1
377.85 402.91 47.862 1.6465 1.9356 1
452.94 465.53 377.8 388.76 8.119 1
578.93 557.98 86.182 81.198 4.5751 1
594.91 581.92 98.966 93.43 3.1295 1
238.05 239.78 60.281 86.664 2.5146 1
615.38 594.12 58.976 59.125 5.0523 1
166.53 185.46 2.4103 4.6732 3.2243 1
236.73 236.93 29.101 40.37 2.6549 1
152.31 152.04 12.888 1.615 1.4898 1
22.841 33.131 24.145 41.473 4.365 1
525.67 517.01 1.4518 49.195 2.4664 1
268 295.66 145.27 177.63 2.5747 1
298.54 297.37 405.41 347.81 6.992 1
419.16 402.78 290.58 293.64 2.2281 1
597.27 589.63 57.491 52.153 6.2464 1
514.38 522.42 47.919 1.5465 2.5768 1
19.221 30.582 51.017 52.813 3.704 1
490.43 421.68 172.21 178.46 2.4935 1
12.635 23.269 1.7371 24.524 4.5309 1
412.87 435.36 216.66 218.05 3.4336 1
392.88 369.13 353.3 353.54 1.4559 1
487.79 299.27 195.81 215.54 2.7305 1
298.05 297.16 342.91 286.6 5.5682 1
319.86 303.69 428.96 421.29 5.8197 1
441.62 480.38 66.073 66.167 1.3355 1
306.57 305.62 16.527 29.144 6.4198 1
435.34 411.73 187.76 194.51 3.7768 1
610.38 572.91 76.68 78.519 2.6809 1
33.828 17.957 31.781 1.5817 3.5454 1
600.17 639.24 97.407 107.43 3.257 1
397.88 374.13 295.71 295.76 1.2918 1
414.12 429.12 280.84 281.05 3.6602 1
581.63 557.88 57.399 57.612 5.157 1
425.34 486.61 198.75 192.76 2.2449 1
242.52 241.95 84.136 65.365 1.7098 1
288.06 272.67 76.98 84.971 6.2503 1
405.38 376.57 230.34 229.14 2.3935 1
409.41 396.56 347.56 351.42 2.9941 1
280.4 327.88 91.708 90.916 3.812 1
379.12 404.17 196.76 198.48 1.4181 1
303.45 286.63 76.885 80.415 5.9804 1
406.67 439.15 182.35 185.02 3.2245 1
585.57 599.49 91.154 96.996 2.3052 1
626.28 636.73 46.509 15.412 1.6032 1
321.57 377.9 208.56 203.18 1.8317 1
329.09 346.66 90.114 90.696 3.8306 1
226.69 216.44 87.353 88.209 5.5029 1
407.9 420.37 336.16 336.7 2.7151 1
