638.98 638.98 412.87 147.87 1.2534 1
333.29 327.77 25.188 12.923 4.9587 1
139.12 575.37 479.01 478.99 1.2707 1
338.45 343.64 1.3067 10.643 2.1673 1
529.8 481.92 226.22 443.64 5.6233 1
317.3 327.97 16.971 34.815 6.216 1
347.16 342.78 12.67 1.1854 3.3977 1
312.38 303.33 47.066 38.635 3.5956 1
349.17 320.21 53.493 51.302 5.4573 1
404.64 406.72 14.21 1.6413 3.0853 1
372.89 373.53 1.6881 14.156 2.8794 1
354.6 350.8 19.401 43.143 6.1716 1
294.14 293.65 460.42 447.8 4.0863 1
369.72 368.38 12.806 1.4191 3.3589 1
358.68 362.07 40.32 12.93 5.2695 1
484 472.76 1.4663 99.112 4.6814 1
298.45 298.27 281.63 210.37 5.1231 1
366.44 363.67 4.1119 42.842 4.7222 1
306.19 314.59 86.959 97.8 3.1176 1
343.19 336.65 12.443 26.636 6.7227 1
409.97 408.99 3.9653 14.112 3.2516 1
307.28 308.68 16.569 32.805 4.276 1
417.24 531.09 131.13 226.01 4.8009 1
568.15 604.24 1.525 100.79 3.7378 1
304.22 304.44 37.883 1.6193 2.7216 1
340.3 341.07 86.62 75.337 2.7492 1
340.29 351.28 39.587 20.909 8.5567 1
315.03 316.28 35.261 17.85 5.4326 1
187.68 199.28 16.895 25.161 3.7887 1
481.61 342.8 443.91 455.72 7.3958 1
292.85 292.92 446.63 395.37 10.032 1
334.77 337.03 60.314 84.205 4.6755 1
223.35 222.76 79.205 64.13 3.5993 1
314.03 315.37 1.4554 10.559 3.8915 1
196.66 184.13 67.594 68.109 3.8495 1
294.4 298.05 395.3 281.71 5.8402 1
119.19 131.51 73.858 77.061 3.6777 1
201.09 199.85 81.683 70.296 3.436 1
294.89 277.83 14.659 7.9884 9.2608 1
329.22 332.59 12.471 2.7761 3.9525 1
228.68 237.21 1.3689 28.088 4.8639 1
269.19 269.72 72.936 61.537 3.8039 1
218.35 220.35 60.165 76.628 3.4214 1
606.66 572.28 96.614 1.3888 3.7904 1
290.54 290.86 81.628 65.36 2.6979 1
133.82 107.98 59.263 53.65 4.3 1
144.6 155.74 50.197 80.241 4.4272 1
265.17 266.14 61.557 76.493 3.3073 1
326.41 311.49 75.225 72.327 3.9195 1
375.37 377.08 25.581 15.244 5.3417 1
385.7 396.35 12.475 8.4153 3.2424 1
209.5 205.86 61.707 78.257 5.5673 1
297.54 296.06 469.16 456.54 8.8361 1
327.64 325.47 1.2594 10.09 3.3636 1
159.25 168.05 83.653 85.948 3.6343 1
225.99 226.65 61.598 76.679 2.9363 1
308.71 320.83 48.558 55.879 4.0792 1
344.48 343.8 71.698 86.61 3.0644 1
381.53 382.32 15.285 25.418 5.1789 1
383.97 382.18 1.6048 15.284 5.8724 1
183.56 193.64 18.375 29.692 3.3252 1
126.3 136.56 10.645 22.927 3.995 1
221.95 224.34 21.81 1.5029 5.1872 1
262.87 265.74 10.375 20.623 5.4881 1
300.36 526.64 228.24 225.62 6.1482 1
182.1 180.69 81.748 72.826 2.8598 1
342.82 296.6 455.73 456.92 5.8279 1
194.15 211.46 30.184 32.751 4.81 1
464.44 478.45 99.349 1.3502 9.5538 1
475.33 577.88 98.959 102.8 4.1553 1
206.68 197.76 28.722 27.466 2.3014 1
254.08 255.85 20.049 12.993 5.1539 1
377.31 377.63 15.421 1.5897 3.7193 1
478.33 488.17 89.176 1.5182 3.7796 1
200.23 218.54 24.97 18.509 7.0024 1
384.56 379.01 71.168 72.353 4.8897 1
321.45 349.18 56.149 58.503 4.5591 1
383.47 392.81 86.035 82.699 7.5674 1
120.71 123.57 26.525 36.038 4.1975 1
137.23 134.37 76.782 65.012 5.744 1
127.94 131.11 60.361 74.242 4.2133 1
352.35 365.11 55.469 48.624 4.9165 1
177.09 151.74 7.5574 5.3468 11.316 1
251.24 254.49 32.773 20.472 4.7634 1
483.21 545.66 93.102 0.96966 4.2427 1
108.35 111.39 1.3813 22.908 4.6013 1
301.37 300.73 5.3705 41.631 2.6547 1
1.5581 109.18 78.051 80.741 5.2797 1
279.1 295.38 27.153 27.772 5.3292 1
410.05 413.26 31.399 9.0004 4.2439 1
365.76 367.65 47.957 39.077 3.2756 1
602.91 484.12 99.267 95.413 3.3426 1
108.84 99.878 67.174 1.3522 8.0525 1
268.98 292.97 32.689 35.962 4.0536 1
153.03 174.02 24.689 22.868 7.3639 1
539.18 476.86 0.82462 93.855 5.0629 1
179.34 183.24 30.444 18.399 3.1536 1
325.71 332.36 34.874 39.265 2.775 1
258.86 259.75 16.536 1.5142 4.7696 1
171.61 155.34 28.56 28.156 2.4682 1
384.12 400.38 39.26 39.163 2.5966 1
615.47 607.52 52.439 96.334 5.608 1
387.52 399.27 30.244 31.402 6.5876 1
615.37 639.14 89.487 89.64 5.0884 1
622.53 616.89 27.11 52.245 10.702 1
295.59 292.11 212.84 191.55 2.9225 1
626.22 620.71 1.2627 26.424 4.8841 1
154.15 179.13 32.051 31.731 4.9676 1
433.01 396.68 350.29 354.62 3.3378 1
279.05 280.69 289.12 130.38 4.7955 1
471.72 465.54 99.382 98.76 6.4688 1
473.95 480.21 446.22 462.94 8.4895 1
615.46 614.99 101.62 90.339 3.7467 1
160.67 151.24 52.209 36.859 2.7374 1
279.16 278.8 304.15 289.1 6.338 1
281.6 416.65 129.36 131.42 4.5918 1
287.08 279.58 394.19 305.23 4.3817 1
291.59 277.74 31.935 30.26 2.1818 1
132.41 130.05 36.72 25.186 4.1753 1
146.6 155.35 32.885 51.637 2.5657 1
291.82 283.1 190.57 142.83 2.6735 1
153.11 142.71 61.545 31.253 3.2472 1
260.77 260.96 92.882 81.614 1.3986 1
320.01 277.91 117.03 107.74 3.6619 1
245.87 252.37 23.413 17.432 5.3721 1
138.01 144.41 29.932 49.884 5.1429 1
431.68 414.01 403 410.1 2.7959 1
441.69 427.85 284.59 286.47 2.2502 1
355.45 319.11 117.36 118.73 6.0581 1
201.65 159.14 112 114.36 4.7813 1
405.62 402.34 83.926 100.52 5.1348 1
261.47 261.21 60.376 30.368 2.7321 1
429.13 409.13 251.96 252.16 1.3838 1
401.57 360.17 107.51 114.05 6.2374 1
452.86 430.38 247.8 251.67 2.5472 1
632.67 627.07 1.333 29.214 3.9342 1
276.73 260.42 107.4 103.92 3.227 1
579.09 612.92 102.83 101.86 3.677 1
618.61 615.83 69.037 85.452 3.5073 1
389.17 375.46 248.88 246.18 2.4709 1
410.4 426.61 256.09 256.94 2.9534 1
396.64 301.62 261.31 262.74 2.2188 1
333.95 333.67 89.136 116.62 2.6292 1
478.41 474.62 463.38 476.77 6.8517 1
307.07 298.82 476.08 469.24 6.5717 1
408.05 406.41 50.248 64.1 5.8474 1
583.93 564.82 55.444 1.821 2.2604 1
429.11 440.33 256.32 255.75 3.682 1
456.62 401.63 260.19 260.85 1.3996 1
322.89 367.88 259.56 257.94 2.2738 1
300.37 300.37 295.38 324.13 1.25 1
407.85 421.62 98.409 99.132 1.6413 1
495.34 510.37 256.1 255.21 1.5432 1
505.37 489.12 260.08 260.19 1.3086 1
