124.97 360.73 63.05 130.4 4.9758 1
638.99 638.98 412.88 147.88 1.2615 1
136.62 572.87 479 478.98 1.2729 1
159.36 122.41 221.28 62.692 4.7259 1
442.42 420.31 71.391 233.04 4.8692 1
379.26 396.71 116.82 104.24 4.6695 1
397.27 406.13 103.75 97.209 5.2444 1
420.18 354.43 232.86 308.3 4.254 1
361.85 379.01 129.43 116.94 3.9529 1
406.5 422.09 96.92 85.544 4.0383 1
225.28 441.22 24.55 70.992 3.9425 1
639.26 508.29 27.227 -0.32955 3.6634 1
123.4 137.17 61.677 56.132 4.8642 1
529.26 639.14 0.97469 24.039 3.5198 1
592.73 639.28 7.3473 3.5753 7.4755 1
421.43 430.12 85.73 79.992 6.593 1
418.3 417.09 127.78 138.08 3.2844 1
359.57 166.6 315.65 227.68 8.5136 1
412.83 411.55 176.62 188.01 2.4025 1
422.36 418.1 101.47 115.44 2.6513 1
430.49 439.21 79.278 72.998 3.3285 1
408.25 405.72 218.97 232.94 2.9044 1
137.73 224.57 56.218 25.381 3.7311 1
400.45 416.82 130.63 126.09 3.6136 1
587.88 572.78 5.3113 3.9707 6.8887 1
571.69 547.88 2.4996 1.6106 2.4983 1
639.03 592.9 8.9365 11.972 4.4147 1
391.91 359.49 134.49 159.6 2.4227 1
398.89 410.62 178.27 174.99 3.4174 1
405.49 419.47 103.53 101.04 2.9625 1
395.51 406.88 220.84 217.49 2.8888 1
414.35 401.28 131.03 135.64 2.0081 1
594.41 587.34 2.2557 5.4359 6.0984 1
360.62 355.77 160.33 260.33 3.5872 1
362.57 399.82 153.74 124.67 2.6208 1
361.69 360.55 132.81 152.96 4.1661 1
415.58 403.96 105.97 109.88 2.7804 1
408.12 394.26 179.59 186.89 2.2286 1
384.19 356.63 315 313.92 5.2887 1
347.37 352.24 282.86 135.4 3.0471 1
268.14 220.38 108.22 94.114 3.1859 1
282.84 276.35 111.79 110.48 2.9375 1
333.1 283.01 125.78 112.36 3.923 1
354.69 354.29 135.36 152.88 1.5685 1
357.88 334.27 132.86 126.13 1.7273 1
219.21 127.87 93.853 66.655 2.5506 1
354.27 351.82 157.88 229.13 2.4562 1
275.61 267.41 111.03 107.83 3.0662 1
436.6 415.67 82.847 98.278 2.1158 1
433.91 423.73 101.36 109.9 2.0699 1
350.38 350.38 260.38 280.38 1.25 1
357.59 366.86 261.35 251.86 1.25 1
