200.39 165.09 260.09 101.41 4.6248 1
135.37 572.87 479 478.98 1.2661 1
473.91 470.83 151.61 194.07 5.8897 1
166.43 451.57 100.57 138.26 5.0283 1
638.98 639 411.62 147.87 1.2678 1
444.98 198.75 324.47 263.14 9.6116 1
465.79 465.2 210.34 241.62 5.2351 1
480.09 482.49 101.66 119.35 5.961 1
475.2 479.34 128.47 143.17 5.8302 1
471.91 465.34 194.78 205.35 4.5046 1
483.06 476.02 118.27 129.8 5.9854 1
465.81 457.23 237.7 251.21 3.9229 1
479.8 473.17 143.75 153.88 5.2296 1
484.43 481.82 76.387 100.53 4.7016 1
327.9 482.89 61.309 75.161 4.8962 1
450.88 434.39 166.54 315.27 4.1428 1
453.14 451.16 140.3 166.78 5.8223 1
462.91 468.82 202.9 192.14 3.5015 1
355.38 490.38 1.4734 2.1848 1.8757 1
506.54 522.88 3.3681 1.637 3.2766 1
455.08 465.67 183.49 178.51 2.6085 1
523.85 560.07 8.4593 3.2358 7.9585 1
484.15 474.07 5.9859 5.6234 3.478 1
470.43 462.82 5.5604 5.1405 2.7715 1
467.53 467.02 204.09 209.29 4.8552 1
425.47 385.36 7.1008 5.9722 7.708 1
497.98 484.02 5.3955 6.4953 5.1809 1
384.19 294.17 5.2925 0.74332 3.9212 1
521.78 444.14 17.721 8.9652 3.3718 1
466.37 474.35 153.89 145.53 3.4521 1
442.9 426.58 9.6717 9.1551 2.6966 1
456.64 424.09 4.9944 3.9055 2.0806 1
524.17 639.18 15.028 31.239 3.8549 1
432.95 497.91 5.7884 11.266 2.7012 1
1.3516 24.007 5.132 0.98269 3.5671 1
639.18 521.42 35.002 18.032 4.1009 1
282.87 231.62 1.8467 1.7932 1.2865 1
518.1 501.57 8.6512 7.4117 6.5129 1
560.24 520.44 9.1568 13.448 4.4724 1
499.11 522.89 11.698 15.253 2.9121 1
169.75 202.09 107.74 252.77 2.1841 1
457.37 435.64 251.89 313.78 3.2494 1
457.5 454.4 129.5 136.74 2.3302 1
457.79 440.16 318.63 321.56 4.318 1
302.97 170.23 122.1 105.28 3.5865 1
167.11 238.95 98.697 56.32 3.3692 1
399.13 419.13 5.375 5.375 1.25 1
430.62 431.72 274.14 256.63 1.7989 1
481.07 470.69 81.968 103.03 2.8734 1
471.27 460.63 154.79 161.23 5.1766 1
436.64 439.89 210.38 172.83 2.3238 1
440.9 441.54 169.14 151.62 1.7076 1
464.91 460.88 113.94 123.82 2.3145 1
203.38 203.38 277.87 270.37 7.5012 1
465.04 454.64 204.1 211.89 4.7471 1
465.15 459.39 139.03 151.74 3.3093 1
351.73 304.06 128.33 122.13 1.8943 1
432.77 435.91 251.62 214.17 2.186 1
171.55 205.34 108.39 113.11 2.1019 1
244.18 301.65 53.581 58.869 2.848 1
466.12 476.54 241.99 245.62 4.7745 1
604.13 567.88 1.625 1.625 1.25 1
