136.62 574.12 478.99 478.98 1.2609 1
638.98 638.98 412.88 147.88 1.2524 1
168 129.11 232.54 75.069 4.762 1
131.08 381.68 75.273 132.65 5.2553 1
334.33 166.78 299.85 234.42 8.6267 1
447.72 428.55 72.706 232.81 4.7462 1
128.55 225.46 74.465 33.065 5.2993 1
366.72 446.3 57.31 70.998 5.1001 1
427.75 387.28 232.4 290.83 5.0582 1
423.7 423.92 175.38 190.38 2.0033 1
358.15 334.78 308.42 299.41 7.8301 1
567.77 604.12 3.4968 1.5485 3.8115 1
394.24 413.78 120.5 102.5 5.1529 1
419.01 419.76 217.88 230.41 3.0943 1
381.72 357.33 316.38 306.75 8.7806 1
382.5 394.51 131.27 119.55 5.3242 1
412.47 429.27 104.9 101 3.7629 1
416.35 425.74 129.47 126.56 2.8411 1
408.07 417.16 219.81 217.28 2.363 1
387.18 373.82 291.1 308.9 6.7515 1
424.32 411.46 130.75 137.56 3.5119 1
380.87 375.75 161.59 260.33 5.0278 1
639.39 487.07 27.72 -0.74383 4.4993 1
515.54 639.27 0.70373 23.322 3.6889 1
606.61 565.38 5.1488 8.0048 3.9513 1
381.61 380.77 135.32 154.2 4.3621 1
426.45 408.67 106.16 112.93 3.5612 1
339.09 163.83 126.76 86.664 3.1837 1
414.23 436.37 101.85 81.451 6.3623 1
226.54 366.49 33.368 57.42 3.5806 1
407.87 380.43 314.03 314.84 5.9539 1
164.85 170.19 206.76 227.92 1.5381 1
142.59 152.03 116.7 154.02 1.5769 1
564.02 546.57 3.9274 2.134 5.3573 1
174.78 171.82 256.75 243.1 3.9295 1
163.01 134.16 86.088 78.995 1.6134 1
369.51 370.78 214.14 169.1 1.9321 1
375.79 373.31 262.82 302.9 3.0345 1
367.83 368.17 260.37 242.88 1.3475 1
394.35 405.28 143.11 132.77 1.25 1
