638.99 638.97 414.13 146.63 1.2624 1
136.62 575.37 479 478.98 1.2696 1
535.28 525.35 261.08 262.75 3.6811 1
226.75 500.46 41.839 18.876 4.6481 1
612.98 535.03 85.56 260.92 6.0902 1
291.52 610.47 134.66 87.292 5.1661 1
237.99 227.37 222.94 44.007 5.4986 1
244.17 247.01 227.88 212.95 3.4509 1
500.7 612.59 19.44 85.851 4.3612 1
240.52 242.35 132.89 111.69 4.703 1
242.88 244.56 189.13 165.41 4.7233 1
296.84 277.69 326.03 332.32 10.617 1
246.81 246.74 171.63 185.38 2.5422 1
238.54 240.32 101.57 83.868 4.6003 1
248.54 248.67 219.12 232.88 2.6079 1
249.74 261.19 212.83 218.83 3.7051 1
249.36 240.04 245.34 225.6 7.5957 1
259.42 245.36 94.865 86.655 4.9483 1
260.93 248.06 127.53 117.64 3.4313 1
307.18 296.9 323.88 326.42 7.8806 1
247.01 263.59 187.53 203.43 3.7955 1
284.55 248.26 327 246.45 4.8206 1
256.97 246.35 203.82 191.87 3.738 1
246.56 262.72 134.21 146.82 4.5899 1
525.75 305.49 265.87 324.89 9.2492 1
267.72 248.72 153.51 142.32 6.0204 1
288.6 275.78 167.01 149.75 3.011 1
248.52 242 142.45 132.63 3.8236 1
267.31 256.15 209.47 201 5.5301 1
285.2 288.25 324.12 167.83 4.2666 1
268.69 250.25 254.8 243.07 2.4011 1
288.52 288.74 164.13 144.11 3.9447 1
222.11 238.07 237.46 228.21 7.5075 1
251.24 239.45 113.3 102.52 3.846 1
232.42 238.31 71.871 82.636 2.2962 1
289.1 246.62 39.945 42.799 1.7499 1
253.32 262.52 239.89 248.27 2.178 1
257.91 230.08 86.209 45.58 3.8414 1
536.66 455.46 101.87 113.47 2.4727 1
531.22 528.92 270.89 280.32 6.6649 1
314.1 295.36 37.506 38.997 1.5437 1
451.65 441.61 114.48 115.08 1.6911 1
281.38 274.93 121.78 111.91 2.1357 1
300.22 299.44 147.87 184.13 2.8212 1
251.68 243.32 210.35 193.9 1.25 1
298.39 297.58 197.89 226.65 2.1824 1
288.08 283.06 132.76 124.02 1.7032 1
312.88 299.14 333.09 333.45 1.5486 1
266.43 256.82 191.76 177.74 3.0935 1
