276.47 276.62 144.13 116.63 3.7928 1
273.64 276.4 311.66 149.12 4.9569 1
638.98 638.98 412.88 149.13 1.2511 1
276.18 398.53 116.41 21.216 4.4027 1
136.62 574.12 479.01 478.97 1.2801 1
432.36 273.16 372.98 312.13 6.0041 1
490.37 488.21 195.37 202.97 4.1163 1
487.65 434.57 203.2 373.48 6.6619 1
496.68 494.1 176.64 184.11 3.5876 1
493.84 490.77 184.4 195.13 4.2932 1
279.03 495.06 116.97 176.52 4.7657 1
391.57 362.78 173.08 165.73 3.2998 1
357.95 390.33 168.81 176.81 3.6689 1
512.5 503.5 138.19 163.54 7.9042 1
536.08 512.52 73.132 138.09 6.9237 1
501.67 497.74 163.31 174.9 3.1911 1
385.23 361.79 205.92 199.73 3.0553 1
398.99 542.47 21.011 51.069 4.0086 1
364.23 381.81 203.73 208.43 2.6529 1
392.86 370.35 315.64 314.58 2.7917 1
416.61 390.35 208.33 207.5 2.696 1
372.8 354.17 264.38 258.96 2.7075 1
422.85 399.12 176.27 175.72 1.6853 1
273.58 275.43 349.23 315.31 10.554 1
355.16 370.34 262.37 266.76 1.895 1
543.62 536.33 52.691 72.766 3.7406 1
280.19 279.05 124.11 142.87 1.9273 1
279.41 278.12 150.38 257.86 1.8054 1
442.9 281.44 196.53 149.76 2.6398 1
375.37 392.89 318.02 318.29 1.4207 1
404.12 380.37 266.04 266 1.2845 1
277.19 276.73 262.88 309.13 1.701 1
416.66 330.21 164 139.72 2.0516 1
282.77 354.09 146.99 167.99 2.3448 1
507.26 490.51 163.92 214.17 2.7686 1
490.24 417.81 184.6 164.37 2.334 1
365.19 346.56 313.52 308.09 2.2014 1
394.13 415.39 210.34 211.02 1.6107 1
401.62 421.6 177.9 179.4 1.8079 1
346.98 335.36 158.53 151.66 2.5473 1
347.9 362.71 311.55 315.93 2.0424 1
350.31 423.01 148.11 168.65 2.4845 1
349.14 332.99 195.35 183.96 2.7634 1
570.59 539.34 16.18 1.1834 2.704 1
489.75 474.81 220.15 261.42 2.8977 1
430.36 426.93 382.31 389.95 3.933 1
594.12 574.05 20.376 19.007 2.9193 1
