194.22 153.2 291.32 112.51 4.6941 1
136.62 574.12 479 478.98 1.2665 1
638.97 639 412.87 149.12 1.2738 1
507.77 501.81 110.08 137.21 5.0318 1
501.79 468.7 137.64 288.76 4.6077 1
474.13 194.15 292.96 295.37 9.3458 1
191.63 466.64 45.737 43.506 4.5713 1
466.82 507.98 42.266 110.31 5.6798 1
153.04 191.63 112.97 44.836 4.7032 1
155.38 505.37 113.25 110.33 4.7745 1
607.76 639.44 29.335 46.032 3.7974 1
639.85 607.18 50.245 33.074 4.3695 1
597.21 611.55 0.51039 8.0122 3.2722 1
608.32 583.61 9.206 -0.28355 4.1362 1
603.97 608.53 28.269 15.61 3.1251 1
613.28 609.41 13.428 25.053 3.5576 1
165.01 196.58 149.21 287.88 2.0891 1
484.53 473.97 286.22 291.29 4.5079 1
255.38 194.13 47.875 47.875 1.25 1
485.45 494.63 197.89 155.48 1.4229 1
445.38 411.63 46.625 46.625 1.25 1
279.13 260.38 47.875 47.875 1.25 1
347.88 331.63 47.875 47.875 1.25 1
