575.28 566.88 52.452 79.206 4.6307 1
564.56 548.84 87.634 140.66 4.6668 1
136.62 575.37 478.99 478.98 1.2612 1
638.98 638.99 411.62 147.87 1.2528 1
548.76 523.68 141.16 227.75 4.5129 1
564.99 565.27 77.779 87.913 7.6035 1
230.46 195.99 246.61 81.758 4.9498 1
360.76 575.83 135.14 53.635 9.6339 1
525.24 303.64 228.42 350.74 9.3406 1
196.61 446.47 75.309 4.8123 8.1374 1
308.9 230.1 346.06 247.1 7.2801 1
307.53 290.35 341.66 162.88 4.575 1
291.59 360.27 161.52 135.11 6.0171 1
536.34 511.67 27.617 19.003 7.4929 1
599.04 568.09 6.4716 23.27 5.2114 1
598.63 609.81 19.808 7.3713 5.1861 1
569.32 578.72 13.343 9.404 4.425 1
567.85 549.12 23.808 25.34 4.2703 1
539.09 562.9 16.89 15.994 2.9682 1
200.05 209.7 85.443 131.51 1.9612 1
579.04 592.93 9.737 -0.064188 5.9467 1
595.06 600.06 39.041 19.965 8.7207 1
511.38 483.11 18.394 4.8823 3.9224 1
549.43 558.95 127.96 94.075 1.6239 1
639.41 622.95 5.6874 3.5628 8.998 1
535.51 546.77 175.41 136.67 1.8979 1
507.6 524.98 10.259 14.489 6.9919 1
545.39 536.47 26.505 25.497 3.7263 1
529.38 539.38 8.546 4.795 2.4864 1
489.22 507.09 1.4145 9.3328 2.6621 1
524.38 564.93 34.661 49.114 8.8373 1
560.4 540.38 12.138 12.985 1.7246 1
585.45 535.54 47.66 31.14 2.8332 1
554.42 590.46 28.135 38.85 2.6552 1
448.25 459.21 5.8886 11.465 2.795 1
492.68 512.45 23.556 29.325 6.35 1
512.44 526.26 29.78 35.856 7.7334 1
541.63 567.87 4.3718 4.02 1.2834 1
460.21 478.9 12.099 18.535 2.0746 1
