137.88 575.38 478.98 478.98 1.2507 1
638.99 638.97 412.88 146.63 1.2627 1
225.49 199.01 248.92 73.953 5.0035 1
609.78 535.83 125.88 308.8 5.0793 1
327.57 609.57 26.256 125.17 4.7186 1
443.43 223.54 412.57 249.48 10.383 1
535.63 440.94 308.09 417.28 5.1483 1
72.942 60.419 28.247 27.296 3.0608 1
20.533 34.022 37.445 34.843 6.0933 1
199.32 327.84 73.404 26.527 4.8475 1
500.56 446.3 221.68 408.15 4.7537 1
48.153 27.983 25.301 23.121 5.5423 1
41.146 20.18 37.291 49.048 9.6799 1
31.67 41.709 19.804 19.142 2.4453 1
105.32 184.58 40.49 77.098 4.1174 1
177.81 104.26 78.021 43.843 3.6409 1
202.65 497.91 75.818 222.81 4.3074 1
1.4708 25.351 32.659 30.148 3.2065 1
1.5633 14.801 48.866 45.708 4.9191 1
17.882 1.6365 34.211 35.517 1.8471 1
12.872 1.6097 51.331 51.452 2.621 1
56.414 59.758 1.253 10.596 3.7045 1
184.82 89.175 77.724 115.5 3.7214 1
134.45 173.9 93.709 78.533 3.0502 1
29.398 26.443 20.621 8.8568 2.735 1
58.568 51.873 18.1 1.5248 3.0316 1
87.622 132.59 112.23 94.643 2.6795 1
211.93 214.85 126.73 152.79 3.3094 1
219.71 223.15 180.47 204.09 3.0147 1
225.74 227.91 223.02 236.62 2.2716 1
216.32 219.04 154.16 180.25 3.6002 1
201.58 234.2 23.913 16.972 2.2633 1
157.74 189.08 33.542 26.409 2.3286 1
592.83 501.31 141.58 222.52 3.7072 1
29.043 50.463 96.414 88.101 1.6176 1
231.64 217.39 95.347 87.5 2.0786 1
270.77 249.34 5.0009 14.6 2.4363 1
207.82 209.34 96.629 114.21 3.8436 1
235.43 203 19.346 27.128 2.6739 1
238.08 232.58 274.01 264.29 2.6449 1
200.31 179.13 27.554 31.655 2.6529 1
