638.98 638.98 412.88 147.88 1.2515 1
324.82 318.99 9.9245 0.90411 5.1852 1
137.87 574.12 479.01 479 1.2578 1
328.06 301.34 39.684 32.714 6.206 1
293.55 293.08 407.91 382.87 8.9388 1
294.48 293.47 441.61 407.78 5.484 1
294 292.33 381.64 259.1 6.1814 1
514.15 481.39 246.85 436.37 7.8162 1
296.03 295.2 455.56 441.64 5.6451 1
308.99 323.77 4.2189 25.623 6.3183 1
323.11 336.2 70.045 79.202 4.0969 1
300.55 309.1 73.742 84.387 4.6996 1
341.56 329.03 37.846 38.516 6.3078 1
302.79 294.16 31.858 24.085 4.5514 1
174.69 189.8 5.0502 16.156 3.5549 1
334.94 325.98 1.0574 7.8808 9.234 1
473.62 468.73 1.5209 83.953 6.313 1
344.63 344.68 4.1157 21.631 5.0348 1
571.35 601.79 1.2369 77.809 3.7372 1
101.31 130.52 65.516 72.228 4.2145 1
407.5 520.83 118.31 216.29 4.0386 1
292.27 290.51 255.41 226.54 5.9349 1
518.77 512.84 216.77 252.45 9.6594 1
350.71 351.53 22.89 4.0666 6.2984 1
162.54 144.12 64.706 54.131 4.1958 1
187.85 176.73 58.911 60.111 5.1052 1
327.5 331.55 50.228 74.348 4.5256 1
604.29 575.6 74.06 1.0469 3.8151 1
227.88 219.8 59.12 49.614 4.4763 1
211.36 207.58 67.962 56.316 2.7637 1
125.4 100.34 52.756 48.037 3.9879 1
291.29 320.37 29.742 45.378 4.7355 1
357.06 355.17 1.6568 27.77 4.6425 1
144.14 130.89 66.594 61.531 3.1241 1
174.37 187.3 11.763 21.17 3.8609 1
133.24 148.8 37.71 72.459 5.04 1
308.36 305.5 21.749 4.104 7.0048 1
1.6145 102.87 76.326 75.638 4.4379 1
195.4 193.43 73.103 62.538 3.9157 1
220.72 228.18 0.37316 9.8655 8.9861 1
290.14 298.06 71.173 73.511 5.5034 1
201.46 199.09 53.033 69.302 6.545 1
187.87 204.12 21.983 22.033 3.7845 1
373.86 373 1.6111 17.947 5.3201 1
292.88 515.46 225.54 216.15 8.1781 1
337.01 338.98 56.575 71.644 2.5381 1
252.63 261.34 17.19 21.026 3.3108 1
114.94 127.46 3.3069 15.793 4.4224 1
253.52 257.63 0.90497 11.72 5.5616 1
481.14 381.62 434.96 446.56 9.2342 1
261.71 284.25 20.701 22.813 4.3167 1
134.08 144.42 11.344 25.156 3.506 1
367.72 366.99 20.284 1.6595 6.4887 1
319.06 344.12 43.522 44.373 4.7001 1
297.28 292.87 23.936 8.7641 4.9965 1
380.22 392.97 70.081 68.838 7.5859 1
217.26 215.64 69.341 55.344 3.4383 1
142.91 161.94 15.786 14.21 6.7445 1
460.57 460.81 77.881 70.349 7.4962 1
110.16 114.98 20.509 28.125 4.5056 1
264.07 277.89 10.069 15.326 6.4019 1
162.88 146.61 20.224 20.028 2.5751 1
145.32 170.45 24.43 22.947 3.6698 1
365.41 359.03 56.681 60.774 5.6083 1
474.87 479.46 67.926 1.5615 3.7411 1
97.169 102.61 0.69281 11.163 6.7421 1
218.46 220.45 51.548 66.778 2.3576 1
378.27 371.6 55.417 56.448 5.3608 1
121.11 124.82 55.527 68.04 2.7022 1
500.46 475.87 26.169 67.426 3.4712 1
101.56 110.16 18.176 20.076 2.3552 1
183.77 198.92 10.919 13.928 6.1219 1
101.59 89.606 61.879 1.0381 8.8457 1
244.49 245.76 14.161 1.2927 8.5847 1
376.72 392.87 23.198 22.676 4.1922 1
359.82 360.58 33.041 24.142 3.7364 1
344.21 354.27 43.01 36.87 4.3215 1
210.4 212.98 13.877 1.1399 8.8241 1
279.64 274.89 282.95 162.84 5.3914 1
399.11 398.54 65.432 52.789 6.525 1
129.28 125.44 62.214 54.703 7.2456 1
403.69 402.62 12.916 1.5316 6.5724 1
514.9 500.19 1.3503 26.52 3.6861 1
481.35 525.13 73.464 0.72505 4.0854 1
290.37 280.6 226.22 166.59 4.6903 1
617.11 605.3 0.49637 73.911 11.973 1
274.13 410.31 123.07 120.11 5.5955 1
288.4 279.24 385.2 290.36 3.9816 1
597.88 481.62 74.874 75.609 2.9185 1
380.35 390.37 12.862 12.757 6.2497 1
474.76 479.26 440.2 456.59 9.0059 1
462.26 467.19 71.405 1.4007 8.9041 1
276.32 272.93 163.01 124.12 6.878 1
205.61 210.4 19.339 14.152 2.753 1
472.59 497.95 80.948 83.289 5.8788 1
197.87 209.14 10.558 10.608 8.7722 1
189.22 156.7 105 108.56 5.2423 1
499.12 552.87 82.748 82.527 2.6643 1
611.59 639.14 64.641 64.943 8.9418 1
152.39 142.92 44.448 30.345 2.7885 1
324.35 276.61 106.62 97.956 5.8123 1
127.56 133.57 22.485 36.856 3.0845 1
614.37 610.87 79.064 65.25 4.5553 1
381.47 304.03 445.82 451.64 7.2038 1
310.14 299.42 471.71 462.36 6.233 1
382.85 367.79 243.05 240.95 2.3036 1
139.59 147 31.349 43.905 2.1534 1
339.52 323.98 106.01 107.98 5.8857 1
400.74 399.19 32.916 46.633 5.2483 1
397.82 376.8 93.439 95.082 6.1337 1
296.63 296.63 346.63 382.88 1.25 1
399 398.49 71.57 84.2 4.0966 1
477.95 473.72 457.46 469.42 6.4512 1
254.88 253.44 47.931 35.31 2.4839 1
328.58 328.26 76.618 102.88 2.7256 1
276.43 256.45 97.624 93.771 2.8843 1
256.22 255.08 80.266 71.501 3.8797 1
377.84 357.59 96.405 99.994 6.5904 1
574.27 567.84 17.816 1.64 1.2358 1
431.72 424.03 242.12 243.63 2.9355 1
349.17 341.47 101.94 103.01 2.6358 1
