571.73 520.14 59.671 235.31 5.0395 1
136.62 574.12 479 478.97 1.2742 1
638.98 638.99 411.62 146.62 1.2584 1
226.79 193.34 253.09 82.538 4.3515 1
193.3 445.56 80.636 9.7934 4.9947 1
287.32 571.37 167.65 60.514 5.5928 1
522.11 300.17 237.53 357.49 8.7956 1
578.17 544.16 24.545 30.58 5.4194 1
302.88 226.19 354.72 253.51 5.8536 1
301.38 286.33 350.39 169.15 4.0475 1
499.21 453.17 15.099 0.68131 4.3135 1
531.66 571.69 24.908 23.247 5.8767 1
463.57 523 -0.28392 21.27 4.8296 1
599.92 581.29 10.528 18.316 4.5281 1
575.38 604.88 16.64 4.1976 5.5242 1
523.46 537.03 21.944 12.182 5.3586 1
581.34 574.35 19.771 23.311 5.0253 1
519.35 498.15 27.461 16.118 5.0756 1
544.12 535.33 29.162 28.308 2.8511 1
571.56 530.28 16.318 17.99 4.8093 1
197.76 205.73 89.148 129.05 1.9641 1
584.93 531.72 51.711 33.829 3.9429 1
639.52 629.46 12.374 10.127 9.0846 1
537.86 579.1 11.999 13.632 4.2911 1
468.02 568.94 18.743 58.352 5.2855 1
533.01 526.57 32.386 30.554 4.4673 1
539.36 589.44 32.141 48.144 4.0375 1
596.64 582.99 24.039 21.087 3.5663 1
593.76 600.07 47.461 22.796 9.0966 1
620.19 583.18 61.103 51.688 3.9212 1
446.27 465.31 9.9622 18.026 2.7895 1
607.94 622.87 18.419 16.557 4.3401 1
533.63 544.75 178.99 139.3 1.7864 1
522.76 531.21 215.34 186.87 2.0808 1
589.2 600.21 17.512 19.896 3.1355 1
546 552.82 136.45 111.61 1.5365 1
258.16 228.71 140.06 113.33 2.6228 1
