205.87 173.63 243.03 84.966 5.0688 1
136.62 574.12 478.99 478.98 1.261 1
638.98 638.99 412.87 146.62 1.2628 1
173.71 451.95 85.486 129.59 5.2772 1
490.68 482.38 81.476 134.24 5.2577 1
472.21 466.45 196.32 232.85 5.6513 1
475.87 473.41 171.38 191.84 4.8143 1
482.33 476.49 135.08 170.56 4.5422 1
466.52 460.66 230.31 239.31 3.2567 1
450.61 432.15 157.75 305.13 4.8192 1
454.01 450.92 127.86 156.68 3.862 1
465.32 463.46 227.89 217.77 3.1382 1
492.2 490.46 70.056 80.595 6.7874 1
346.6 491.42 51.866 68.396 5.6427 1
427.25 213.74 309.39 249.78 9.191 1
458.41 469.58 174.95 170.19 3.1654 1
443.71 427.79 312.07 308.21 7.2884 1
475.22 466.41 127.65 133.82 4.0963 1
549.06 579.1 3.0935 1.2511 3.031 1
474.17 432.88 2.897 1.5009 2.8788 1
639.25 475.23 27.006 2.5989 4.283 1
483.09 639.32 0.14995 22.778 3.6256 1
543.2 525.35 4.3924 1.8329 4.4171 1
176.97 255.1 83.519 41.126 3.7396 1
467.08 459.61 175.82 183.36 2.6704 1
432.65 443.07 227.85 135.4 2.8318 1
582.8 545.47 4.4793 7.7458 3.8911 1
354.15 177.71 117.73 90.176 3.2855 1
194.54 198.19 170.29 189.06 1.9412 1
184.75 192.1 123 159.03 1.8981 1
178.96 184.03 95.408 120.39 1.5098 1
198.7 204.1 191.71 217.88 1.6906 1
461.45 435.5 240.15 299.18 4.3904 1
453.82 463.44 148.96 131.25 2.6996 1
443.31 441.41 157.79 175.35 1.6463 1
467.36 454.85 195.28 203.3 3.2895 1
474.27 463.26 146.92 152.4 5.0336 1
256.65 319.18 41.417 48.663 2.7178 1
466.49 461.01 133.56 142.49 3.4386 1
467.18 479.3 233.57 237.32 5.8849 1
486.45 474.23 77.759 96.695 2.1697 1
457.9 442.87 310.05 309.84 6.3359 1
