467.08 446.78 85.276 248.99 4.7577 1
136.62 574.12 479 478.98 1.2684 1
639 638.97 411.63 147.88 1.2737 1
201.54 171.22 213.88 66.452 4.7153 1
173.43 357.95 65.887 138.92 5.1566 1
357.01 466.22 137.41 84.624 5.1596 1
446.97 358.79 249.19 316.18 5.131 1
171.76 279.34 64.598 33.626 3.9495 1
555.38 639.22 1.5282 6.0082 6.9747 1
370.07 207.42 328.99 221.67 9.1129 1
639.17 557.87 11.032 4.2302 3.4389 1
591.7 520.48 13.697 1.0299 4.3242 1
639.27 592.74 17.716 12.913 3.9469 1
430.49 426.97 189.17 199.24 2.7147 1
279.1 463.9 34.216 83.725 3.9195 1
569.14 639.21 7.6874 14.52 2.5477 1
424.29 402.05 153.34 161.52 2.6566 1
444.3 460.81 246.65 112.77 2.1922 1
418.92 433.08 141.94 138.78 2.9842 1
103.71 88.822 9.4349 15.93 4.144 1
350.08 349.77 310.38 145.37 1.5488 1
394.13 356.79 146.64 165.71 2.8183 1
414.03 428.21 191.18 188.2 3.6695 1
426.5 404.52 200.14 211.16 2.7848 1
419.15 435.61 116.72 112.53 4.2513 1
421.74 405.6 244.31 254.48 2.0409 1
34.143 1.5955 41.173 39.851 2.4472 1
352.19 352.76 165.37 264.13 1.7208 1
359.02 402.9 161.42 139.18 1.9326 1
402.51 424.31 238 230.94 3.2827 1
387.83 365.02 326.84 322.05 6.1776 1
446.85 445.93 260.3 272.92 4.287 1
350.22 255.2 139.52 102.08 2.1155 1
352.88 352.88 266.63 297.88 1.25 1
357.84 357.45 144.12 160.39 2.6798 1
87.293 77.429 16.986 23.444 3.175 1
33.509 44.029 5.6366 30.416 3.4194 1
64.534 49.183 31.041 40.47 2.9519 1
47.875 35.375 40.087 40.084 3.7516 1
