638.97 638.99 412.87 146.62 1.267 1
201.94 313.28 52.605 181.28 4.6722 1
136.62 574.12 479.01 478.97 1.2838 1
547.65 490.27 153.67 340.34 4.412 1
225.95 205.37 219.41 81.439 4.3583 1
347.14 546.07 26.531 152.5 4.2817 1
491.16 342.38 340.65 410.57 8.7675 1
256.6 203.08 42.727 51.636 4.7283 1
50.355 26.393 74.196 67.448 5.1516 1
205.19 201.38 78.318 55.21 4.7398 1
175.85 153.81 20.265 26.831 8.5126 1
338.95 225.03 408.74 219.83 6.542 1
36.981 71.965 91.14 74.855 3.7316 1
67.11 46.227 71.314 82.106 4.6283 1
54.463 63.319 31.718 53.434 5.6974 1
45.976 20.519 83.774 90.89 4.3889 1
61.476 64.603 52.603 65.257 5.7674 1
267.91 346.87 40.578 26.795 3.9492 1
27.997 18.149 69.056 78.171 6.1484 1
90.478 120.01 25.961 20.782 6.1561 1
36.855 50.62 0.76669 24.508 5.752 1
28.022 29.771 65.404 56.506 4.6439 1
27.668 38.698 80.626 72.962 5.6197 1
128.85 139.19 23.09 25.002 3.0057 1
70.32 79.242 31.174 30.092 3.2339 1
146.79 116.49 29.142 25.12 3.1466 1
83.062 70.084 32.694 34.965 3.263 1
115.57 83.767 24.923 32.654 3.1538 1
59.497 49.92 65.46 72.68 7.0025 1
114.13 162.87 12.59 12.7 2.5992 1
120.37 131.64 21.27 21.174 6.2925 1
17.82 6.5818 53.882 56.435 2.8805 1
71.617 52.021 79.106 87.545 3.1091 1
56.312 60.253 1.4304 20.4 6.3262 1
136.65 112.86 14.481 16.474 2.3936 1
54.048 46.196 20.416 5.6023 3.4462 1
17.902 1.3647 46.971 48.245 8.3402 1
397.89 362.77 7.9123 18.787 2.4418 1
10.505 36.647 93.65 91.967 3.7799 1
487.18 543.04 339.3 157.93 2.1244 1
352.98 386.64 18.255 9.1622 2.2188 1
208.55 215.88 82.962 131.55 1.9131 1
218.59 221.6 149.2 170.38 1.7653 1
313.83 344.3 181.88 216.47 2.0551 1
420.25 542.97 196.23 155.65 3.2442 1
274.15 310.38 25.745 22.978 2.103 1
222.69 205.31 81.787 61.681 1.6348 1
335.42 296.61 23.41 26.432 2.2167 1
324.65 305.41 189.92 167.84 1.9486 1
94.431 77.85 80.104 85.295 2.3858 1
346.78 419.43 219.62 196.31 3.2575 1
76.512 98.986 82.539 74.962 2.0234 1
179.21 202.92 85.748 80.57 1.9091 1
228.61 227.74 246.65 229.13 4.0562 1
203.04 180.3 83.576 88.809 2.1559 1
347.06 326.28 214.98 191.94 2.0563 1
490.19 467.79 120.67 106.76 1.25 1
344.13 344.13 310.38 274.13 1.25 1
345 346.43 270.4 225.37 2.8157 1
39.279 26.667 99.195 97.552 3.7186 1
130.48 105.46 2.3229 5.9305 2.6528 1
