210.65 209.54 156.62 111.58 4.1488 1
638.99 638.96 412.88 146.63 1.2732 1
212.93 210.7 267.85 156.64 4.351 1
136.62 575.37 479 478.97 1.28 1
209.18 208.45 102.84 76.574 3.643 1
332.08 213.03 357.28 266.42 5.0505 1
209.15 413.16 75.457 13.829 5.1727 1
210.53 374.49 76.332 164.69 6.0223 1
546.69 482.62 64.902 225.28 4.8615 1
374.61 544.35 164.05 65.766 4.7246 1
354 334.32 340.3 359.23 10.605 1
413.64 546.45 14.18 63.335 4.4429 1
379.71 341.59 168.98 344.12 2.9244 1
261.76 249.63 132.45 115.93 3.0853 1
214.52 215.72 170.37 265.39 1.7612 1
252.32 247.05 266.29 255.17 2.9106 1
256.37 247.43 220.52 204.37 3.5159 1
282.81 302.88 146.8 154.11 3.524 1
212.8 213.48 109.13 164.13 1.7538 1
476.22 354.22 232.26 340.48 8.2801 1
316.66 274.07 154.02 140.55 3.2103 1
265.55 249.45 169.93 148.57 3.7618 1
303.15 271.52 242.02 231.96 3.4652 1
205.39 216.8 282.89 271.74 8.7985 1
311.67 276.52 185.23 174.48 3.1516 1
297.75 267.63 290.71 279.81 3.0752 1
366.73 333.69 199.15 354.3 3.2975 1
206.98 211.81 295.48 278.82 7.2381 1
277.71 310.23 178.42 188.35 2.9206 1
267.73 297.8 283.28 294.32 2.5405 1
371.76 367.81 174.15 191.89 3.1168 1
273.92 301.33 236.01 245.02 2.4373 1
359.4 369.96 250.43 200.29 2.2535 1
250.32 262.82 204.32 208.05 3.111 1
256.99 215.28 134.74 110.54 2.4428 1
343.5 348.04 322.74 301.66 1.3863 1
248.79 259.33 252.71 255.97 3.5833 1
338 342.85 349.15 326.62 1.7478 1
253.86 270.13 116.27 121.17 3.9512 1
253.88 266.84 148.97 151.9 3.6577 1
349.93 354.85 294.03 271.51 1.7969 1
217.78 245.4 108.04 124.08 2.5113 1
267.6 256.7 230.7 221.54 1.8978 1
211.96 212.25 86.619 101.64 1.5145 1
