638.97 638.99 412.87 147.87 1.2629 1
136.62 575.37 478.99 478.97 1.2696 1
221.37 215.46 249.18 100.32 4.8668 1
215.91 213.98 102.92 68.991 4.9505 1
586.42 514.75 103.5 269.56 6.6565 1
214.28 470.56 70.477 40.73 5.7427 1
284.89 221.12 353.66 249.92 4.4741 1
299.14 584.49 162.97 103.37 6.4202 1
235.71 233.78 129.23 111.53 3.4575 1
238.8 234.51 217.96 200.59 4.2234 1
237.45 235.87 262.9 240.34 3.5665 1
234.39 235.14 154.14 137.92 2.7291 1
237.67 242.61 202.94 217.96 2.7966 1
237.95 242.1 246.61 264.31 3.2902 1
470.69 585.7 40.912 100.99 4.4317 1
240.21 234.99 165.44 151.77 3.0561 1
236.09 250.27 139.03 145.59 3.3183 1
236.06 250.75 109.88 114.03 4.1312 1
237.7 249.14 193.21 199.09 3.3661 1
237.2 249.93 122.38 137.02 3.1576 1
297.36 279.5 352.41 358.89 10.679 1
243.23 261.11 217.83 231.07 3.0517 1
269.07 254.06 148.01 141.79 2.1116 1
254.84 238.65 122.56 115.17 4.4497 1
252.07 239.95 207.26 198.47 3.2124 1
229.81 217.38 117.32 102.03 2.3654 1
254.44 237.4 153.58 143.7 3.3067 1
218.74 229.54 99.441 112.53 2.4355 1
309.65 296.07 167.81 330.33 2.9164 1
248.68 239.89 228.43 218.3 3.9002 1
242.93 262.82 162.78 174.23 3.0866 1
265.11 243.24 282.08 269.39 3.1739 1
506.53 294.28 274.3 354.15 12.112 1
299.45 304.9 262.9 191.59 2.3105 1
291.68 296.92 269.04 191.65 3.4882 1
305.86 306.41 187.89 169.12 1.758 1
251.92 273.5 113.83 134.77 4.7527 1
248.42 236.28 141.04 128.12 4.3339 1
202.52 222.3 270.35 255.84 9.6051 1
256.26 247.2 230.94 225.18 2.3938 1
262.94 250.29 176.44 171.85 1.9527 1
295.83 271.45 193.73 165.53 2.4521 1
298.91 272.49 171.82 143.23 2.4757 1
281.72 300.3 141.54 161.7 2.4701 1
248.41 264.35 135.51 143.69 2.7642 1
273.92 296.65 140.56 165.35 2.3801 1
296.98 298.58 189.16 171.69 2.8308 1
269.4 254.45 138.88 122.47 3.0423 1
262.96 294.93 151.55 188.43 2.3311 1
222.1 247.32 202.14 239.91 2.0822 1
243.73 224.29 239.39 210.27 2.0994 1
241.77 254.73 261.45 274.75 2.5938 1
246.7 222.5 194.07 161.91 1.7823 1
297.66 298.68 284.11 265.35 1.6563 1
295.32 296.91 310.37 287.9 1.6878 1
416.56 384.19 142.59 149.44 1.9283 1
