136.63 575.38 478.98 478.99 1.2541 1
638.98 638.97 412.88 147.88 1.2602 1
227.07 200.35 251.56 77.687 4.9268 1
609.79 537.83 132.14 312.36 4.6393 1
329.9 609.72 30.446 130.96 4.9673 1
200.93 329.63 76.907 30.535 4.6864 1
33.097 42.297 39.724 36.315 4.6886 1
77.991 57.835 30.69 28.198 4.5021 1
235.38 226.34 257.87 251.5 3.9027 1
537.74 439.5 312.63 422.09 5.5582 1
442.23 233.46 417.47 258.81 10.47 1
45.161 30.245 41.285 50.686 9.4468 1
202.42 494.42 78.759 228.55 4.4635 1
26.62 9.0495 36.576 38.396 1.733 1
1.6528 23.066 50.721 49.005 4.5844 1
182.77 123.47 80.602 52.851 3.809 1
113.75 126.23 43.619 49.902 2.8174 1
497.33 444.99 226.82 413.12 4.6649 1
1.6605 34.228 35.758 32.737 3.182 1
20.382 1.5787 53.875 53.378 3.6497 1
122.77 110.5 51.867 46.355 3.0244 1
128.67 189.52 51.344 79.71 3.6126 1
126.71 147.62 50.598 42.231 2.5523 1
63.452 67.478 1.4437 14.25 3.7132 1
93.008 180.09 114.47 80.894 2.9929 1
187.74 152.72 81.285 94.976 3.9477 1
38.307 30.536 23.163 1.1273 2.9159 1
155.3 198.92 38.831 28.289 2.562 1
201.67 236.76 28.109 21.064 1.9782 1
270.19 247.78 11.156 20.131 2.3237 1
151.65 95.249 95.45 117.55 3.0974 1
238.14 275.57 21.034 5.8629 2.2861 1
240.54 220.3 22.249 27.58 2.4176 1
209.68 212.02 107.97 125.49 3.636 1
181.25 132.88 34.251 50.4 2.3867 1
30.591 61.761 100.91 88.21 1.971 1
212.38 215.19 126.52 147.73 3.7906 1
63.067 59.232 12.809 1.5885 2.0215 1
285.39 269.6 1.649 11.162 1.9352 1
217.97 221.14 161.77 186.69 2.7955 1
215.74 217.07 149.26 158 2.6601 1
542.84 560.41 291.61 247.89 1.6774 1
219.07 182.73 27.583 34.6 2.4547 1
227.83 231.12 230.38 250.46 2.8709 1
589.93 602.67 173.95 141.55 1.4517 1
243.28 209.19 104.61 86.504 2.3455 1
222.04 227.4 189.07 227.77 3.0288 1
561.4 574.22 245.29 212.91 1.4039 1
75.176 72.815 11.67 1.3527 3.9344 1
578.89 557.46 158.85 177.39 2.7603 1
556.79 497.93 178.07 227.71 3.8224 1
240.15 233.34 277.26 265.84 3.2206 1
216.85 236.55 93.705 104.26 1.2991 1
88.906 120.06 72.514 53.599 1.3723 1
599.09 581.66 141.59 156.67 2.1983 1
