638.97 638.99 411.62 147.87 1.2684 1
137.87 574.12 479.01 478.98 1.2757 1
471.01 437.52 168.99 315.01 4.8734 1
181.55 191.59 12.014 11.158 4.1613 1
438.1 308.06 315.98 365.06 7.5419 1
276.9 274.77 1.2062 12.526 3.5902 1
268.13 260.05 17.162 20.935 5.5882 1
335.51 470.42 46.605 169.21 5.2095 1
21.357 19.335 41.519 22.718 3.9959 1
259.3 234.27 22.277 24.534 4.0815 1
23.482 35.302 23.199 46.662 3.903 1
241.57 335.52 63.841 46.149 4.1639 1
1.4252 16.457 90.795 87.176 3.0157 1
210.45 247.7 70.326 130.48 4.4028 1
192.76 168.92 16.233 23.451 7.65 1
121.69 100.59 24.532 27.96 3.0381 1
230.41 211.05 205.56 79.021 4.5366 1
101.64 116.62 24.272 22.872 2.8378 1
52.62 62.458 6.7162 34.274 7.7344 1
36.541 34.288 31.65 24.077 3.7229 1
122.6 158.09 18.707 12.915 6.7471 1
248.11 277.93 27.489 19.336 3.5044 1
15.902 23.918 86.725 83.594 3.0382 1
31.761 21.456 32.804 12.963 2.4761 1
36.884 22.506 74.347 91.13 4.0693 1
7.6856 2.6507 10.476 1.0756 3.8959 1
37.432 35.896 42.937 31.9 7.4284 1
34.674 21.102 23.291 0.45022 4.5321 1
273.9 263.67 9.8914 14.607 5.0641 1
239.85 230.17 227.54 206.15 7.1546 1
246.63 274.75 27.874 56.005 2.6522 1
241.64 229.12 13.509 13.286 1.4282 1
116.6 121.6 21.583 19.081 5.5259 1
146.45 122.69 18.275 23.242 3.7263 1
14.112 1.2535 93.987 95.207 7.1125 1
21.672 15.047 13.518 1.132 2.7172 1
161.65 137.84 8.406 9.6081 2.9379 1
141.61 189.12 6.0648 6.9872 2.8878 1
168.07 146.47 23.213 18.591 2.8822 1
45.072 51.374 0.66438 6.8795 4.4498 1
24.699 13.119 87.013 91.07 2.8537 1
32.594 25.549 44.69 50.264 4.2873 1
151.81 170.41 16.844 20.208 2.7999 1
80.93 65.502 19.454 10.165 2.7865 1
16.287 21.474 9.2745 20.995 3.5606 1
115.44 85.496 75.61 83.344 2.6929 1
307.06 240.47 362.03 227.83 6.7184 1
91.404 93.109 1.4858 14.093 4.3861 1
302.99 384.27 218.28 195.89 3.6154 1
31.959 21.386 70.085 57.919 3.8524 1
86.375 65.431 82.84 86.915 2.4205 1
71.71 120.56 83.217 71.122 2.7739 1
227.86 211.65 66.548 69.263 3.6985 1
307.77 304.07 346.63 219.09 3.6034 1
101.74 70.761 45.685 57.626 2.612 1
26.03 1.2245 66.282 75.553 3.2053 1
41.611 13.991 92.704 95.039 2.3858 1
1.2498 21.583 71.908 64.016 2.2078 1
74.174 94.312 53.014 45.906 2.2881 1
269.62 246.36 56.135 33.129 2.8148 1
12.865 1.5183 18.922 19.489 5.3678 1
300.38 324.13 17.875 17.875 1.25 1
396.48 376.87 7.3385 12.532 1.9193 1
415.43 465.54 186.82 172.2 2.2506 1
64.077 86.549 24.707 23.076 2.2416 1
456.24 465.69 219.04 177.95 1.669 1
321.62 305.37 20.144 20.355 1.3311 1
