477.39 444.79 126.25 279 5.679 1
638.98 638.99 411.62 150.37 1.2602 1
139.12 572.87 479.04 478.96 1.3119 1
172.25 135.26 346.49 178.87 4.6464 1
457.57 454.55 22.808 36.441 2.9825 1
272.99 477.73 263.04 125.77 5.4422 1
448.74 455.56 27.358 19.28 3.8217 1
507.74 502.25 1.204 19.314 4.4588 1
537.21 533.27 60.172 72.998 4.8737 1
604.42 624.99 90.943 94.106 10.739 1
483.7 478.21 28.578 57.937 6.2241 1
496.56 499.67 17.864 1.2595 4.6844 1
440.24 424.04 67.537 81.702 3.9955 1
587.94 604.55 95.73 92.717 4.4736 1
428.8 440.52 72.625 61.779 3.0932 1
452.26 462.01 63.032 23.275 8.177 1
281.66 172.62 436.31 346.67 6.6939 1
445.75 288.5 280.76 434.79 7.5562 1
553.44 537.21 1.4339 59.636 4.399 1
500.44 496.72 28.723 39.995 5.1512 1
622.86 603.02 101.78 99.994 7.3579 1
424.01 396.47 81.964 85.367 4.3202 1
531.67 521.54 31.513 31.894 5.1846 1
394.16 426.67 80.687 77.024 6.3682 1
354.23 301.13 71.24 57.245 5.0221 1
450.47 441.48 64.402 67.454 3.573 1
525.23 529.5 69.086 52.974 5.4737 1
503.81 529.28 18.19 15.854 9.3875 1
516.75 500.33 27.379 28.399 5.6879 1
603.94 590.48 99.586 98.121 4.2691 1
136.04 357.69 177.77 81.204 7.7426 1
437.45 450.98 65.766 59.07 4.4698 1
384.08 349.92 82.982 69.588 4.655 1
529.14 532.97 52.604 35.121 3.9306 1
301.05 251.49 55.335 42.141 4.5969 1
478.03 458.42 66.995 63.531 8.038 1
575.71 580.6 53.006 40.462 3.0404 1
550.21 523.02 81.215 75.871 3.4593 1
424.13 394.08 71.824 73.286 3.5634 1
586.02 577.22 41.235 54.955 2.9409 1
395.15 384.8 85.936 81.828 6.0119 1
447.71 394.03 103.46 88.216 3.6384 1
445.78 448.27 97.613 77.613 8.8375 1
258.73 386.25 37.575 76.6 7.4813 1
392.61 415.52 70.026 66.26 5.1028 1
353.81 413 83.798 103.76 5.6364 1
253.15 236.9 41.351 25.101 3.5355 1
522.73 515.75 36.339 39.861 3.2767 1
540.96 549.76 33.944 1.458 2.7399 1
640.23 614.39 139.87 178.47 4.1894 1
445.49 434.14 77.141 75.301 2.9021 1
536.39 596.6 74.107 85.513 4.8859 1
550.47 507.86 160.08 146.68 2.6922 1
139.5 148.4 182.79 222.76 2.0352 1
608.84 639.68 175.17 132.02 3.3448 1
474.84 442.92 124.49 113.99 4.4362 1
235.71 215.67 25.228 20.416 3.1595 1
185 270.79 208.49 260.94 3.7906 1
513.72 503.41 64.433 50.92 2.5102 1
541.67 515.37 125.16 119.15 2.1584 1
460.39 463.33 191.63 176.71 1.4852 1
535.67 541.95 25.123 1.3807 3.4849 1
614.2 579.17 180.13 168.98 3.1404 1
236.84 258.17 16.484 38.905 6.383 1
581.27 569 95.75 84.256 3.3599 1
509.06 542.89 143.09 154.07 2.7638 1
1.4717 19.144 3.1086 1.913 3.9102 1
520.42 541.66 116.44 121.49 3.3597 1
215.37 169.11 19.924 20.929 3.1238 1
596.09 588.4 1.8855 23.067 2.672 1
408.24 444.36 87.854 98.33 4.2613 1
363.61 365.2 21.683 1.4155 13.61 1
464.17 468.37 174.13 152.97 1.7221 1
502.77 509.22 38.58 38.191 5.2163 1
530.82 527.86 80.207 94.383 4.439 1
577.92 594.18 165.24 170.18 1.9234 1
70.363 54.095 37.661 38.603 1.537 1
144.08 99.101 26.412 35.251 2.6941 1
57.887 39.094 1.7344 3.8474 2.7637 1
70.373 104.1 30.355 27.59 1.8587 1
546.59 551.16 101.61 84.003 4.8398 1
97.94 71.644 34.63 38.022 2.5194 1
105.49 132.97 27.268 22.162 2.1422 1
155.54 145.38 24.103 25.45 2.314 1
634.17 624.2 32.895 57.906 1.8668 1
52.846 4.1001 38.748 42.557 2.3366 1
416.48 430.2 67.874 69.419 3.5864 1
30.378 62.846 32.935 31.109 2.0048 1
612.88 585.08 72.844 66.716 3.9311 1
