638.98 638.98 412.87 147.87 1.2517 1
136.62 575.37 479.01 478.97 1.2865 1
274.79 274.7 149.13 116.62 6.2364 1
268.73 274.34 312.95 149.09 5.8001 1
423.68 268.01 381.4 313.82 5.3304 1
275.39 403.77 117.37 26.645 5.9889 1
277.99 487.45 118.75 184.25 5.1295 1
497.38 462.14 163.53 267.63 7.3197 1
442.77 425.99 332.01 381.82 10.263 1
462.46 446.86 268.15 316.3 6.0451 1
380.18 357.97 210.99 203.84 3.1461 1
341.57 386.81 169.31 182.24 3.2634 1
359.08 375.3 208.02 213.1 3.2056 1
386.6 361.55 177.97 170.64 3.3056 1
446.24 443.56 316.56 332.57 10.069 1
546.47 534.62 63.298 93.832 6.0178 1
403.76 546.22 26.893 60.814 4.5166 1
535.75 491.19 94.687 223.16 4.0959 1
268.79 268.71 349.13 325.36 9.9916 1
419.1 400.38 183.03 180.34 3.0001 1
366.64 348.92 269.07 263.52 2.3857 1
341.38 359 316.09 322.01 2.3606 1
349.21 365.24 266.39 272.02 2.0076 1
396.67 380.41 272.29 271.17 2.7525 1
429.09 279.15 200.49 151.56 2.7307 1
277.11 276.36 152.86 209.12 1.3826 1
410.38 395.37 213.97 212.99 2.9049 1
482.97 366.64 192.58 155.34 2.4755 1
362.68 342.69 319.74 313.45 2.5207 1
442.95 430.24 205.15 200.78 2.0309 1
532.64 499.7 92.093 163.81 4.2668 1
273.45 272.61 265.36 310.37 1.413 1
475.56 445.19 216.08 205.92 1.9941 1
384.15 370.37 321.2 320.48 2.8224 1
345.58 331.87 163.81 154.99 3.1536 1
344.5 327.94 198.6 186.54 2.9444 1
330.51 321.66 252.73 244.08 2.7212 1
489.59 449.52 229.54 326.79 4.5586 1
571.93 533.25 22.281 2.1603 3.5497 1
275.5 274.59 212.88 250.39 1.7322 1
375.62 407.75 160.9 171.98 2.6905 1
604.09 594.04 1.6125 27.842 3.0541 1
278.73 277.95 121.65 145.38 1.7815 1
408.02 442.91 196.19 207.78 1.5986 1
280.28 337.97 148.17 167.61 2.4331 1
351.63 375.32 154.09 160.56 2.1934 1
592.16 576.52 31.75 24.356 4.993 1
599.12 608.08 24.123 4.216 2.6785 1
617.91 595.35 32.654 33.419 2.9649 1
