127.01 363.07 57.024 127.21 5.3706 1
137.87 574.12 478.99 478.98 1.2565 1
638.98 638.99 412.87 147.87 1.258 1
161.83 125.51 215.04 56.309 4.8047 1
445.66 422.54 68.987 230.68 4.4398 1
373.89 406.5 118.07 95.192 5.9562 1
407.03 418.91 94.702 86.321 6.2474 1
422.75 354.61 230.39 305.82 4.6379 1
230.24 444.48 19.717 67.525 3.7418 1
362.53 373.57 126.14 118.34 4.1502 1
419.42 442.89 85.793 69.149 3.8191 1
554.3 639.2 0.81605 18.781 3.6937 1
601.56 639.14 4.4888 1.9045 4.1699 1
639.3 539.32 22.077 0.73431 3.4482 1
415.01 412.43 174.06 187.79 3.6127 1
350.09 169.17 308.61 222.65 9.1197 1
424.51 420.82 98.86 110.9 2.5948 1
421.21 418.14 124.03 137.93 3.2509 1
417.37 396.87 138.1 148.37 2.7951 1
402.95 419.49 126.97 123.22 3.7698 1
372.97 349.47 313.69 308.73 7.7868 1
400.12 411.87 175.68 172.53 3.386 1
410.52 422.21 100.86 97.302 3.5876 1
129.34 229.44 54.738 20.026 3.8574 1
639.25 602.82 5.9344 8.3573 4.6598 1
387.9 360.73 135.41 155.85 2.2763 1
605.28 586.6 8.2271 2.9723 3.7976 1
416.49 401.31 127.53 133.28 2.9396 1
395.28 407.11 220.15 215.3 2.7873 1
421.6 406.47 101.54 106.1 3.0001 1
363.89 396.62 150.06 125.37 2.4322 1
361.49 356.18 156.55 260.42 3.9369 1
362.39 361.93 129.11 150.38 2.4724 1
349.2 352.64 246.63 142.91 3.0016 1
354.78 354.01 155.33 190.37 2.4994 1
341.64 290.55 124.05 109.74 2.7918 1
290.16 170.25 109.85 73.279 3.4852 1
347.5 348.73 294.12 247.86 1.5138 1
359.07 342.76 129.31 124.53 1.7582 1
438.82 418.34 79.956 94.762 2.1368 1
166.25 164.27 241.52 225.51 3.5682 1
352.84 352.1 206.62 244.13 1.7203 1
350.52 350.3 259.12 285.37 1.25 1
385.49 373.94 313.46 311.43 7.0194 1
