464.33 430.49 171.39 319.72 4.7594 1
638.98 639 411.62 147.87 1.2684 1
137.87 574.12 479 478.98 1.2682 1
258.04 245.16 17.617 9.463 3.8369 1
329.44 463.43 47.646 169.89 4.7158 1
272.8 269.72 1.2942 13.65 5.1492 1
12.883 22.762 14.694 32.936 3.1149 1
431.54 302.12 315.14 363.34 7.9896 1
244.86 238 10.87 15.552 4.5067 1
204.57 246.62 70.097 137.88 4.2489 1
224.51 204.39 205.51 72.646 4.3052 1
46.876 55.663 7.7676 28.287 7.8758 1
28.068 25.4 24.056 16.616 3.4407 1
269.72 254.89 14.139 21.958 8.9662 1
14.244 12.845 37.865 21.521 4.4825 1
25.338 15.18 15.797 0.90551 4.0345 1
190.5 168.02 15.748 23.301 7.8963 1
29.907 28.648 30.469 24.221 3.6761 1
231.79 224.81 222.25 206.33 6.1667 1
26.472 13.67 34.204 9.3595 2.7949 1
250.47 232.88 24.221 25.445 3.3069 1
31.347 30.041 44.172 36.47 3.6796 1
236.69 329.39 64.477 48.155 4.8549 1
1.2778 23.045 88.38 78.239 4.6871 1
244.05 272.77 28.853 21.225 4.0208 1
54.2 54.589 28.977 39.01 6.2938 1
301.68 279.88 360.35 316.87 6.1529 1
40.201 46.644 0.64824 7.7431 4.6267 1
95.355 106.64 23.766 23.133 2.706 1
141.51 96.919 18.594 28.017 3.3595 1
111.94 151.74 19.02 13.722 6.8552 1
165.41 142.82 23.931 19.386 2.9296 1
302.69 297.97 357.88 219.12 3.2973 1
42.783 57.038 51.348 46.621 2.391 1
10.753 1.0364 90.108 93.844 6.7309 1
5.5207 12.748 0.86808 14.194 2.7005 1
279.52 232.17 316.42 222.6 4.0799 1
86.203 86.86 1.5768 12.861 6.1668 1
28.731 17.033 76.2 87.065 3.9898 1
75.534 59.639 18.855 9.5008 2.5979 1
149.27 164.32 17.255 20.78 2.7191 1
236.66 225.31 14.72 14.161 2.9278 1
23.556 14.565 67.088 56.034 2.9738 1
22.256 29.432 34.543 45.167 4.1707 1
81.287 76.004 11.806 1.958 2.6795 1
244.72 269.06 32.282 56.694 1.815 1
147.9 135.28 10.118 9.0176 2.7077 1
136.65 180.33 6.0755 7.849 3.4933 1
298.96 364.08 217.23 200.2 3.5171 1
134.14 123.19 7.8446 1.1138 2.3263 1
26.223 18.633 43.646 50.027 3.9795 1
110.41 64.118 75.546 85.342 2.8924 1
226.52 205.53 66.933 69.291 4.0057 1
264.56 241.62 57.424 34.127 2.7673 1
45.508 33.724 36.865 43.403 8.6173 1
429.34 460.31 311.67 175.36 2.1609 1
70.435 107.79 80.648 72.493 2.4855 1
42.932 32.785 54.992 53.481 2.6568 1
91.885 69.44 47.387 55.048 2.4508 1
71.681 85.248 50.551 46.227 2.0024 1
435.52 412.63 148.96 128.14 1.2632 1
