136.63 575.38 478.98 478.98 1.2523 1
638.97 638.98 412.87 146.62 1.2562 1
224.86 198.1 250.26 75.149 4.9635 1
608.96 536.18 124.81 306.95 4.4124 1
326.09 608.87 25.675 123.62 4.5002 1
444.75 278.24 412.48 291.59 9.0756 1
456.66 446.3 400.32 411.4 7.7424 1
198.51 326.01 73.321 25.818 4.5475 1
232.43 223.4 255.37 249.56 4.5064 1
19.95 30.933 38.069 33.654 5.799 1
67.872 55.348 27.76 28.091 4.0131 1
535.78 457.21 307.16 400 4.7735 1
35.237 19.283 37.678 48.811 9.2034 1
40.361 24.114 24.325 24.536 5.0484 1
502.23 448.9 220.55 404.06 4.6362 1
200.4 499.56 75.315 221.99 4.0809 1
278.12 236.6 291.29 260.41 7.5102 1
1.4691 23.009 32.734 30.32 3.5984 1
1.6128 10.627 49.087 46.15 3.1781 1
9.9011 1.3145 50.803 52.768 3.8308 1
172.51 114.43 77.431 50.966 3.9034 1
104.04 114.94 41.815 46.411 3.1489 1
112.82 100.6 49.271 44.761 3.3923 1
181.28 86.158 78.281 116.72 3.7327 1
14.161 1.5572 34.382 36.139 2.9939 1
120.23 180.95 49.445 76.876 3.8976 1
84.301 172.59 113.32 78.413 2.8662 1
52.074 56.281 1.0056 12.545 4.0613 1
156.64 230.44 32.936 16.918 2.339 1
266.53 236.58 5.1588 17.757 2.1862 1
235.73 200.7 18.089 26.691 3.1109 1
233.19 260.66 16.133 4.8136 1.8353 1
54.346 47.785 19.042 1.6591 2.8032 1
122.9 155.67 45.442 33.696 2.0411 1
589.3 538.25 143.07 189.53 3.541 1
541.61 558.1 285.37 244.21 1.4033 1
19.207 49.212 100.57 88.084 2.1147 1
178.99 156.72 31.008 35.817 2.0134 1
220.23 221.07 185.38 197.91 2.7443 1
225.36 228.92 226.63 249.16 2.6013 1
197.94 181.56 26.958 30.04 2.0668 1
537.64 502.95 190.11 221.58 3.8939 1
572.98 584.51 206.67 178.03 1.25 1
52.89 40.366 25.573 26.5 3.094 1
156.5 135.32 36.28 43.972 2.2388 1
238.97 230.27 276.72 262.19 3.4335 1
248.03 226.55 103.81 93.019 1.7014 1
600.79 590.21 132.04 142.71 1.7945 1
63.954 61.005 9.1896 1.3869 2.7805 1
