638.98 638.97 412.88 147.88 1.2593 1
137.87 575.37 479 478.97 1.2722 1
293.83 560.64 155.48 86.4 5.8577 1
193.12 445.16 63.295 26.391 5.437 1
204.16 193.45 246.7 64.018 6.108 1
562.37 495.65 86.647 249.98 7.1056 1
278.42 203.94 348.73 247.1 4.6175 1
257.88 243 172.87 167.52 1.7468 1
443.7 563.76 26.25 84.87 5.0415 1
258.97 236.45 142.02 133.33 2.4337 1
487.85 322.9 256.81 331.93 11.307 1
288.08 274.02 347.06 353.92 9.4265 1
221.55 217 124.14 104.04 3.7736 1
218.79 230.36 102.33 107.9 2.6288 1
222.29 220.1 207.95 190.25 3.0957 1
222.46 235.32 188.87 194.25 3.7538 1
219.4 218.85 145.42 134.08 4.1034 1
220.15 237.85 133.46 140.45 3.0285 1
224.58 220.78 259.26 236.56 3.7033 1
223.73 233.28 236.2 240.79 3.379 1
255.43 232.35 277.76 266.46 2.3606 1
322.47 292.68 331.87 345.91 10.24 1
227.74 219.53 160.45 146.39 3.3301 1
302.63 297.53 164.1 226.7 2.8526 1
228.66 248.58 212.35 224.98 2.9899 1
241.68 221.56 149.02 137.99 3.7088 1
262.18 285.21 126.01 146.81 3.3512 1
236.64 254.2 271.59 280.23 2.2597 1
227.81 246.42 155.48 166.96 3.352 1
237.05 220.61 115.79 107.41 3.3865 1
222.71 228.48 196.69 211.39 2.8275 1
224.27 227.77 244.09 256.65 2.4081 1
223.11 240.02 118.85 133.29 3.1098 1
241.81 226.4 205.11 194.45 3.2415 1
236.11 222.46 223.47 208.1 4.369 1
213.49 197.49 112.28 95.75 2.0242 1
291.61 262.4 164.14 137.13 2.4297 1
187.97 205.3 266.75 252.51 8.2449 1
234.48 222.37 133.91 123.46 4.8988 1
199.62 211.99 93.612 106.27 1.9285 1
296.69 296.15 234.13 247.86 1.4951 1
235.32 260.85 104.01 126.26 6.9867 1
295.97 287.64 244.18 342.86 2.6973 1
257.62 290.81 128.14 159.92 2.347 1
291.03 267.17 188.5 166.05 3.3186 1
295.55 297.79 217.89 187.87 2.1763 1
297.84 300.17 181.62 164.1 2.3934 1
256.94 236.64 131.3 111.61 2.0369 1
266.87 246.77 165.12 145.23 1.8701 1
291.85 293.17 265.39 245.39 1.6596 1
249.36 288.99 143.89 183.01 2.0668 1
294.04 294.29 240.37 221.61 1.25 1
225.12 211.33 101.89 88.168 1.25 1
230.13 205.21 235.57 204.25 1.8221 1
286.13 289.82 246.59 189.09 2.9259 1
290.29 291.34 181.62 165.36 1.8933 1
415.46 385.16 128.24 135.78 2.4309 1
221.03 234.36 219.6 236.44 2.0028 1
254.3 267.63 208.97 224.34 1.387 1
273.88 265.29 354.67 357.63 2.7706 1
231.98 245.26 183.82 199.23 1.7896 1
