638.98 639 411.62 149.12 1.2664 1
139.12 572.87 479.02 478.97 1.2853 1
297.56 491.33 238.69 95.416 5.8602 1
489.95 458.33 94.777 249.22 6.1817 1
482.54 477.67 1.22 35.345 5.6616 1
461.78 306.6 247.97 410.35 5.9467 1
451.83 459.71 36.671 1.1991 9.2203 1
422.94 440.04 50.446 33.818 4.3328 1
154.33 362.62 158.3 57.429 6.8347 1
498.42 493.28 1.049 18.507 4.518 1
486.09 492.5 13.263 1.421 4.4878 1
440.65 423.57 39.379 56.09 4.3523 1
634.65 624.99 58.665 73.881 4.2213 1
545.39 531.98 1.2703 47.978 5.1508 1
526.26 530.62 39.344 21.687 6.3673 1
193.48 152.39 323.33 161.75 8.6753 1
526.21 514.61 1.0779 9.7754 5.9996 1
617.45 631.41 60.255 55.932 7.0796 1
626.73 605.31 69.182 67.386 9.2416 1
307.65 193.04 404.73 321.87 9.936 1
425.77 408.07 54.124 59.726 3.3941 1
599.56 614.3 59.669 56.094 8.2087 1
446.68 450.33 66.266 41.434 8.4757 1
529.13 532.82 22.876 1.4008 4.7899 1
271.74 291.69 18.56 22.537 3.682 1
475.9 458.29 36.801 32.789 10.752 1
616.55 639.65 141.58 105.71 3.5271 1
248.56 271.99 12.344 19.097 4.3159 1
313.96 369.52 29.85 42.38 3.9798 1
365.55 305.27 50.875 37.097 3.8653 1
401.34 420.41 51.392 49.435 4.3356 1
289.07 257.73 30.678 24.917 2.9107 1
407.72 394 58.964 60.501 4.2047 1
639.63 622.74 115.68 144.04 3.2699 1
292.1 313.42 22.746 30.047 4.4548 1
238.73 250.91 0.72639 12.373 3.7305 1
304.98 287.05 36.521 30.395 3.1738 1
388.69 361.64 58.343 51.549 3.3498 1
368.98 386.29 43.335 48.927 2.8367 1
472.86 460 89.186 85.374 7.1903 1
360.95 397.83 59.678 70.512 7.9675 1
459.78 446.25 85.253 81.852 5.466 1
412.85 396.62 46.316 47.837 1.5946 1
96.675 20.337 18.359 26.259 2.7022 1
232.81 216.84 6.8455 2.1551 2.6844 1
569.49 587.92 43.492 54.04 3.0983 1
118.17 97.79 12.944 17.492 2.44 1
151.87 126.69 5.2798 10.691 2.2726 1
175.3 152.83 2.2795 4.9657 2.0374 1
485.29 477.65 94.265 89.485 4.7493 1
67.878 101.71 14.148 9.7656 2.3187 1
399.02 419.07 39.419 37.315 2.0948 1
549.14 553.89 66.985 50.309 3.497 1
19.191 40.411 18.731 17.095 2.1113 1
19.195 1.6459 25.963 28.051 2.6302 1
