638.98 639 411.62 149.12 1.2637 1
139.12 574.12 479.02 478.97 1.2935 1
449.72 433.01 59.992 197.74 7.0306 1
217.3 452.99 188.89 32.435 7.1463 1
153.97 84.011 282.94 111.9 6.9418 1
453.05 450.73 33.717 54.023 7.3429 1
445.23 385.22 14.834 2.3966 3.7926 1
394.18 452.83 1.3566 13.084 3.1867 1
435.63 266.96 199.39 360.72 9.663 1
83.991 317.24 112.69 0.30674 6.3166 1
338.18 437.9 0.47061 26.512 3.8295 1
261.29 154.53 361.17 282.78 9.2724 1
572.78 507.88 72.041 56.601 3.0064 1
509.31 559.12 53.352 65.409 2.916 1
469.23 440.49 18.33 14.538 2.7369 1
521.67 560.37 23.792 29.132 3.0314 1
559.04 514.03 32.215 26.089 2.924 1
258.92 218.77 354.18 190.16 3.7268 1
198.93 216.12 176.98 186.31 2.699 1
448.03 447.84 10.399 1.5983 5.0263 1
622.84 575.35 84.256 72.993 2.4325 1
