235.27 206.94 311.42 153.84 4.7805 1
275.58 303.19 12.617 6.9158 4.2571 1
638.98 638.99 411.62 147.87 1.2554 1
137.87 572.87 479.01 478.97 1.2834 1
304.47 283.37 8.9441 15.676 4.2306 1
260.41 210.44 13.924 6.2306 5.1282 1
202.75 250.62 2.7311 8.192 4.6515 1
180.37 201.69 1.7318 3.1372 2.9057 1
206.35 293.23 153.71 51.932 4.2674 1
409.38 457.47 167.97 38.973 4.2064 1
536.42 527.89 14.275 2.8617 4.2374 1
251.44 269.12 9.1159 11.684 3.3516 1
210.54 156.61 7.6254 1.8103 4.8372 1
380.07 234.39 351.49 311.89 8.5168 1
384.35 380.36 339.42 359.12 5.6457 1
456.54 321.55 37.26 19.705 5.9254 1
556.62 509.12 19.195 18.903 3.7269 1
526.93 518.23 4.8195 8.6816 3.9346 1
315.19 275.39 24.051 17.78 3.8392 1
507.77 521.82 19.497 23.413 2.1316 1
320.53 305.21 20.279 38.988 3.6109 1
630.62 634.91 12.967 1.4526 3.4908 1
402.23 389.78 193.88 290.3 3.9951 1
388.31 387.3 300.3 310.56 3.6099 1
563.32 555.79 3.3186 10.804 4.4167 1
520.39 556.63 23.378 23.166 3.9178 1
286.43 275.3 0.8737 3.8354 2.4159 1
285.46 316.72 17.12 20.799 2.9938 1
388.68 384.48 316.77 339.76 8.9404 1
457.7 428.38 40.119 202.97 4.5012 1
389.9 388.51 290.12 299.41 3.7085 1
270.74 260.68 16.282 14.01 5.4282 1
555.4 538.95 11.838 14.052 5.3833 1
208.89 400.45 154.02 192.48 4.4433 1
427.3 392.71 203.08 317.83 4.1971 1
511.7 461.63 67.185 61.55 2.9197 1
505.9 508.61 64.073 26.588 3.0343 1
211.44 228.16 160.41 254.07 2.1936 1
513.41 510.78 26.577 65.318 3.0871 1
464.18 504.19 58.698 63.606 2.2003 1
391.63 421.54 25.346 28.646 2.0738 1
366.63 346.63 1.625 1.625 1.25 1
230.62 233.8 266.59 286.68 1.626 1
639.16 622.93 43.906 41.3 2.2247 1
619.11 596.58 40.486 36.918 2.0895 1
