135.37 575.37 479 478.98 1.2696 1
638.98 638.98 412.88 146.63 1.2507 1
486.45 457.18 10.844 0.11362 4.4608 1
553.17 513.85 80.122 228.72 5.2239 1
560.7 553.61 53.507 78.44 5.6491 1
468.22 505.37 0.6804 14.142 4.394 1
183.31 435.04 84.259 4.3187 4.7494 1
223.31 183.41 257.49 83.714 4.8404 1
284.38 561.46 169.72 51.675 6.0902 1
515.59 312.47 227.77 352.22 8.6383 1
519.08 545.38 17.296 15.401 3.7403 1
555.44 525.16 17.118 21.316 4.5726 1
306.61 223.34 354.31 257.3 7.1691 1
509.07 522.84 14.805 15.839 3.055 1
569.87 513.53 42.03 24.835 3.9906 1
504.76 495.72 18.631 15.363 5.9776 1
542.83 555.39 15.222 11.685 3.9484 1
516.72 581.55 22.554 41.873 3.3639 1
565.51 552.37 9.3634 16.703 5.7121 1
514.65 503.26 23.55 20.276 4.1295 1
525.42 564.13 3.5638 6.6089 4.0608 1
585.16 566.74 0.82505 5.7839 4.1785 1
525.56 512.82 20.722 18.147 3.4413 1
304.86 285.12 349.32 171.51 4.2796 1
455.4 557.62 12.803 49.828 4.2569 1
586.44 610.31 7.1267 9.7076 3.1909 1
552.83 526.61 8.5261 6.8464 3.1341 1
510.13 524.12 8.3307 4.0956 3.6982 1
577.86 565.45 14.204 11.309 3.6519 1
529.92 511.63 7.223 11.63 4.0267 1
603.96 568.05 49.901 42.072 3.3061 1
639.32 630.61 94.724 92.087 2.8646 1
625.38 605.37 2.4486 2.6912 3.8406 1
574.77 579.93 37.416 16.516 8.5086 1
188.9 191.9 91.671 106.57 1.7197 1
192.57 204.08 109.19 160.38 2.0426 1
623.86 614.19 9.6266 13.045 3.1901 1
512.17 520.82 223.02 190.49 1.6208 1
525.3 544.48 172.86 99.217 1.7772 1
612.87 589.07 12.909 11.027 2.098 1
258.14 226.42 145.05 119.38 2.1748 1
521.45 524.57 187.83 175.49 1.8249 1
