271.63 277.67 314.17 152.96 5.0573 1
638.99 638.98 412.88 149.13 1.2566 1
277.83 278.27 147.92 121.63 5.1453 1
137.87 574.12 479 478.98 1.2737 1
427.51 270.77 382.48 315.69 5.7801 1
278.02 404.77 121.07 30.022 4.5894 1
280.03 492.53 121.5 186.5 4.4993 1
450.52 429.82 321.64 382.26 8.2516 1
499.04 469.47 173.25 260.49 5.8394 1
469.61 449.89 260.95 321.06 4.6754 1
430.58 424.54 381.48 389.44 6.4894 1
392.76 362.55 180.8 172.86 3.1892 1
363.94 385.67 177.36 182.97 3.3575 1
385.27 360.41 213.25 206.5 3.0673 1
361.66 381.59 210.25 215.51 2.6693 1
405.21 547.87 29.831 62.905 3.9693 1
369.37 351.68 270.86 265.2 2.4799 1
421.67 400.36 184.85 183.09 2.4914 1
352.62 369.26 268.72 273.66 2.0405 1
400.37 381.62 273.73 273.78 1.2885 1
269.69 274.81 335.15 319.35 8.6758 1
414.12 392.87 216.05 215.82 2.6056 1
548.67 532.71 64.702 105.05 6.2716 1
522.38 511.53 141.02 172.41 3.7307 1
488.06 317.86 194.78 141.67 2.4543 1
511.41 492.86 172.8 225.81 3.5981 1
480.35 281.63 217.94 154.12 2.4743 1
515.69 509.71 138.54 152.59 3.2795 1
524.56 522.29 135.04 140.65 3.2548 1
527.61 526.01 125.29 130.57 2.7554 1
281.67 280.53 131.63 147.89 1.9475 1
278.78 276.51 215.36 261.62 2.1055 1
509.39 500.04 152.99 174.52 3.4847 1
522.43 516.34 123.21 137.76 3.3544 1
389.16 367.89 323.82 321.49 3.0286 1
280.74 278.76 155.39 212.86 1.8541 1
493.86 454.78 225.27 322.64 3.954 1
532.83 525.19 105.56 123.84 8.4682 1
591.68 526.66 34.005 1.5507 2.799 1
366.6 347.76 321.7 315.74 2.5026 1
404.14 421.65 186.37 187.49 1.7287 1
276.63 274.86 267.88 311.65 1.6865 1
344.25 361.47 317.5 323.33 2.0054 1
395.37 412.89 218.17 218.75 1.7042 1
283.77 362.97 151.46 177.6 2.147 1
400.4 417.82 170.29 175.57 2.0297 1
352.87 399.32 155.4 169.74 2.4038 1
350.58 334.17 167.57 156.55 3.143 1
411.51 437.85 198.23 206.71 2.036 1
270.76 274.19 345.84 333.79 9.2755 1
603.52 595.79 1.8474 24.268 3.1783 1
295.32 282.9 273 267.82 1.8261 1
340.71 331.83 196.22 188.88 3.0577 1
335.36 326.84 255.4 247.64 3.614 1
624.08 592.9 33.212 34.694 2.3785 1
272.44 270.95 359.18 346.56 6.3535 1
