638.98 639 411.62 149.12 1.2634 1
139.12 572.87 479 478.98 1.2701 1
473.92 448.29 166.37 315.23 4.5847 1
340.71 473.36 42.616 164.95 4.2795 1
448.93 316.64 316.1 365.4 7.7409 1
292.15 287.68 1.2651 10.279 3.9151 1
43.616 39.424 47.721 27.553 4.6411 1
38.729 51.941 19.322 45.845 3.9139 1
282.79 275.55 16.424 19.539 3.2117 1
28.575 37.344 1.2616 18.151 3.0507 1
249.12 269.14 25.641 26.05 1.5559 1
57.016 55.62 41.781 34.081 3.4908 1
213.63 259.71 69.938 150.04 4.3059 1
264.09 257.69 8.7671 13.891 3.0452 1
24.452 1.1595 4.3394 9.5403 6.1115 1
20.876 36.555 96.258 92.578 3.1836 1
212.55 189.43 15.696 23.748 8.6217 1
275.36 255.43 20.316 24.38 3.4011 1
68.031 81.488 7.2613 38.094 7.4369 1
313.61 255.78 363.12 240.19 4.131 1
50.135 45.46 21.771 14.073 3.4345 1
1.4952 20.291 100.93 97.423 3.4571 1
39.169 14.399 98.097 103.01 6.628 1
240.83 213.84 207.78 72.682 3.9294 1
131.68 117.91 29.859 30.896 1.9618 1
55.301 50.658 33.656 22.01 3.491 1
41.622 48.378 59.123 48.643 3.3779 1
30.021 25.577 14.287 4.6064 3.9295 1
120.35 157.67 29.032 17.242 6.2738 1
37.304 53.09 92.529 80.661 4.2588 1
53.251 41.301 41.428 18.639 2.7406 1
314.43 300.03 361.59 219.03 3.6055 1
79.543 64.124 50.431 55.371 3.1898 1
46.988 41.36 70.858 60.519 2.5711 1
257.85 339.35 60.272 42.684 4.193 1
269.08 292.77 25.222 17.548 3.6013 1
288.19 278.59 8.5244 13.116 5.5893 1
245.28 241.49 220.77 207.91 7.5473 1
53.564 40.165 84.675 95.422 4.6925 1
162.93 131.95 20.575 29.058 3.7316 1
67.798 82.594 57.67 52.126 2.0477 1
257.93 245.4 12.679 13.3 2.9299 1
299.36 354.34 217.49 202.41 3.9691 1
16.067 31.516 83.312 72.715 3.4162 1
16.865 1.4644 102.95 105.74 5.5881 1
159.12 202.89 8.675 8.326 2.5099 1
158.2 174.04 18.196 14.964 6.1482 1
168.99 190.34 18.867 21.858 3.1936 1
99.361 84.83 23.713 15.394 2.6414 1
108.99 111.52 1.419 15.164 5.1436 1
189.17 163.98 25.064 21.38 3.559 1
47.88 62.87 2.8204 4.1822 5.545 1
106.17 98.788 18.098 3.04 2.8611 1
139.37 88.164 76.286 90.189 3.2042 1
255.55 246.84 239.72 220.85 3.5806 1
250.52 214.38 62.389 69.202 4.1284 1
176.64 156.57 10.724 11.837 2.9804 1
69.517 59.007 44.706 50.307 7.9398 1
94.228 141.75 85.732 72.06 2.8794 1
262.66 286.38 28.085 51.871 2.6932 1
86.567 100.62 12.975 21.207 2.1571 1
157.6 142.99 10.809 1.451 1.3656 1
46.656 25.351 71.702 80.316 3.008 1
281.82 261.32 52.671 31.931 2.81 1
61.653 40.249 96.884 99.218 2.6208 1
41.707 59.108 97.093 94.028 1.6648 1
117.08 94.504 50.18 59.996 2.5431 1
355.17 404.07 202.18 187.7 2.8857 1
35.005 0.71585 25.45 36.234 7.1545 1
15.347 27.807 16.12 15.418 2.7774 1
452.93 396.42 150.31 98.102 1.3563 1
444.88 451.9 314.27 276.68 1.9338 1
426.49 445.35 181.19 175.28 1.6378 1
454.47 459.59 261.68 230.45 1.6592 1
412.83 389.32 1.4867 8.5142 1.9276 1
1.6156 11.633 14.696 14.861 1.3937 1
464.23 467.1 205.39 185.44 1.25 1
16.608 1.5045 21.825 20.523 4.1656 1
