638.97 639 411.62 149.12 1.2779 1
139.12 574.12 479.03 478.97 1.2993 1
244.47 473.98 172.14 20.152 7.6474 1
105.17 304.61 93.85 -0.00047057 5.9216 1
170.24 107.11 266.22 93.035 7.0233 1
454.75 448.17 146.91 190.23 4.9717 1
449.94 277.09 192.5 353.38 8.0511 1
469.52 454.72 45.433 146.71 8.8962 1
277.91 170.21 349.97 266.48 6.3261 1
478.93 439.31 8.8395 0.72832 2.9217 1
473.44 469.66 22.55 45.044 7.6034 1
406.8 440.51 0.95238 9.8832 3.1294 1
192.8 243.82 143.01 170.93 3.6576 1
591.84 520.35 67.074 47.965 2.8216 1
524.11 567.75 45.425 57.083 2.9777 1
536.78 569.08 15.609 20.69 2.7329 1
565.28 534.19 23.514 18.717 2.5696 1
275.9 255.62 345.28 232.83 3.5496 1
630.54 596.56 77.249 68.108 2.456 1
600.36 630.37 65.431 72.903 1.8219 1
255.26 249.41 230.16 199.07 2.6138 1
