638.98 638.99 411.62 149.12 1.2608 1
136.62 574.12 479 478.98 1.2683 1
394.87 378.88 165.32 315.22 4.7555 1
231.67 199.65 343.85 194.99 4.5679 1
339.77 394.75 66.96 165.58 4.3859 1
380.42 232.18 316.86 346.94 8.0426 1
179.79 186.43 39.032 86.652 3.6833 1
200.04 185.85 196.84 91.562 4.3146 1
48.562 65.907 45.443 36.395 3.7592 1
35.476 49.381 47.087 44.048 4.1974 1
63.037 72.55 11.816 3.7418 3.5238 1
29.342 42.535 37.811 27.442 3.8619 1
1.5913 32.812 49.778 48.013 3.6252 1
73.035 62.598 31.763 43.886 2.769 1
201.58 390.4 195.09 166.82 5.2761 1
59.119 21.58 51.472 53.06 6.35 1
63.457 52.857 42.736 47.837 3.9635 1
271.72 180.53 28.84 38.117 5.5018 1
21.624 1.6241 53.914 53.927 5.0048 1
41.815 31.892 31.843 40.498 3.4069 1
104.13 81.601 6.1024 5.9804 10.074 1
86.712 104.05 14.469 10.063 2.6899 1
275.36 291.61 2.2268 2.5303 3.9128 1
43.747 62.734 27.801 22.38 2.9196 1
62.762 42.325 26.24 32.257 3.5239 1
86.594 60.241 50.083 52.855 2.8785 1
145.62 106.77 40.512 47.447 3.0777 1
291.18 281.32 24.393 8.0574 3.0452 1
284.21 296.08 5.3237 24.949 2.7861 1
125.46 150.4 40.775 35.487 2.5194 1
384.76 391.26 229.06 169.09 2.0515 1
142.69 124.3 8.6594 15.813 1.899 1
376.78 379.55 305.39 275.41 1.25 1
380.31 384.25 271.62 231.64 1.5066 1
