638.97 638.99 412.87 147.87 1.2634 1
136.62 574.12 479 478.97 1.2766 1
301.34 577 152.92 86.938 5.2246 1
206.77 460.43 60.216 25.763 4.7129 1
510.2 344.61 254.97 326.1 10.329 1
216.27 206.46 244.14 60.317 5.2332 1
579 509.04 86.774 253.57 6.4689 1
234.04 229.31 154.4 131.59 4.3402 1
286.19 216.47 346.92 244.63 5.349 1
232.32 232.7 246.65 234.16 2.5734 1
232.63 227.93 121.68 100.36 4.7565 1
266.75 243.85 138.8 129.83 2.2778 1
461.19 578.71 26.252 84.947 3.924 1
293.33 283.38 346.26 351.36 7.325 1
267.92 248.15 170.25 163.33 2.5399 1
233.59 231.07 207.94 186.54 4.0908 1
344.25 292.15 325.67 348.33 10.666 1
231.12 246.57 130.36 136.76 3.745 1
264.22 251.66 226.36 221.55 2.062 1
234.94 237.02 240.23 251.55 2.6842 1
231.26 251.67 100.36 106.48 5.1483 1
233.8 244.53 186.13 190.67 3.2766 1
233.92 247.94 233.57 237.66 2.8476 1
239.84 232.45 261.89 246.83 2.3233 1
264.2 241.5 275.23 263.1 2.1299 1
310.31 295.55 159.12 340.39 3.072 1
247.72 235.29 143.18 136.79 3.9379 1
249.29 236.13 200.13 191.1 3.1524 1
250.59 233.91 113.67 105.84 4.3878 1
273.94 300.35 125.56 151.65 3.6664 1
233.65 244.48 114.57 126.29 2.6846 1
235.28 244.04 201.29 214.18 3.1814 1
305.85 307.43 180.31 161.59 2.1764 1
244.69 260.52 214.15 222.61 2.7185 1
301.3 305.46 240.44 185.29 2.6371 1
197.79 216.84 264.92 249.97 7.1569 1
239.69 249.9 153.37 161.01 3.0013 1
251.98 272 106.27 126.25 6.1894 1
293.61 297.39 241.59 186.51 3.5698 1
211.73 225.66 90.277 105.11 2.2109 1
244.88 261.5 126.42 134.38 2.3486 1
300.93 270.02 163.59 133.24 2.676 1
246.99 234.77 221.28 208.45 3.4491 1
243.28 234.47 131.27 121.16 4.0087 1
246.52 235.64 164.24 153.92 4.2548 1
224.64 212.57 108.64 95.661 2.2136 1
298.36 268.74 186.12 155.75 2.9988 1
298.33 298.5 180.38 162.87 1.4164 1
266.57 249.91 129.17 112.08 1.972 1
284.49 298.47 143.75 157.26 2.0424 1
297.82 299.06 282.87 264.12 1.9083 1
282.6 295.64 165.62 180.14 2.2398 1
259.38 277.63 141.38 160.61 2.2257 1
469.1 447.58 116.5 121.62 2.1432 1
294.02 294.36 332.87 317.88 1.2774 1
312.76 302.82 349.67 351.27 2.0715 1
230.53 220.22 219.01 205.5 1.2802 1
