638.99 638.98 411.63 147.88 1.2555 1
137.87 572.87 479.02 478.97 1.2916 1
446.4 310.31 19.611 2.1674 4.9594 1
224.28 197.28 296.39 136.09 8.1089 1
407.49 447.21 131.93 20.14 4.8366 1
301.58 249.26 8.1697 0.65199 3.7046 1
309.55 292.72 1.9714 22.747 4.4875 1
367.82 221.7 335.59 297.58 8.7829 1
542.88 497.89 2.6481 3.0234 2.8543 1
196.35 276.38 137.24 41.425 5.7447 1
504.12 542.88 7.37 7.3433 3.7733 1
270.4 304 1.3859 5.2224 2.8019 1
200.25 392.77 137.28 174.65 4.4107 1
378.93 371.39 294.34 332.08 12.503 1
393.47 388.53 176.35 210.47 6.039 1
446.51 417.52 25.126 184.52 5.8114 1
388.42 378.47 210.64 278.15 6.222 1
377.69 376.89 282.95 293.96 8.6378 1
416.57 383.54 184.98 295.2 5.745 1
493.42 495.61 47.832 11.564 3.4753 1
500.36 498.48 10.312 47.843 3.4961 1
485.4 452.91 50.174 46.344 2.2656 1
461.64 480.44 44.015 46.006 1.3747 1
