203.77 159.93 348.62 163.64 5.2309 1
135.37 575.37 478.99 478.98 1.2668 1
638.97 638.99 412.87 147.87 1.2699 1
529.15 488.11 138.56 317.64 5.6604 1
465.63 530.78 66.273 138.63 4.6553 1
160.02 180.93 164.96 84.268 4.9397 1
181.73 465.47 84.635 66.924 5.7067 1
374.07 456.6 3.3652 6.0924 3.6958 1
319.13 372.88 1.397 2.0093 1.378 1
456.62 371.6 9.1571 6.1161 3.9245 1
457.87 505.38 4.8965 4.4768 2.8091 1
608.03 638.94 63.817 79.488 4.0188 1
514.12 457.87 7.4369 7.5431 2.6061 1
370.43 256.63 4.8653 1.3778 3.5426 1
502 212.5 320.18 350.53 11.861 1
566.59 599 39.207 54.389 3.7829 1
640.12 608.11 84.625 68.649 3.9388 1
255.38 172.83 1.7289 5.7787 3.7221 1
525.49 560.94 4.949 14.55 4.1972 1
555.18 535.32 16.071 10.568 3.6864 1
594.74 565.47 56.698 42.668 3.8754 1
171.64 124.11 4.8726 5.8956 3.3332 1
534.27 513.96 10.457 8.0176 3.2759 1
596.24 610.87 52.968 63.888 3.7672 1
560.65 562.32 39.153 22.818 2.7351 1
562.11 555.33 21.46 16.696 3.4825 1
506.6 524.19 4.513 5.8069 2.6767 1
122.91 55.368 5.8496 10.262 4.0429 1
560.12 566.07 14.358 20.882 2.8519 1
566.17 564.73 21.573 34.194 3.6163 1
54.075 23.876 8.6187 11.62 5.3386 1
47.871 165.31 6.5212 1.4629 3.2204 1
162.94 526.61 165.02 137.7 5.6166 1
608.05 594.51 67.992 57.384 5.3472 1
34.11 42.883 3.7966 3.7115 3.8105 1
1.6288 30.403 10.425 8.2445 2.9835 1
171.63 220.37 3.0652 1.3543 1.9071 1
22.949 1.544 12.73 14.171 3.4896 1
168.71 188.09 186.72 267.82 1.9593 1
192.81 200.42 287.89 320.36 1.788 1
