136.62 574.12 479 478.97 1.2722 1
195.62 154.73 296.27 126.18 5.0605 1
638.98 638.99 412.87 149.12 1.2523 1
156.58 490.37 126.02 133.17 4.7044 1
493.49 462.85 132.55 307.65 5.2937 1
477.35 490.82 90.758 109.36 6.6004 1
204.12 470.36 63.872 66.093 4.6154 1
470.35 478.45 65.804 89.757 4.7703 1
407.96 334.21 5.367 0.36707 3.2976 1
488.37 493.32 118.5 132.36 5.2146 1
384.18 462.91 0.91056 7.495 2.8988 1
520.47 409.13 16.991 5.3271 3.5876 1
463.96 522.9 8.4554 13.84 3.8541 1
581.65 521.61 17.282 16.546 3.1677 1
524.09 605.41 13.005 15.223 3.1694 1
639.33 580.37 23.697 16.631 4.1231 1
482.91 416.6 310.38 310.97 9.7866 1
322.88 262.88 1.6984 1.7017 1.2518 1
415.55 204.18 310.39 300.44 8.3312 1
139.13 69.124 2.2162 2.6597 2.8088 1
171.69 204.19 102.93 63.968 3.6806 1
606.57 639.43 15.716 21.01 3.5855 1
168.91 178.16 170.43 209.06 1.6962 1
182.64 190.3 227.93 260.39 1.7908 1
466.62 365.37 69.183 68.286 1.8035 1
231.63 200.38 130.37 130.37 1.25 1
194.12 167.89 130.47 129.82 1.4974 1
160.75 170.85 116.93 104.51 1.3144 1
