638.98 638.97 412.88 147.88 1.2587 1
139.12 574.12 479 478.97 1.2766 1
611.44 530.82 99.705 271.91 4.9803 1
236.54 233.64 232.85 82.836 4.6273 1
233.82 232.95 82.918 51.588 4.4109 1
287.37 236.09 338.77 232.49 3.96 1
531.54 521.65 271.17 273 5.5992 1
247.59 248.41 142.86 121.65 2.9312 1
246.49 248.8 106.61 90.508 2.8224 1
249.93 252.66 184.19 203.09 3.0097 1
523.45 275.41 276.14 346.75 12.417 1
247.36 248.32 194.1 175.4 3.141 1
303.16 609.45 147.24 101.28 7.0491 1
247.25 248.14 242.85 222.89 4.1917 1
249.97 251.55 227.91 246.74 3.1098 1
234.34 498.11 52.026 32.187 7.5558 1
260.01 246.43 216.36 194.24 3.9428 1
497.95 611.04 32.341 100.1 6.429 1
250.2 247.34 116.34 105.52 4.1966 1
257.42 248.11 156.13 141 4.504 1
250.97 258.9 176.3 181.94 2.5305 1
256.51 248 257.95 244.05 2.9602 1
251.61 261.91 196.26 211.04 2.951 1
292.23 302.06 286.58 146.66 3.7614 1
312.92 299.89 152.88 305.33 2.7463 1
221.64 237.46 247.91 239.58 7.2192 1
252.06 263.55 107.24 122.36 3.1872 1
275.83 283.9 108.93 127.97 2.6142 1
265.21 252.82 104.58 97.978 4.4127 1
265.25 252.74 136.8 128.07 3.8847 1
262.41 252.44 189.74 182.2 3.26 1
253.31 263.97 143.69 154.28 2.6773 1
251.95 260.14 246.34 255.59 1.9684 1
305.4 309.94 209.13 155.34 2.5057 1
527.96 523.75 281.31 296.86 5.2503 1
273.2 259.73 219.74 212.9 3.9818 1
297.78 281.88 176.69 153.95 2.1491 1
261.45 269.41 208.13 213.72 2.8737 1
269.98 257.24 162.22 153.85 3.5205 1
254.04 239.77 221.67 194.44 2.1083 1
264.89 271.45 98.314 105.53 2.1508 1
275.73 298.27 139.74 172.61 2.0315 1
277.53 265.05 123.12 105.22 3.7602 1
301.72 302.89 256.63 236.63 1.9076 1
242.97 237.55 97.82 88.053 2.186 1
272.85 257.23 266.67 257.77 1.541 1
299.71 282.22 153.7 129.6 2.3008 1
286 300.63 129.57 150.2 1.9088 1
242.54 256.92 193.04 221.48 2.3434 1
251.58 237.04 75.411 55.998 3.7616 1
236.44 237.03 91.628 130.39 1.25 1
239.12 239.12 197.88 231.63 1.25 1
254.64 242.66 172.58 151.75 1.7068 1
258.96 253.29 86.726 77.617 1.9822 1
