638.98 638.98 412.87 145.37 1.2523 1
137.87 575.37 479 478.97 1.2756 1
568.51 484.16 181.99 359.8 4.8067 1
202.7 515.17 48.075 85.819 4.787 1
164.87 184.36 103.54 81.703 5.7283 1
175.54 153.37 329.11 133.93 5.3049 1
515.36 569.63 86.092 182.05 5.2803 1
482.79 166.63 362.5 331.53 11.075 1
153.47 166.15 134.46 111.91 4.6994 1
165.18 167.46 111.85 101.27 5.2407 1
183.81 202.19 80.739 48.196 4.1627 1
156.53 566.6 134.96 181.86 4.8418 1
177.21 168.32 93.692 107.35 3.0936 1
517.91 554.28 281.64 204.2 1.7841 1
469.06 389.17 83.386 73.77 1.8385 1
501.78 510.63 315.45 296.75 1.6046 1
613.12 596.62 0.67415 39.848 8.428 1
484.05 490.45 352.84 339.16 1.5166 1
162.7 164.25 186.65 200.36 1.6638 1
