638.98 638.98 412.87 146.62 1.2575 1
136.62 574.12 479 478.98 1.2677 1
478.82 435.66 163.47 323.53 6.1162 1
483.86 478.97 144.06 163.78 6.0563 1
216.72 212.97 212.96 46.595 6.3547 1
343.81 484.61 47.123 135.1 5.4361 1
579.72 639.68 27.687 44.658 6.8081 1
300.4 481.63 150.73 136.71 6.5208 1
640.37 575.13 57.395 38.198 11.005 1
435.06 290.49 322.78 357.11 8.985 1
285.55 218.74 357.79 216.22 5.9702 1
288.04 299.97 354.22 184.1 2.9537 1
294.51 286.19 366.29 356.66 8.9439 1
283.84 296.75 347.86 155.38 3.0266 1
345.3 456.57 6.9061 12.71 4.1467 1
232.25 300.79 69.832 148.77 3.6956 1
293 289.74 245.38 296.58 1.8577 1
214.12 344.13 47.579 47.706 3.8717 1
300.17 301.34 176.61 160.27 2.6724 1
286.79 286.55 330.38 349.12 1.2814 1
457.95 352.83 7.5129 2.516 4.3437 1
576.23 547.18 59.864 44.17 4.222 1
635.89 614.02 74.081 69.618 5.5991 1
295.1 293.77 211.61 236.61 1.7107 1
296.67 296.54 184.13 205.37 1.2649 1
468.64 468.58 11.628 1.6138 3.7858 1
631.86 638.48 66.585 72.159 3.0488 1
553.72 589.96 45.095 60.136 3.0928 1
289.07 287.7 300.37 325.37 1.9303 1
545.63 528.37 38.349 32.641 3.1778 1
623.87 631.56 65.376 66.95 3.6739 1
191.76 122.77 26.022 10.836 3.9082 1
399.19 415.4 169.78 168.13 2.2351 1
382.86 302.78 175.18 183.16 2.8672 1
311.16 294.75 376.71 365.66 6.2217 1
432.88 416.61 160.54 160.81 2.6826 1
501.62 547.87 1.6555 2.2797 1.6717 1
612.85 576.81 70.452 59.767 3.1937 1
35.376 1.6196 21.477 21.274 3.8402 1
275.3 256.61 16.551 17.659 3.8914 1
381.68 364.2 197.2 195.75 2.5945 1
579.41 567.63 11.539 8.992 6.736 1
407.99 394.25 194.78 197.29 2.9085 1
590.84 585.08 1.016 20.287 6.2389 1
301.58 377.81 179.93 172.22 2.6131 1
404.12 424.15 184.18 186.39 3.0329 1
430.21 428.05 340.04 349.17 3.9373 1
215.51 192.74 29.298 26.418 5.4162 1
367.9 354.12 254.95 254.14 1.7649 1
412.82 429.04 154.65 156.24 4.2197 1
552.87 530.22 7.9122 6.1146 5.9338 1
256.65 244.06 19.645 20.246 6.2429 1
397.85 410.34 240.62 241.92 3.1344 1
574.13 542.88 30.551 30.908 1.5073 1
367.95 380.37 157.54 156.52 1.661 1
280.37 305.38 5.8177 5.9946 1.4179 1
228.04 219.31 23.415 26.009 2.7526 1
205.76 206.49 1.6102 20.429 2.4018 1
394.13 411.63 154.13 154.13 1.25 1
