584.99 509.46 119.68 296.24 4.9415 1
638.98 638.98 412.88 147.88 1.2539 1
136.62 574.12 479 478.97 1.276 1
202.62 203.04 135.39 145.37 2.7099 1
509.74 226.52 296.47 344.74 10.743 1
197.86 202.71 144.12 125.91 5.6385 1
194.22 203.23 110.42 91.796 5.1931 1
202.38 210.53 195.66 174.18 5.5231 1
206.36 213.98 242.78 220.33 4.8012 1
215.56 202.57 219 199.74 4.4603 1
200.39 487.94 53.438 45.096 4.7401 1
203.25 215.51 146.22 159 3.6071 1
203.46 194.54 126.5 111.38 5.3309 1
212.05 199.04 162.49 147.95 4.2656 1
206.46 202.95 129.06 137.38 3.4559 1
211.67 207.88 181.65 189.79 3.4769 1
215.21 211.09 228.39 236.97 2.8879 1
226.61 582.97 147.72 120.32 4.6967 1
207.11 201.5 95.976 102.58 3.0015 1
210.3 214.36 237.89 254.38 3.3626 1
202.52 199.14 75.842 55.169 6.9752 1
201.64 213.37 116.74 127.33 4.2779 1
209.36 219.57 203.8 214.97 3.8526 1
488.55 585.14 44.87 119.43 5.2231 1
212.54 223.19 175.82 183.7 3.4966 1
215.05 206.92 261.21 243.31 4.8683 1
230.4 224.31 255.45 150.36 5.2087 1
208.31 207.23 176.6 159.01 4.762 1
221.75 213.44 222.76 213.49 3.0005 1
234.92 231.23 340.29 304.9 8.1856 1
201.44 200.41 92.807 76.543 3.5054 1
204.2 203.55 116.68 102.96 4.0418 1
211.3 210.38 202.9 190.37 1.8937 1
209.54 205.23 91.857 76.318 3.4109 1
215.96 222.72 254.77 261.77 1.9203 1
206.67 205.53 146.75 135.49 2.4871 1
218.66 210.6 124.28 100.69 6.4378 1
223.92 219.63 144.2 132.69 3.3535 1
223.12 216.08 267.55 260.88 4.4891 1
233.08 230.55 304.18 256.55 3.6785 1
211.63 211.19 224.06 215.33 2.8121 1
221.53 215.01 211.65 183.92 2.7923 1
509.29 570.59 289.2 145.47 1.8925 1
219.95 214.8 156.77 141.4 4.7475 1
505.6 499.54 303.88 320.21 7.4664 1
189.34 207.1 250.71 239.32 6.3133 1
227.07 219.73 304.29 267.75 3.1842 1
355.37 255.36 52.585 54.508 1.4186 1
236.31 239.32 154.14 209.11 2.6153 1
502.86 474.12 130.62 131.01 1.5502 1
234.45 233.99 174.15 157.88 1.2855 1
556.63 536.63 126.62 126.62 1.25 1
240.55 240.91 237.87 264.12 1.5564 1
242.88 242.88 301.63 319.13 1.25 1
469.13 450.38 132.88 132.88 1.25 1
525.35 505.38 128.53 129.2 1.5433 1
420.38 389.13 50.375 50.375 1.25 1
