445.76 453.71 174.5 193.05 4.4304 1
135.37 574.12 478.99 478.98 1.2551 1
137.79 438.96 108.68 141.87 4.9802 1
638.99 638.98 412.88 147.88 1.2547 1
459.8 458.97 142.68 150.36 4.1311 1
176.23 136.84 272.67 110.02 5.0883 1
453.58 459.95 132.41 141.91 3.8237 1
441.04 447.37 216.82 235.54 4.7727 1
454.15 444.05 194.14 210.33 4.9132 1
455.84 461.29 106 112.88 4.1244 1
447.72 439.08 236.53 254.1 4.9428 1
458.4 447.95 150.89 161.66 4.512 1
462.64 454.93 123.79 132.35 3.9936 1
441.1 428.29 140.46 253.06 4.4782 1
274.16 460.28 62.474 76.637 4.6742 1
342.88 445.38 1.564 1.7075 1.2623 1
425.39 356.65 9.9526 7.2945 3.1676 1
541.73 421.86 25.827 9.8541 3.4608 1
442.89 360.37 4.9144 3.0492 3.6078 1
459.48 455.12 86.427 106.15 8.4032 1
434.02 531.67 8.6807 21.309 3.3039 1
347.88 334.12 5.8073 5.952 1.355 1
461.53 458.41 77.445 87.196 5.143 1
456.55 475.3 3.599 1.0523 2.9821 1
356.67 432.92 4.5222 8.1437 2.6784 1
474.01 511.42 8.3952 2.7417 7.1139 1
424.64 421.13 289.04 317.81 6.2319 1
532.62 602.76 22.133 32.387 3.6446 1
336.67 245.41 4.2732 0.7286 3.3352 1
311.65 339.14 1.178 2.6169 1.4443 1
607.98 544.02 35.795 27.388 3.6829 1
639.19 609.09 36.233 35.059 3.0166 1
471.62 454.1 6.8549 6.4032 7.5619 1
604.08 639.13 31.599 32.816 2.8889 1
512.79 470.44 8.2355 12.331 4.2935 1
403.19 184.55 319.98 278.16 7.8439 1
441.67 401.49 323.77 319.03 9.1257 1
447.9 444.31 117.88 129.57 3.216 1
362.91 345.4 3.6658 2.4834 1.4999 1
428.08 424.27 254.01 288.03 3.8659 1
452.87 444.11 5.0199 5.0768 5.0162 1
446.59 445.37 190.37 198.07 2.2741 1
356.58 348 7.1244 6.3854 2.9199 1
450.58 448.52 160.25 177.8 4.3079 1
455.8 455.08 114.25 124.19 3.0413 1
452.42 452.16 140.4 147.94 2.4985 1
232.87 186.62 1.7788 1.7576 1.2626 1
639.12 572.87 1.989 1.7837 1.4049 1
180.29 179.05 295.48 280.38 4.3522 1
448.38 443.55 138.52 154.33 3.6867 1
438.93 433.41 250.22 257.32 3.7281 1
139.11 189.28 106.6 73.101 2.787 1
154.15 142.61 115.24 113.04 2.9842 1
242.91 155.3 123.81 114.9 3.8126 1
424.7 429.79 199.06 149.07 2.6362 1
142.88 164.12 116.62 119.17 1.3904 1
260.48 249.11 125.15 124.36 2.3194 1
435.92 428.07 256.46 289.17 2.8692 1
418.83 421.9 259.1 225.4 2.0398 1
312.83 277.9 130.82 127.57 2.0531 1
214.14 255.36 57.63 60.538 2.1268 1
422.49 424.23 222.95 201.63 2.0622 1
376.63 360.38 72.875 72.875 1.25 1
