135.37 574.12 479 478.97 1.2764 1
543.03 507.49 82.606 226.84 4.6596 1
550.24 543.37 55.006 80.839 4.6637 1
638.98 638.98 412.88 147.88 1.2523 1
281.92 550.96 178.5 52.884 5.3238 1
500.38 532.86 17.982 15.177 3.6741 1
536.6 501.77 17.667 21.677 4.8693 1
473.68 435.91 13.046 0.05815 4.2464 1
217.93 176.15 265.06 93.632 4.5182 1
563.78 547.75 0.65161 6.2671 3.6587 1
531.05 539.33 14.435 10.86 3.2859 1
447.04 490.47 0.38394 15.08 4.2816 1
177.03 421.32 92.788 8.2534 5.1752 1
546.71 535.07 9.2561 16.833 4.1901 1
540.85 552.43 7.4595 0.85142 4.1898 1
509.53 311.54 228.48 360.24 9.0139 1
494.12 506.62 15.602 15.827 1.9196 1
282.95 217.73 337.93 265.5 6.3175 1
556.42 497.84 42.324 25.489 3.5902 1
560.47 546.56 13.703 10.66 3.0921 1
502.67 565.43 23.615 41.414 3.4282 1
510.37 540.36 4.2054 5.7335 3.109 1
492.71 509.98 9.8762 4.1718 3.1898 1
519.13 495.15 6.6383 11.815 4.2898 1
568.97 594.09 6.8775 9.4249 2.9568 1
537.9 520.31 8.8191 7.3463 3.424 1
490.03 473.61 19.183 14.836 6.4328 1
299.67 283.58 356.28 338.22 5.9212 1
441.73 545.65 15.062 50.826 4.1291 1
550.3 562.8 8.2757 10.751 2.9506 1
303.63 283.1 356.83 180.2 3.9649 1
639.4 615.68 98.264 90.669 3.2839 1
608.04 596.94 5.662 12.165 3.3194 1
617.91 639.46 87.775 94.278 3.229 1
181.42 196.5 101.67 164.16 2.0947 1
597.71 555.39 50.083 42.805 3.4056 1
596.58 571.61 11.591 10.646 2.1943 1
558.21 562.28 37.459 16.27 8.6421 1
639.23 622.79 19.852 22.289 2.1529 1
516.59 538.6 176.62 86.497 2.2033 1
621.69 639.33 19.514 16.592 2.6781 1
504.99 515.76 224.34 180.47 2.108 1
639.22 625.35 61.229 57.993 2.3536 1
639.23 627.91 10.938 13.085 1.5244 1
