285.92 293.28 350.44 151.69 5.9221 1
638.99 638.98 412.88 149.13 1.2575 1
519.29 458.33 203.32 395.98 4.5717 1
523.37 517.92 194.96 204.84 4.3786 1
137.87 574.12 479 478.98 1.2629 1
456.61 285.19 396.7 352.36 6.2583 1
292.65 375.83 151.68 49.498 4.0101 1
518.69 522.23 71.673 196.57 5.8115 1
526.39 546.69 9.7725 7.1617 5.2426 1
572.8 607.97 6.5228 4.5035 4.7768 1
295.19 520.23 152.61 194.88 5.9867 1
500.35 521.7 7.787 1.9026 4.735 1
608.76 621.48 4.9245 2.1952 4.0179 1
445.33 409.09 201.55 200.09 2.4475 1
414.14 382.88 343.35 343.65 2.4761 1
547.79 562.89 8.0869 6.8569 4.4479 1
377.65 401.69 194.8 202.67 3.6082 1
437.88 402.88 233.47 233.75 2.5508 1
403.94 379.17 198.53 191.47 3.0949 1
407.85 440.36 203.81 204.57 2.5579 1
399.09 379.17 231.74 226.46 3.1294 1
285.71 288.3 378.05 354.31 7.8401 1
376.88 518.99 49.953 71.296 5.3792 1
295.26 288.75 182.82 349.11 2.4791 1
426.66 394.2 292.26 294.14 2.6405 1
385.39 414.13 346.35 345.82 1.7726 1
387.89 370.34 291.58 286.77 2.8561 1
296.92 295.21 156.65 177.86 1.648 1
396.62 421.63 296.24 295.91 1.5751 1
426.54 439.15 236.62 235.79 2.4129 1
292.69 288.02 374.22 364.66 3.9699 1
606.61 564.1 35.884 36.686 3.9143 1
454.64 451.8 397.76 415.4 6.6094 1
500.32 471.65 200.66 195.24 1.7892 1
375.33 297.7 200.58 185.02 2.2195 1
515.41 502.92 203.96 201.39 1.7653 1
367.87 418 177.93 187.18 2.3042 1
469.05 451.66 194.54 191.42 1.4509 1
530.41 512.75 41.093 40.091 3.8857 1
442.81 377.99 214.43 201.07 2.0486 1
366.65 341.64 14.892 13.826 4.9955 1
450.48 390.44 191.09 178.8 1.8388 1
