638.99 638.97 411.63 147.88 1.2681 1
479.41 438.52 171.05 329.9 5.1179 1
137.87 574.12 478.99 478.98 1.2583 1
343.41 342.72 1.5265 15.367 3.6826 1
484.36 478.89 151.02 171.56 6.2822 1
438.24 290.69 330.71 364.24 6.3706 1
299.1 485.44 155.01 141.2 4.526 1
345.3 464.15 14.57 19.75 3.4743 1
464.39 463.57 1.5755 17.91 2.9345 1
350.54 355.52 9.2266 0.95952 2.7866 1
344.77 487.26 53.858 141.37 5.158 1
462.24 459.29 13.982 1.2965 3.9357 1
455.15 460 1.2753 15.502 3.2285 1
461.69 351.63 16.544 11.492 3.5415 1
210.65 208.06 1.299 18.969 5.8213 1
581.47 639.71 35.919 52.027 5.6905 1
555.21 559.88 11.552 0.86332 5.0818 1
334.03 334.68 16.621 1.649 4.0159 1
218.05 213.42 212.91 54.073 4.6833 1
594.28 583.65 1.259 33.133 3.1631 1
468.96 469.63 16.612 7.914 2.5887 1
469.1 547.89 6.5334 8.449 4.8507 1
640.34 579.72 65.031 47.097 10.334 1
603.96 635.28 72.044 75.13 3.9588 1
288.69 299.93 361.76 189.1 3.727 1
412.91 391.66 200.7 203.14 2.5237 1
634.58 615.33 80.431 76.88 5.0122 1
286.63 220.02 365.47 221.21 7.1498 1
299.16 287.61 376.67 364.29 9.6867 1
471.63 302.73 171.67 187.61 3.0036 1
422.87 395.59 166.6 172.59 3.008 1
479.1 385.41 150 157.13 2.6003 1
215.37 344.13 53.485 53.595 1.36 1
405.59 378.12 257.77 262.93 2.6081 1
284.57 295.37 354.15 174.12 2.7453 1
279.11 326.64 14.855 15.782 2.3045 1
390.41 366.55 171.33 168.46 2.2318 1
41.54 81.634 24.539 20.468 2.8661 1
274.27 235.09 23.582 31.444 4.427 1
547.8 528.81 45.641 40.248 2.9097 1
300.1 300.42 182.87 156.63 2.6869 1
369.14 390.42 171.52 173.62 1.995 1
585.11 551.77 69.725 55.051 3.5244 1
277.3 276.72 1.5987 14.187 2.8401 1
234.34 300.13 77.685 153.25 3.9493 1
382.85 332.89 157.41 160.55 2.0364 1
411.61 434.17 173.68 173.03 2.9296 1
301.68 372.91 184.69 178.24 2.9343 1
365.39 386.6 203.91 205.66 1.7599 1
435.33 472.96 172.45 168.72 2.4771 1
614.31 585.62 77.191 69.473 3.4801 1
390.46 411.26 177.08 173.35 4.2239 1
192.74 119.42 33.49 17.735 3.2116 1
529.1 579.13 35.067 34.2 2.478 1
215.36 192.99 37.961 33.533 4.662 1
390.33 361.57 203.43 200.98 2.2793 1
231.46 215.34 33.287 36.425 3.2034 1
44.202 5.4481 27.841 30.284 4.5182 1
577.88 534.13 37.06 37.347 1.5287 1
377.87 345.37 17.96 17.711 1.2595 1
394.1 434.11 158.1 161.75 3.0546 1
555.05 602.82 53.722 71.779 3.4506 1
327.87 279.13 18.061 17.8 1.2835 1
394.09 415.34 247.28 248.47 2.9187 1
434.16 422.89 164.6 165.55 3.0151 1
582.9 569.12 18.463 19.014 4.0467 1
395.42 427.79 189.68 191.71 3.5866 1
387.9 477.84 154.51 147.48 2.2195 1
209.37 210.07 20.291 32.892 2.6359 1
370.35 346.66 314.32 311.37 2.6354 1
81.568 45.318 23.573 27.327 2.9136 1
387.8 402.78 297.37 298.81 2.4624 1
403.88 394.31 301.28 308.13 2.1354 1
534.26 550.6 38.663 43.326 2.5774 1
553.04 534.12 15.629 14.253 6.0523 1
354.12 366.64 315.43 316.43 1.7444 1
289.21 287.65 315.38 337.86 1.7679 1
415.14 406.19 250.08 257.34 3.5166 1
212.96 213.13 29.126 9.1273 1.3705 1
294.13 294.13 225.38 241.63 1.25 1
326.61 309.1 161.36 162.55 1.6731 1
292.98 292.61 254.13 272.87 1.2995 1
586.53 597.42 32.84 1.4674 1.7538 1
466.62 440.38 22.004 21.582 1.4106 1
296.63 296.63 189.13 207.88 1.25 1
364.14 381.62 155.87 155.22 1.433 1
454.14 459.49 256.63 235.47 1.25 1
431.17 427.09 351.95 361.82 5.0981 1
357.79 372.74 198.88 193.73 2.3639 1
409.13 382.87 251.85 251.84 1.8783 1
384.11 364.06 175.49 173.5 1.4909 1
359.13 340.38 154.13 154.13 1.25 1
421.63 402.88 20.375 20.375 1.25 1
