460.7 453.05 1.535 80.271 3.8533 1
638.98 638.99 411.62 147.87 1.2588 1
519.04 494.24 240.06 346.65 4.641 1
329.16 297.9 32.329 30.057 4.3527 1
524.08 518.55 216.33 240.53 5.1873 1
345.61 343.34 1.3697 21.536 5.5277 1
333.33 330.77 1.3965 24.309 5.3858 1
494.27 476.32 345.7 421.55 4.9212 1
135.37 574.12 479.01 478.99 1.2703 1
325.2 329.81 7.754 1.2261 4.9253 1
200.82 200.68 57.871 41.622 2.5548 1
177.77 176.57 60.505 48 4.5006 1
195.77 192 58.073 41.829 4.2189 1
339.48 339.49 21.625 1.6246 5.0023 1
270.44 254.1 9.7126 8.0956 2.2416 1
282.7 282.51 16.627 1.6138 2.6409 1
164.91 164.68 60.389 52.858 1.4794 1
281.34 283.04 62.826 52.903 2.8867 1
229.56 228.3 57.965 46.578 3.17 1
187.05 184 42.723 59.332 4.2424 1
232.64 232.61 41.627 56.627 2.523 1
270.11 269.8 60.404 44.112 2.7893 1
285.05 284.56 52.911 65.392 1.6932 1
287.55 288.95 64.099 46.611 3.0924 1
457.01 464.31 74.164 1.518 3.7434 1
200.24 211.62 59.938 59.007 3.2279 1
173.47 174.39 51.694 60.346 2.7501 1
503.49 457.24 1.2229 74.177 3.9127 1
293.66 294.94 12.535 1.4313 5.6806 1
196.52 197.79 40.287 56.728 3.0702 1
326.65 328.98 68.043 50.356 2.6415 1
167.39 168.36 52.777 60.313 3.1164 1
159.07 157.21 61.8 47.965 2.9789 1
244.57 244.92 41.615 56.636 1.5728 1
203.69 204.82 40.323 57.911 3.3005 1
317.7 317.67 50.376 70.376 5.0128 1
160.92 162.29 50.309 61.544 3.0861 1
324.84 324.74 51.629 66.621 1.3443 1
299.62 309.1 1.1815 11.781 7.5975 1
298.73 299.39 236.61 217.84 4.3138 1
321.2 321.88 65.42 52.821 3.0387 1
460.82 507.83 74.412 0.79517 3.5901 1
128.36 131.81 48.662 61.577 3.8658 1
172.87 185.37 2.6077 2.4919 2.5578 1
242.83 270.27 9.4985 12.571 3.4484 1
597.59 584.17 1.3607 79.132 3.8197 1
147.91 129.11 5.7259 6.1742 2.4993 1
94.702 96.416 37.535 53.036 1.8447 1
476.68 295.47 423.46 440.11 7.7705 1
184.12 172.87 5.6891 5.604 2.5662 1
294.39 298.77 365.47 244.11 6.5293 1
110.74 109.73 55.454 44.072 3.2626 1
256.53 271.63 4.9852 6.6067 6.7483 1
345.62 347.31 25.417 15.493 3.4862 1
248.14 247.71 54.159 41.631 3.9214 1
332.42 344.39 32.961 25.814 4.7105 1
317.84 330.37 35.966 35.217 2.9433 1
444.26 445.12 74.029 64.103 3.0285 1
136.03 137.13 52.803 62.819 1.9384 1
380.38 361.65 13.164 13.659 1.7124 1
86.865 88.904 36.582 47.915 2.4605 1
362.81 380.39 16.581 15.73 2.9201 1
310.37 319.12 15.904 15.974 2.5296 1
297.97 316.73 33.389 35.844 3.7183 1
406.98 526.22 110.27 203.03 5.2624 1
554.1 581.42 1.1972 79.198 3.8388 1
338.12 338.75 49.067 65.389 2.5463 1
281.44 298.07 22.386 32.56 4.0897 1
293.04 290.77 446.98 423.96 8.2272 1
163.14 169.78 1.3174 7.1334 2.9346 1
300.34 524.12 208.33 203.96 5.8154 1
174.12 186.73 9.0512 8.2923 3.6681 1
584.71 558.3 77.234 1.4766 4.5265 1
355.02 355.42 12.863 1.5385 3.7477 1
127.88 145.38 2.8048 2.897 2.579 1
127.9 152.89 9.1413 8.6266 3.6977 1
279.53 280.57 1.6052 22.866 3.7456 1
591.46 592.34 80.362 69.181 2.4923 1
366.51 379.04 9.3579 8.7407 9.2313 1
92.2 96.686 1.8491 15.355 3.1734 1
80.967 73.615 47.781 1.3102 5.3994 1
150.41 156.33 7.9057 1.3558 2.8165 1
185.87 194.39 8.4868 1.6503 3.7077 1
455.32 551.63 78.451 81.612 4.6065 1
1.5667 81.641 58.98 60.962 4.8129 1
84.867 83.441 46.719 39.02 3.369 1
293.73 294.01 389.16 374.1 5.0219 1
293.84 292.88 398.04 388.86 5.625 1
577.9 462.88 77.933 75.09 3.979 1
283.62 269.36 386.37 272.84 5.1227 1
447.92 454.6 73.899 1.3235 9.0096 1
293.57 292.18 404.24 397.5 5.6552 1
269.58 269.22 271.63 109.12 3.9612 1
170.32 202.95 89.909 86.024 2.4825 1
294.41 293.82 374.29 366.46 5.4583 1
451.77 443.92 78.412 79.038 7.7747 1
116.4 127.21 20.463 48.611 4.766 1
105.79 102.45 14.347 1.7373 3.3762 1
111.52 116.7 9.1761 19.724 2.8554 1
174.07 141.54 92.372 95.768 4.973 1
291.94 288.14 423.4 407.51 9.9113 1
271.61 406.63 109.08 110.36 3.5135 1
239.25 239.51 76.627 60.361 2.6434 1
297.49 293.86 205.48 191.69 2.1645 1
293.38 289.82 190.59 178.03 1.6 1
121.52 130.92 12.934 30.077 3.1112 1
299.04 239.18 97.011 83.872 3.1568 1
603.84 591.28 1.3299 66.559 4.01 1
201.61 174.19 89.01 92.211 2.4201 1
238.98 238.19 30.413 1.6163 2.4991 1
122.36 116.04 25.111 7.6346 3.1018 1
421.63 405.44 386.65 391.83 2.4291 1
488.22 516.08 359.21 239.29 1.9187 1
635.08 616.3 1.5366 65.278 2.7312 1
130.73 125.15 23.963 11.73 2.4724 1
380.36 341.33 87.797 95.023 4.8698 1
385.69 383.92 61.537 80.355 3.499 1
437.97 412.94 326.93 334.34 2.7519 1
592.88 639.13 68.805 68.79 6.2599 1
315.29 315.05 70.374 96.633 3.761 1
286.04 283.82 408.94 386.53 4.6068 1
128.01 123.25 40.718 25.26 4.4097 1
455.2 430.31 225.83 231.34 2.9807 1
613.3 632.12 65.5 1.4043 3.0274 1
424.13 409.13 231.88 231.98 1.3128 1
135.43 126.93 76.6 57.739 2.279 1
431.62 301.61 240.2 243.62 2.631 1
467.56 475.19 425.7 443.67 8.1682 1
316.59 315.7 37.872 49.248 2.5899 1
313 299.21 99.564 97.358 5.3321 1
389.47 387.14 21.663 42.932 3.9996 1
285.57 271.84 163.18 115.31 2.0584 1
300.58 300.27 254.13 309.12 1.2922 1
333.18 312.73 97.039 100.85 5.0597 1
96.6 85.44 81.722 78.871 2.4222 1
301.63 395.38 240.46 237.97 2.5435 1
401.62 435.38 79.65 79.677 1.2765 1
318.05 318.68 96.63 72.863 1.6829 1
460.15 496.77 63.984 6.7145 2.0386 1
319.6 319.7 47.88 39.117 1.3503 1
386.59 400.45 78.352 79.385 2.3072 1
410.49 422.91 235.23 236.26 3.0086 1
97.844 98.454 25.377 34.172 2.8398 1
126.16 133.01 63.742 77.81 1.761 1
367.88 330.37 215.98 216.16 1.434 1
301.63 301.63 217.88 235.38 1.25 1
304.45 298.35 457.58 451 5.2318 1
472.08 467.7 444.26 459.07 4.9318 1
325.37 312.84 372.85 373.63 1.6345 1
559.86 550.59 28.057 1.5497 1.6497 1
435.37 386.62 82.879 82.219 1.6391 1
395.38 370.38 215.61 215.73 1.3263 1
567.92 561.04 50.36 30.58 1.2837 1
460.38 480.38 235.38 235.38 1.25 1
37.875 19.125 67.875 67.875 1.25 1
