638.98 638.98 412.87 149.12 1.2541 1
136.62 575.37 479 478.99 1.2671 1
329.14 300.06 35.218 32.222 5.6675 1
298.6 309.56 1.1324 17.18 6.6742 1
521.22 467.8 214.05 422.21 8.2068 1
460.34 449.6 1.4596 85.114 5.1954 1
333.75 329.65 1.5679 28.828 5.8091 1
345.7 342.47 1.4987 25.149 5.1771 1
338.44 340.2 21.566 1.3922 6.0096 1
324.52 330.42 12.341 2.9015 6.8896 1
296.62 295.92 236.63 197.84 4.1533 1
319.7 320.19 66.653 56.555 2.68 1
293.7 295.26 13.917 1.4546 5.7343 1
404.79 522.18 113.62 206.25 4.5461 1
193.42 190.22 55.513 39.156 3.6801 1
286.75 287.36 1.5416 11.58 4.1968 1
282.68 282.71 17.878 5.3746 2.5318 1
246.75 246.89 54.127 42.863 2.6054 1
314.01 315.89 41.635 62.94 4.8707 1
279.61 299.46 23.364 36.11 4.2768 1
454.05 572.93 84.274 90.571 3.3982 1
379.13 361.62 17.701 17.548 1.3805 1
304.16 290.21 56.464 53.688 4.1608 1
194.72 196.57 38.918 55.381 3.5867 1
286.15 284.2 441.91 421.5 8.6487 1
287.59 295.95 385.43 235.55 6.8079 1
300.26 329.22 36.427 39.469 3.7972 1
92.774 109.28 50.798 54.733 4.8074 1
177.22 175.24 60.476 47.702 4.8557 1
362.09 360.05 1.5277 17.99 6.8178 1
458.97 512.31 79.866 1.2388 3.7264 1
367.89 357.85 54.402 54.815 4.1576 1
244.05 270.49 10.895 14.53 3.4982 1
164.06 176.72 1.7439 8.9657 3.2572 1
202.7 202.97 41.604 55.398 2.7193 1
242.51 243.32 40.331 56.602 3.1224 1
468.95 287.85 420.85 436.38 8.0045 1
364.11 379.13 20.821 20.549 3.772 1
158.85 160.02 46.524 57.782 2.4865 1
354.81 355.63 16.796 1.5044 5.6385 1
157.38 155.89 60.448 50.3 3.0171 1
548.64 576.98 1.3758 88.573 4.311 1
171.62 157.88 45.607 45.646 5 1
199.54 199.13 57.928 41.625 3.6855 1
271.61 255.36 11.704 9.2287 2.4715 1
575.39 460.41 87.594 81.078 3.8854 1
328.79 344.69 38.554 29.207 3.8663 1
297.88 519.13 207.46 207.41 3.7962 1
279.39 279.4 1.6254 22.876 3.7495 1
101.9 89.093 34.493 30.476 3.8816 1
132.86 141.78 61.73 63.212 4.3139 1
238.17 236.98 70.35 56.487 3.6288 1
110.68 128.87 4.8112 55.015 4.599 1
345.45 347.2 29.139 19.226 3.5453 1
455.63 464.59 73.064 1.5263 3.5723 1
507.67 455.54 0.63191 77.134 4.4062 1
579.17 552.96 82.457 1.1955 3.8761 1
185.4 181.38 39.668 58.36 6.0188 1
586.59 639.15 77.74 79.538 5.0398 1
366.1 378.05 12.376 14.294 8.7924 1
253.92 270.55 5.5974 6.8733 7.7649 1
440.45 442.2 85.385 71.86 5.8789 1
389.47 390.6 12.786 1.4001 4.73 1
287.16 287.37 395.44 385.44 5.2102 1
286.85 286.98 402.91 396.58 5.1296 1
100.17 103.95 36.681 50.758 4.1804 1
87.979 78.899 31.262 28.664 3.9492 1
228.29 231.1 8.8078 1.4262 3.783 1
284.43 283.49 421.49 401.54 11.296 1
92.389 95.199 1.3768 10.026 3.983 1
147.86 129.1 4.3509 3.4701 2.5558 1
127.88 152.87 7.5283 7.524 3.7536 1
263.89 267.8 271.59 110.37 5.0656 1
110.13 106.18 54.47 37.304 5.994 1
81.17 72.252 43.498 1.229 7.3953 1
1.4728 80.465 53.094 57.515 6.04 1
185.51 195.47 8.636 1.7588 4.5813 1
279.5 263.45 401.73 271.55 5.557 1
599.24 581.03 0.5582 83.995 11.039 1
382.07 382.87 64.301 56.624 3.4711 1
444.94 454.07 68.327 1.2776 8.1637 1
269.08 404.18 109.14 113.79 4.2207 1
120.6 129.96 9.6473 28.084 2.3542 1
459.55 466.89 423.84 434.79 6.2412 1
105.24 102.54 11.66 1.3837 4.5795 1
126.71 115.82 37.041 6.4655 3.5328 1
296.49 261.67 98.46 90.179 3.8785 1
380.09 339 90.949 97.03 5.5892 1
587.69 587.42 89.13 79.07 3.8485 1
134.71 124.48 28.268 10.9 2.919 1
270.05 277.59 5.9492 2.292 6.1006 1
293.62 283.71 197.67 162.64 2.5636 1
261.4 239.23 90.079 84.926 2.8039 1
386.95 384.43 31.676 47.727 4.6733 1
465.25 461.75 434.34 453.13 6.0597 1
405.42 420.32 236.04 237.27 2.7999 1
238.59 238.14 34.134 6.6207 1.6339 1
335.37 296.63 99.952 100.48 6.6098 1
170.39 130.4 92.179 92.917 4.1879 1
385.36 432.89 83.203 84.771 2.6769 1
312.11 312.13 76.625 94.125 2.504 1
383.37 380.81 67.566 84.192 4.8468 1
419.14 405.36 232.58 231.84 1.7175 1
424.12 436.59 236.53 235.87 2.0683 1
416.62 384.13 86.685 86.41 1.3134 1
297.97 291.74 452.04 447.72 4.9991 1
379.13 300.37 241.79 242.39 1.6873 1
486.65 467.89 88.705 87.553 1.401 1
309.11 336.63 238.3 237.96 1.4993 1
470.37 437.88 241.56 241.76 1.2575 1
434.16 444.17 256.35 257.44 3.728 1
