638.98 638.98 414.13 149.13 1.2559 1
210.6 209.82 109.12 82.817 4.1226 1
137.87 575.37 479 478.97 1.2754 1
212.53 365.8 83.475 172.15 4.7136 1
215.01 210.86 271.6 114.08 4.9326 1
367.38 552.06 171.94 74.954 4.5693 1
209.7 421.79 82.4 22.192 4.5853 1
326.99 215.04 365.18 271.78 4.6453 1
554.43 489.38 73.244 235.48 5.1003 1
489.9 370.07 236.05 334.74 8.4003 1
278.08 296.74 153.55 160.04 2.8228 1
312.73 272.52 162.07 148.95 2.6622 1
307.42 266.53 192.99 179.41 3.1921 1
341.05 331.74 357.29 366.78 8.9036 1
421.79 553.71 22.444 72.705 3.7304 1
301.75 270.18 249.99 239.71 2.7917 1
273.86 307.81 184.97 195.57 2.7632 1
257.62 249.19 138.03 124.09 3.2331 1
256.94 248.95 170.21 155.47 3.068 1
280.24 300.57 245.81 252.27 2.4951 1
369.73 341.66 334.6 357.65 7.2101 1
296.29 261.29 298.72 284.97 2.9506 1
254.83 245.75 279.37 259.52 3.2169 1
251.19 246.88 221.31 210.28 2.7834 1
245.49 256.66 130.23 139.09 3.5121 1
372.32 337.7 177.76 351.59 2.7317 1
212.88 213.38 85.375 109.14 1.6994 1
265.13 294.04 289.78 300.61 2.9194 1
600.38 615.48 5.2505 6.1347 2.4205 1
565.44 599.1 1.1252 5.5932 2.1386 1
255.58 216.4 141.3 116.99 2.5988 1
216.38 244.44 113.26 131.13 2.5906 1
365.51 368.1 198.09 181.66 2.5349 1
605.36 555.24 9.2539 2.6243 3.0619 1
204.63 217.88 292.23 276.81 8.6924 1
214.92 215.53 134.13 170.37 1.3962 1
361.99 282.95 181.01 134 2.3242 1
251.26 270.55 122.86 128.53 4.1608 1
356.71 279.41 203.99 156.17 2.1894 1
364.33 259.18 175.01 114.03 1.9898 1
209.1 213.44 301.92 283.96 3.6047 1
263.65 250.92 237 220.93 2.9797 1
348.31 329.29 266.46 362.91 3.3514 1
251.43 270.36 154.78 160.43 3.8245 1
247.59 264.18 258.81 263.94 3.5824 1
215.43 217.15 175.37 219.15 1.4947 1
248.74 265.32 210.35 215.54 3.6526 1
355.13 362.58 250.33 212.82 2.4593 1
294.38 320.81 162.46 178.4 2.1582 1
271.51 257.14 149.25 136.19 2.4388 1
317.81 362.81 151.73 177.99 2.1594 1
346.83 352.14 292.92 265.23 2.1684 1
322.57 359.99 179.63 202.27 1.9142 1
616.56 635.4 7.6826 8.7569 2.4247 1
216.51 231.4 220.53 231.92 1.8133 1
339.04 342.53 331.61 312.81 2.0895 1
359.81 348.77 206.52 263.05 2.905 1
246.33 253.72 156.78 170.59 1.9289 1
273.05 314.97 125.08 149.81 2.0994 1
554.3 542.91 2.6109 1.3318 2.278 1
271.76 253.86 164.84 160.13 2.5449 1
364.3 360.62 182.91 199.46 3.1185 1
304.54 311.16 150.08 159.46 4.204 1
216.93 218.05 226.62 270.37 1.8257 1
389.17 367.83 164.22 175.28 0.93751 1
248.24 218.76 248.65 225.85 1.9377 1
639.12 616.65 11.674 10.017 1.25 1
256.87 239.12 202.51 190.39 1.5068 1
