147.41 369.27 64.256 138.69 5.2918 1
136.62 574.12 479 478.97 1.2775 1
459.71 434.76 81.522 242.97 4.2332 1
176.93 144.9 219.06 63.965 4.6177 1
638.99 638.98 411.63 147.88 1.2622 1
368.79 418.83 137.34 106.16 5.919 1
617.8 615.32 1.2958 11.3 5.1539 1
419.34 456.92 105.72 82.097 4.1122 1
434.76 360.47 243.5 316.74 4.6648 1
442.74 458.72 77.213 80.891 4.9599 1
145.33 251.54 62.744 28.844 3.7772 1
593.03 516.7 10.378 1.038 3.8741 1
559.04 602.92 2.8556 6.0409 6.9576 1
588.18 486.72 17.203 1.0478 3.9239 1
534.13 544.12 6.4408 6.649 1.3278 1
619 631.98 10.942 8.6555 5.7214 1
545.43 639.36 6.3406 25.479 3.3789 1
639.44 589.09 28.941 18.054 3.5661 1
539.13 557.96 1.5931 2.6617 2.6376 1
355.46 183.6 319.15 226.54 8.8147 1
436.18 430.92 111.44 123.83 2.9636 1
432.68 428.66 136.56 149.37 3.1336 1
620.46 593.99 13.39 10.221 4.5626 1
504.14 535.29 1.5042 5.978 2.2901 1
426.07 423.46 185.26 197.73 3.4738 1
414.17 431.89 139.33 135.28 3.83 1
375.73 355.34 324.86 319.25 8.1051 1
420.32 434.3 113.95 109.69 3.2234 1
411.58 424.51 187.7 184.35 3.6304 1
251.85 443.12 29.469 76.884 3.513 1
401.93 366.79 143.34 166.88 2.1476 1
636.63 621.62 15.488 15.525 9.9969 1
407.64 418.2 230.84 227.73 3.2425 1
368.54 367.87 141.6 160.42 2.6323 1
353.24 359.46 296.59 142.89 3.1762 1
361.46 252.62 139.63 103.64 3.338 1
370.15 406.22 161.28 137.26 2.4362 1
421.91 401.8 127.62 133.47 2.2467 1
160.95 166.02 125.51 151.74 1.7428 1
420.43 409.04 189.25 193.93 2.5823 1
360.84 360.17 166.61 205.37 1.4848 1
251.92 171.61 103.28 75.412 2.6829 1
440.24 451.47 189.1 116.6 1.8239 1
435.27 452.06 117.73 106 1.306 1
454.16 436.62 91.686 102.87 2.0152 1
367.21 364.79 167.84 217.91 3.5045 1
452.02 437.46 109.7 119.78 2.0554 1
364.3 363.21 224.08 247.89 2.4974 1
181.93 178.69 244.05 230.79 3.5887 1
359 358.15 212.87 245.38 1.8029 1
356.63 356.63 269.13 294.13 1.25 1
391.48 375.9 326.22 323.56 6.1897 1
362.46 361.77 142.86 159.13 1.6784 1
16.231 7.7906 1.464 3.8231 2.6501 1
