464.29 432.04 167.63 311.16 4.1471 1
639 638.98 411.63 149.13 1.2676 1
137.87 574.12 479.01 478.98 1.2758 1
432.54 300.82 312 362 7.4727 1
329.16 464.33 44.213 166.53 4.5916 1
175.34 185.37 9.4827 9.1059 3.935 1
204.22 238.53 67.814 122.47 4.2349 1
244.37 237.17 6.9448 12.347 3.6255 1
224.51 203.48 203.01 68.835 4.2576 1
46.328 54.711 5.067 30.994 7.9411 1
170.7 174.27 15.542 8.5907 3.2279 1
12.97 10.785 35.362 18.905 5.0333 1
269.47 254.85 10.008 18.182 9.1148 1
28.185 24.911 25.751 17.561 3.2494 1
257.28 249.97 14.329 9.7733 3.4441 1
192.17 164.22 11.871 20.662 7.6641 1
25.242 15.48 16.707 0.79394 3.5362 1
248.83 223.67 253.02 202.48 5.5805 1
30.192 28.232 42.907 31.563 5.946 1
1.7959 21.058 85.745 76.855 4.0158 1
25.257 8.6551 31.689 1.2002 3.1845 1
254.31 228.11 19.557 22.496 4.1566 1
301.87 298.46 358.2 347.65 7.9053 1
235.5 329.36 61.081 44.151 4.7999 1
53.081 36.637 42.421 46.671 2.8147 1
12.396 17.049 50.705 39.842 3.4791 1
26.78 11.56 75.582 86.96 5.2393 1
136.65 151.86 11.475 13.828 6.8522 1
242.91 271.58 25.517 17.7 3.8373 1
125.4 138.34 14.231 10.976 4.5596 1
159.14 129.25 18.981 15.563 3.4777 1
41.482 56.528 48.684 43.825 2.4531 1
95.351 109 21.459 19.499 2.83 1
296.78 249.21 347.79 253.45 4.1833 1
297.96 374.04 214.45 193.81 3.4973 1
74.383 58.368 16.175 7.0131 2.7955 1
302.73 297.97 345.38 215.37 3.3052 1
147.85 132.75 6.9036 5.5596 2.3794 1
152.64 160.57 14.999 17.165 2.5228 1
236.63 224.13 10.969 11.089 1.3578 1
5.6523 12.841 1.4877 16.011 3.3832 1
130.21 105.21 17.226 23.475 3.6377 1
108 125.86 18.336 13.361 6.2963 1
135.32 180.31 3.1651 4.7099 3.4904 1
24.836 17.887 40.761 46.639 4.8438 1
80.029 75.855 10.533 1.4054 2.8905 1
19.597 11.944 62.177 51.398 3.6181 1
84.632 85.807 1.5569 10.317 6.0283 1
112.95 41.8 71.991 87.43 3.0771 1
66.656 110.36 79.256 69.08 2.6347 1
226.64 205.49 62.995 66.172 3.337 1
243.44 268.58 28.563 53.424 1.954 1
429.8 460.51 308.03 170.41 2.0749 1
44.231 31.329 34.329 41.057 7.3706 1
263.56 240.26 53.45 30.472 2.8276 1
89.456 65.523 45.09 53.305 3.106 1
27.871 7.8527 90.267 91.072 1.651 1
64.112 85.157 50.335 43.458 2.0349 1
411.7 430.3 183.12 177.62 1.6085 1
238.84 252.58 123.05 145.56 1.7182 1
