275.09 277.33 310.39 147.88 4.0944 1
638.99 638.98 414.13 147.88 1.2564 1
277.52 277.5 142.88 115.37 3.7752 1
136.62 575.37 479.01 478.97 1.289 1
435.11 274.58 371.1 311.64 5.3023 1
492.16 486.33 195.14 213.18 4.7574 1
541.99 492.26 46.328 194.76 5.1689 1
276.77 395.85 115.54 17.198 4.0663 1
474.53 437.13 251.36 370.14 4.8563 1
483.21 474.65 222.98 251.02 4.5799 1
486.22 483.73 213.42 223.05 7.2189 1
280.2 497.61 116.05 172.63 4.4744 1
362.97 389.17 167.48 173.93 3.3813 1
405.26 363.93 173.38 163.71 3.0818 1
386.69 364.15 203.9 197.78 3.1858 1
365.42 382.99 201.45 206.18 2.5067 1
396.5 541.41 17.277 45.231 3.8127 1
426.63 405.38 173.95 173.58 1.5586 1
405.37 379.13 264.06 264.13 2.5243 1
419.12 391.61 205.88 205.66 2.6079 1
376.56 350.29 263.1 255.69 2.2204 1
272.01 279.5 326.05 314.79 7.2806 1
491.51 366.74 180.8 147.44 2.3756 1
404.1 425.37 176.09 176.7 1.5751 1
486.38 282.63 205.01 148.76 2.5274 1
395.38 371.63 313.56 313.57 1.2535 1
356.58 371.53 260.53 264.48 2.1662 1
276.41 276.51 355.38 322.87 7.5598 1
279.13 279.13 209.13 257.88 1.25 1
280.6 280.53 117.88 141.63 1.2955 1
392.87 417.88 208.15 208.51 1.5201 1
367.59 345.34 312.53 305.49 2.4441 1
347.8 364.08 309.39 314.27 2.2736 1
280.61 279.39 149.13 205.38 1.7644 1
282.79 361.6 145.68 167.95 2.589 1
364.09 330.43 146.77 137.68 1.8955 1
279.28 278.07 260.38 307.88 1.9475 1
351.47 430.23 145.93 167.15 2.2264 1
374.12 395.37 316.24 316.14 1.3478 1
349.14 339.11 156.59 151.65 3.3632 1
599.14 576.63 13.411 14.209 1.692 1
577.4 549.03 13.982 1.8558 3.4483 1
639.17 615.29 9.5257 12.04 3.0099 1
391.33 403.57 254.58 262.49 3.0848 1
274.13 274.13 155.38 177.88 1.25 1
