638.99 638.98 412.88 147.88 1.2576 1
136.62 574.12 478.99 478.98 1.2607 1
196.85 272.56 66.381 135.72 4.2213 1
223.39 195.86 235.7 67.591 4.7438 1
570.73 507.69 157.15 342.81 5.1084 1
507.48 365.35 343.47 429.52 7.8553 1
16.934 2.5812 40.565 36.383 3.6475 1
142.18 112.56 28.281 38.167 9.0898 1
170.26 161.48 20.589 21.54 3.7758 1
341.22 570.37 33.615 157.7 5.5872 1
27.902 42.99 43.107 41.378 3.1565 1
227.72 340.5 58.437 33.45 4.3553 1
366.92 222.66 424.56 235.83 8.7435 1
91.454 104.22 33.073 34.576 2.9934 1
137.53 135.56 12.935 1.5931 3.3196 1
110.45 77.908 38.361 35.05 3.0146 1
43.627 85.469 39.549 29.519 7.5848 1
87.912 72.683 26.294 24.572 3.4453 1
76.631 43.293 35.396 44.418 3.7193 1
223.17 193.12 59.951 38.775 3.2983 1
71.628 127.89 22.015 21.513 2.9794 1
60.544 11.738 95.982 109.53 3.2766 1
205.65 227.2 43.722 58.274 3.2134 1
1.5589 59.219 108.88 93.222 3.3218 1
8.8281 0.9438 28.732 14.502 3.886 1
195.09 201.62 35.772 40.384 3.1851 1
9.4685 18.553 4.0127 31.812 5.1177 1
210.37 197.92 62.839 64.456 2.9622 1
71.428 53.706 24.412 12.235 3.6724 1
31.978 1.551 67.571 78.927 3.3398 1
229.03 264.03 34.853 28.571 2.5556 1
51.618 34.122 4.0735 6.6031 3.3387 1
1.5691 21.483 75.204 68.69 2.8089 1
388.13 512.69 237.21 183.69 2.4676 1
470.34 386.85 199.04 234.65 2.2831 1
284.12 322.85 26.553 21.457 1.8915 1
359.37 326.66 12.39 22.986 2.6629 1
203.78 219.48 95.228 191.57 2.1186 1
227.75 209.28 38.637 43.463 2.1574 1
195.42 154.09 89.289 100.24 2.8085 1
332.94 350.32 18.069 12.684 1.9338 1
287.96 242.88 28.588 34.204 2.4766 1
153 194.36 97.085 86.277 2.5166 1
505.46 540.66 339.15 235.47 1.8337 1
381.25 360.27 0.87231 11.424 1.7342 1
273.14 342.85 136.34 199.16 2.4076 1
325.4 297.86 23.005 27.794 2.3025 1
351.9 371.62 12.212 2.8715 2.0218 1
515.1 561.63 182.24 161.64 2.5303 1
541.53 562.53 232.84 170.26 1.6596 1
232.41 227.28 275.49 254.27 3.0571 1
105.81 100.44 13.728 7.912 6.2177 1
