638.99 638.98 411.63 149.13 1.2558 1
137.87 572.87 479.01 478.98 1.2764 1
396.96 380.9 165.28 314.32 4.6868 1
234.01 202.23 343.88 196.23 4.8404 1
381.59 235.3 316.46 346.24 8.1729 1
40.342 66.032 49.035 39.68 3.9444 1
202.34 187.65 196.7 94.157 4.2504 1
341.47 396.55 69.213 165.96 4.6788 1
63.776 74.084 13.695 5.3242 3.5167 1
1.5554 34.157 51.903 49.569 4.0111 1
203.99 391.75 195.76 167.43 4.5453 1
70.681 53.409 39.634 50.013 4.2907 1
275.39 181.72 30.534 40.058 4.3212 1
49.12 31.535 52.778 53.757 6.4487 1
276.62 287.87 3.4974 3.523 1.2756 1
31.699 1.6 54.843 55.531 6.134 1
181.15 187.62 41.514 86.662 3.9025 1
287.82 309.02 3.711 0.85285 2.6446 1
34.271 55.147 34.486 26.06 3.7427 1
64.992 36.686 26.792 36.798 3.393 1
81.673 50.373 52.725 54.091 3.365 1
100.42 81.671 4.7856 6.0501 7.9877 1
155.53 110.46 39.982 48.318 3.0982 1
122.98 146.72 43.377 38.316 2.8856 1
285.08 296.69 8.5114 26.583 2.8553 1
292.1 280.89 27.101 8.8104 3.1627 1
145.52 119.4 9.4878 19.828 2.2773 1
55.345 80.391 51.236 49.329 2.303 1
392.87 354.12 1.5395 1.8031 1.25 1
156.57 172.83 23.367 22.265 1.9029 1
377.76 385.89 311.61 236.68 1.7207 1
386.58 388.14 232.87 215.4 1.6896 1
390.44 392.02 196.63 179.16 1.3571 1
