638.98 638.98 411.62 147.87 1.2505 1
139.12 572.87 479.01 478.97 1.2825 1
389.96 371.76 172.83 329.29 4.6821 1
372.11 223.71 324.53 349.14 10.101 1
223.44 193.95 345.26 198.91 5.5464 1
81.926 77.722 11.289 1.1693 4.8123 1
183.59 187.33 46.57 95.417 3.6434 1
346.47 389.39 90.454 174.6 5.7238 1
193.68 186.31 199.25 99.149 4.4351 1
90.755 89.05 11.562 1.2251 5.5436 1
47.843 67.841 51.455 47.694 4.1475 1
82.365 80.34 31.763 42.636 3.229 1
31.707 1.5968 58.642 57.222 4.3347 1
74.296 83.761 20.549 11.255 4.4112 1
1.6148 42.852 53.541 52.82 4.7368 1
113.17 114.2 1.3754 12.98 4.9801 1
83.907 88.029 4.9098 14.056 2.3919 1
281.64 185.31 39.302 45.647 5.9229 1
64.305 74.029 47.154 43.843 2.4553 1
317.58 304.19 5.9386 11.784 9.5195 1
249.01 215.43 1.8966 5.8691 5.3396 1
79.276 62.241 44.393 53.971 4.2225 1
196.38 386.62 197.01 175.36 6.2238 1
82.878 27.872 57.466 57.072 6.3839 1
114.28 92.449 14.306 12.801 12.298 1
295.34 323.88 17.649 12.721 3.7394 1
42.365 69.79 39.004 28.803 4.3578 1
184.12 157.99 1.6022 5.0259 3.3934 1
72.651 46.381 32.198 40.887 3.9806 1
97.842 114.35 22.736 18.83 2.4977 1
304.13 281.61 12.798 12.351 4.072 1
297.98 289.38 37.815 22.732 3.2573 1
215.29 201.76 4.4518 1.0928 2.4354 1
292.27 302.16 19.456 37.582 3.0904 1
382.47 385.84 207.83 179.18 1.6084 1
162.83 135.43 47.613 51.975 2.9174 1
376.49 382.06 260.36 210.42 1.6534 1
372.72 375.77 292.86 265.42 1.3807 1
