170.88 128.3 278.67 114.94 5.1788 1
441.49 449.71 176.69 194.43 4.3692 1
137.87 575.37 478.99 478.98 1.2559 1
638.98 638.99 411.62 147.87 1.2532 1
130.24 435.32 114.4 142.23 4.9553 1
440 438.12 240.26 226.59 2.9864 1
436.03 444.9 214.77 240.1 4.2462 1
455.73 458.46 111.87 121.81 3.6158 1
448.45 455.1 132.51 143.05 3.8386 1
449.63 436.19 194.85 213.82 5.4816 1
448.41 454.96 104.89 112.12 3.7059 1
437.28 171.96 325.28 282.3 9.9172 1
436.82 434.04 155.27 182.99 3.9742 1
442.93 436.4 237.15 253.29 3.201 1
438.73 437.49 140.48 150.48 6.3563 1
433.82 419.99 184.09 317.71 4.8045 1
261.58 451.63 64.905 76.542 4.9659 1
453.2 450.36 78.696 93.118 5.3889 1
452.88 441.25 151.57 163.77 4.6476 1
452.07 448.04 92.596 104.18 7.905 1
456.52 449.36 125.17 132.99 4.6086 1
324.13 427.88 1.625 1.625 1.25 1
446.82 440.31 117.29 129.09 8.9828 1
366.69 311.6 9.4119 5.6703 4.8803 1
461.43 494.02 6.3694 2.0703 6.5233 1
310.4 145.37 4.2683 2.5946 4.3329 1
440.4 331.64 5.1455 3.1702 4.0445 1
419.24 538.04 8.1931 22.777 3.3765 1
455.5 377.85 15.209 8.202 3.7162 1
564.27 456.6 30.605 15.521 3.6359 1
394.11 419.09 6.8957 8.4943 2.1755 1
443.78 442.05 162.83 176.52 3.564 1
249.13 290.38 1.625 1.625 1.25 1
538.98 606.62 24.503 30.48 4.1064 1
376.63 367.87 8.8946 8.9118 2.5172 1
434.57 435.24 227.76 237.8 3.9934 1
469.13 441.52 11.595 5.8992 4.8969 1
296.65 321.65 1.3671 3.879 2.3625 1
439.99 439.58 186.61 201.67 3.9876 1
639.15 565.33 34.834 31.44 3.6456 1
438.09 429.76 246.79 257.39 2.9488 1
458.03 450.48 4.4752 5.2171 3.6098 1
492.82 470.22 7.4592 10.482 3.9614 1
607.86 639.16 29.587 30.466 2.99 1
161.03 166.36 228.02 249.19 1.8224 1
166.91 173.21 250.3 274.36 1.6696 1
336.63 392.88 5.0999 6.2902 1.7786 1
420.82 427.24 217.92 149.07 2.1914 1
230.32 134.03 127.23 118.94 4.174 1
433.68 426.95 319.05 321.33 2.3019 1
146.57 156.03 171.64 208.96 1.5504 1
156.36 160.37 209.19 225.38 1.5329 1
282.9 231.58 131.3 127.14 2.5607 1
132.85 159.04 121.83 124.84 1.6288 1
428.15 426.49 169.15 187.86 1.25 1
418.67 420.7 241.58 220.29 2.0138 1
175.04 175.09 299.12 289.12 3.7808 1
131.51 171.73 111.46 83.024 2.8348 1
176.63 202.88 1.625 1.625 1.25 1
415.22 415.74 284.12 267.89 1.3292 1
206.58 230.39 61.124 62.557 1.9983 1
430.02 428.54 149.09 164.19 1.6379 1
