210.3 302.31 47.934 164.83 4.5175 1
638.99 638.98 412.88 147.88 1.2539 1
544.37 486.82 152.56 336.69 4.3245 1
136.62 574.12 478.99 478.98 1.2572 1
487.86 334.96 337.83 401.36 8.1068 1
275.42 209.36 35.658 45.662 4.6821 1
355 543.48 23.422 151.33 4.364 1
230.66 212.16 211.59 75.472 4.3774 1
212.03 208.45 71.75 47.604 4.2592 1
183.16 162.81 17.835 22.583 7.0198 1
73.557 66.356 67.838 71.016 4.2273 1
66.608 35.713 72.822 82.683 4.1806 1
120.19 142.95 16.973 14.989 5.958 1
68.124 52.322 67.075 62.151 3.6579 1
45.754 34.451 59.55 69.641 4.5772 1
332.15 229.49 398.95 211.43 6.2906 1
59.101 88.168 79.065 67.352 3.7033 1
136.5 86.973 18.502 28.372 3.6688 1
146.41 164.05 17.913 20.823 2.6827 1
144.09 127.87 10.751 9.1591 2.6102 1
162.92 137.83 23.858 19.364 3.2505 1
129.08 180.31 6.4696 8.3731 4.0682 1
75.732 81.027 26.185 45.539 5.9261 1
27.827 39.213 83.357 84.502 1.9873 1
22.957 42.705 51.963 47.174 2.7607 1
80.154 81.601 45.694 58.024 5.9161 1
48.195 38.556 48.974 40.82 4.2586 1
284.12 354.2 34.094 23.342 4.0858 1
100.2 119.58 22.192 17.103 6.4837 1
15.246 7.6189 35.415 10.453 6.1431 1
45.618 52.878 70.687 65.026 5.4803 1
40.284 25.38 44.921 47.9 2.2076 1
12.203 1.1496 74.648 84.86 3.8123 1
10.688 0.78463 42.908 50.534 4.7243 1
33.7 17.592 38.245 41.456 8.0924 1
29.637 34.989 0.97631 15.517 4.6923 1
39.209 57.751 84.558 80.982 3.6384 1
6.9109 1.3532 10.185 1.8052 5.2086 1
76.873 66.052 58.263 65.183 5.5592 1
483.78 538.54 335.66 160.58 2.3679 1
77.032 77.111 4.1207 11.633 5.0521 1
67.023 71.81 6.985 15.85 4.9934 1
338.13 375.32 211.34 201.42 3.5409 1
375.66 540.35 201.37 154.05 3.4794 1
88.152 64.421 71.121 79.922 2.8177 1
127.78 115.76 8.0335 0.96554 2.5989 1
289.13 307.88 21.625 21.625 1.25 1
401.82 364.42 9.9268 19.086 2.8249 1
106.5 90.623 73.624 77.613 2.717 1
92.91 115.49 74.234 66.97 1.997 1
300.4 336.94 162.85 208.88 2.3615 1
372.93 401.73 14.34 7.0519 2.1608 1
335.56 338.78 336.63 219.15 2.7897 1
238.82 212.9 89.366 56.604 1.433 1
210.42 191.62 79.38 82.823 2.234 1
311.62 337.86 20.363 18.923 1.8644 1
190.31 207.88 80.059 76.673 1.937 1
339.11 312.86 21.38 22.655 1.7946 1
421.61 404.38 1.5933 8.5092 1.8546 1
340.03 324.95 208.15 189.47 2.1324 1
359.14 345.4 19.257 20.617 1.7364 1
510.48 468.87 132.71 104.51 1.5741 1
232.7 231.63 231.64 219.12 5.3015 1
57.882 47.844 90.237 89.731 1.9977 1
322.85 306.34 186.64 165.6 1.8908 1
26.687 10.424 62.573 63.632 2.8197 1
309.13 291.63 24.125 24.125 1.25 1
