638.98 638.98 411.63 147.88 1.2525 1
623.19 618.27 1.2587 13.788 4.6534 1
465.06 444.21 137.67 300.23 5.8517 1
136.62 574.12 478.99 478.98 1.2514 1
609.25 597.8 20.985 20.217 5.3234 1
207.29 181.28 241.51 95.214 4.6498 1
639.4 622.8 4.1297 5.9187 5.2391 1
184.74 336.71 97.676 188.99 4.6027 1
311.18 206.59 343.39 242.91 8.3381 1
516.82 612.61 1.4963 14.778 6.7893 1
614.68 618.69 11.832 1.0011 4.3841 1
100.8 96.688 20.555 1.6114 3.3999 1
444.62 340.55 300.38 363.16 6.8023 1
333.96 463.6 186.97 137.27 6.6739 1
594.04 452.23 24.632 1.6221 12.195 1
100.01 103.91 1.4171 17.927 2.7204 1
293.56 464.32 69.32 136.13 5.2646 1
92.367 97.221 3.8917 19.33 4.3948 1
106.24 103.4 18.985 1.5396 2.4984 1
49.485 54.164 1.5461 22.866 3.5137 1
57.859 53.283 20.673 1.2346 4.5805 1
216.15 215.76 10.34 1.5523 2.6637 1
10.06 5.508 16.72 1.585 2.7541 1
1.5779 7.8663 4.1455 18.584 3.4381 1
16.824 13.193 16.577 1.5482 3.8978 1
58.831 62.536 8.9256 26.696 4.4881 1
608.24 639.55 40.387 44.951 9.1994 1
33.436 26.389 20.626 1.2561 4.3787 1
49.649 47.59 22.967 6.661 3.7205 1
595.18 606.24 30.633 28.438 9.0692 1
510.59 491.55 27.823 26.219 4.8774 1
34.099 38.534 11.637 21.323 4.3546 1
182.33 294 95.888 69.856 6.206 1
345.91 311.81 373.69 343.74 7.7669 1
639.31 511.72 55.737 28.69 4.7725 1
129.43 136.78 13.429 9.4146 3.8382 1
639.21 614.19 49.774 46.189 2.4747 1
340.95 335.92 366.7 364.26 3.8268 1
226.44 275.28 6.2373 0.78258 4.4077 1
22.976 32.998 21.903 22.939 4.9735 1
639.17 619.09 30.905 29.687 3.328 1
621.54 639.15 49.585 52.709 1.6674 1
11.526 17.744 21.471 21.03 3.9142 1
534.27 598.16 29.649 42.716 3.3115 1
361.58 343.74 375.54 370.5 6.0151 1
470.46 432.91 25.031 15.243 3.7831 1
490.49 470.18 26.977 24.415 3.2626 1
452.91 497.64 17.628 24.397 3.3009 1
159.28 162.11 1.6059 24.22 3.8806 1
164.26 161.97 21.661 30.129 3.0664 1
425.39 404.04 5.3041 2.1762 3.0495 1
97.95 102.62 32.551 51.687 3.3464 1
409.1 420.47 240.19 238.54 2.8333 1
511.52 533.87 25.918 30.406 2.4608 1
411.58 424.21 191.18 189.95 3.0939 1
409.07 428.2 167.66 162.93 3.3402 1
443.15 442.6 312.94 326.66 5.4405 1
405.37 416.63 282.41 282.35 2.5478 1
454.35 457.08 196.65 172.93 1.25 1
432.59 452.81 9.9743 16.814 2.8207 1
330.65 328.96 324.12 255.38 2.7332 1
314.1 296.73 179.17 168.95 1.9026 1
328.53 328.04 252.87 201.62 1.6579 1
145.73 134.74 34.663 41.915 5.1954 1
616.51 631.74 20.097 21.877 3.2087 1
450.34 452.03 227.87 209.16 1.3573 1
634.08 621.6 16.996 15.628 1.9405 1
161.49 147.72 29.993 34.958 4.7033 1
99.373 89.07 56.171 57.421 5.4155 1
56.648 40.374 56.088 55.401 1.7236 1
