479.22 433.04 143.79 300.05 5.1445 1
638.98 638.98 412.88 146.63 1.2507 1
484.96 479.49 124 141.74 4.3202 1
137.87 574.12 479 478.98 1.2669 1
487.11 485.05 118.78 123.3 3.8245 1
432.17 289.25 301.48 334.66 6.7648 1
213.23 209.37 180.4 26.587 3.7488 1
222.05 212.4 206.14 180.09 6.8177 1
342.03 486.12 22.254 115.47 5.7379 1
301.6 482.85 130.03 116.34 6.1604 1
640.59 572.59 33.109 12.235 11.099 1
291.36 279.63 342.26 325.03 8.267 1
279.88 222.46 325.66 206.22 6.4781 1
283.22 298.22 322.9 134.15 3.0533 1
287.28 301.32 330.33 159.2 2.9942 1
579.21 640.04 2.5739 19.601 7.9424 1
298.47 293.69 161.67 221.59 2.2466 1
293.32 289.73 224.16 272.83 1.9827 1
301.59 302.61 156.62 132.86 2.6596 1
287 285.7 299.14 325.39 1.3101 1
240.92 302.5 57.238 128.36 4.3664 1
622.7 631.35 41.233 42.979 4.1705 1
390.57 381.55 279.72 282.65 2.0175 1
634.44 607.8 50.124 44.469 5.7795 1
409.25 394.18 175.05 177.02 2.4788 1
404.15 383.05 230.51 234.94 2.7036 1
384.09 364.14 177.02 175.2 2.4897 1
288.85 287.6 277.86 296.61 1.8282 1
415.31 399.04 143.68 146.03 2.2953 1
428.14 425.44 313.87 324.14 5.4721 1
375.35 352.84 235.61 233.22 2.0886 1
364.12 344.16 285.38 283.71 1.7685 1
458.74 465.44 201.51 179.14 1.3252 1
431.63 417.86 140.53 140.86 2.7118 1
307.59 289.11 350.94 341.66 5.5977 1
417.83 302.83 151.17 162.41 2.7039 1
397.83 427.83 149.84 147.3 2.8077 1
445.35 455.52 246.62 212.92 1.3315 1
389.17 411.63 219.85 221.6 2.9634 1
401.71 424.05 163.36 165.99 3.2867 1
302.85 387.84 158.83 151.23 2.5811 1
211.61 341.64 21.943 22.702 6.6512 1
412.7 405.12 223.91 230.06 2.7068 1
551.19 582.71 18.833 33.244 2.4044 1
606.61 573.51 45.423 34.781 3.7386 1
573.36 545.87 34.416 20.628 4.491 1
583.93 617.7 33.635 42.3 2.1109 1
400.39 432.85 133.91 135.83 3.0121 1
464.16 441.59 126.05 127.29 1.536 1
212.88 212.88 45.375 69.125 1.25 1
564.13 542.87 4.6224 4.367 1.4451 1
367.75 381.59 138.64 135.22 2.4436 1
