241.62 281.62 26.652 30.429 3.4289 1
285.39 241.55 34.012 29.926 4.4509 1
638.99 638.98 411.63 149.13 1.2544 1
137.87 574.12 479.02 478.97 1.2972 1
296.42 342.88 34.542 40.372 3.8716 1
337.74 292.98 42.873 38.12 3.9161 1
343.21 377.76 40.028 47.203 3.5776 1
386.09 337.93 52.872 42.605 5.852 1
375.38 395.37 47.477 47.899 2.6314 1
1.3157 43.849 13.063 0.67653 4.6027 1
394.08 421.84 48.94 42.535 4.6846 1
177.69 125.06 10.896 24.135 3.9793 1
134.16 181.55 18.045 7.5169 3.5258 1
589.91 614.12 29.918 35.398 4.8314 1
280.65 296.29 30.233 33.33 3.6903 1
440.31 395.16 63.363 56.891 3.7034 1
77.767 134.01 38.823 18.793 3.4193 1
417.98 390.49 49.014 51.572 4.2838 1
395.41 449.1 53.862 61.776 2.902 1
124.24 71.617 25.693 44.103 3.4194 1
391.93 258.53 409.77 342.83 7.779 1
444.12 467.87 31.804 31.853 1.2894 1
1.3355 76.885 55.274 39.091 3.5815 1
228.16 366.52 188.64 83.127 6.6415 1
574.05 624.09 18.115 33.002 3.4657 1
216.69 179.18 13.017 10.695 4.5271 1
240.49 225.65 30.112 23.513 3.1726 1
260.56 230.02 342.59 189.45 9.0733 1
441.63 401.63 37.85 37.446 2.803 1
527.7 429.27 86.317 68.323 4.3498 1
70.59 1.5404 43.875 58.732 3.5257 1
394.31 385.29 56.053 53.127 3.5669 1
58.723 1.0942 0.26752 17.332 4.8873 1
465.66 457.78 24.657 23.499 7.2385 1
560.5 509.21 29.676 26.483 3.6747 1
182.85 195.38 8.3947 7.9684 2.7961 1
192.83 222.98 6.9604 10.805 4.1692 1
546.49 579.18 24.531 27.186 5.8943 1
611.66 580.36 40.089 41.322 6.3435 1
391.57 429.09 35.529 33.489 3.921 1
293.01 284.14 37.236 35.323 4.3612 1
521.62 544.13 24.702 25.055 2.5389 1
443.9 447.22 22.644 1.3279 15.399 1
456.75 442.56 23.65 26.01 4.7248 1
461.62 446.62 29.423 29.344 1.3158 1
448.29 532.32 190.49 87.65 10.187 1
400.32 388.68 37.779 44.615 2.8731 1
469.27 466.37 5.4041 19.827 11.522 1
567.42 582.51 29.097 38.467 3.4766 1
11.648 1.5315 1.9915 2.6203 2.5727 1
502.77 396.79 233.31 408.73 9.5674 1
579.94 561.54 41.125 30.525 4.367 1
233.46 402.79 189.73 250.62 4.3347 1
585.34 569.14 24.262 20.321 2.4292 1
223.6 240.84 11.078 23.929 3.772 1
528.03 499.16 101.66 235.92 10.473 1
428.18 416.23 42.225 48.304 3.9476 1
477.87 494.12 15.169 14.99 1.3732 1
529.17 517.78 72.446 71.369 2.1358 1
509.23 544.14 67.048 71.547 2.9203 1
580.39 589.18 35.791 35.445 2.6945 1
469.12 450.35 34.119 34.689 1.5907 1
493.76 485.26 5.1127 1.938 4.8252 1
516.74 491.87 71.103 65.537 2.6957 1
620.36 605.37 43.438 43.71 2.5223 1
589.07 613 108.21 112.1 1.8366 1
365.86 382.26 84.445 70.877 5.7787 1
630.46 586.74 118.62 110.94 2.5467 1
487.86 457.86 66.92 65.866 1.5127 1
561.6 534.02 106.79 102.24 2.0472 1
439.29 441.3 57.746 40.782 9.6354 1
535.39 552.78 99.039 102.15 1.579 1
584.09 566.68 110.55 107.54 2.084 1
462.88 484.13 64.125 64.125 1.25 1
570.29 556.6 9.137 8.2387 2.822 1
399.25 397.28 321.63 351.59 2.5119 1
395.75 395.58 385.37 400.38 1.4012 1
600.4 575.34 11.08 9.9083 4.2713 1
