481.72 509.33 38.508 34.151 3.7694 1
638.99 638.98 412.88 147.88 1.2567 1
522.88 488.67 103.83 246.52 4.6821 1
136.62 574.12 479 478.97 1.2773 1
512.86 476.87 36.529 42.974 4.7387 1
529.78 523.77 76.159 99.969 4.567 1
271.89 529.88 200.92 75.673 4.8882 1
355.5 375.41 1.0487 5.2299 2.251 1
202.28 161.64 285.52 115.07 4.7172 1
379.77 346.7 10.545 1.3569 4.349 1
384.06 414.11 10.592 19.16 3.0996 1
415.16 464.22 18.519 35.103 3.7698 1
435.69 380.07 27.966 12.733 3.9316 1
162.01 390.21 113.99 34.903 4.8452 1
537.96 519.01 20.607 27.559 3.3259 1
512.84 532.96 27.812 18.048 4.5966 1
465.41 480.42 35.142 37.582 3.0693 1
490.3 299.19 245.79 380.47 7.8336 1
456.88 436.25 38.594 28.657 5.0885 1
299.01 291.22 380.43 381.18 7.3466 1
472.69 500.42 27.068 24.577 4.085 1
571.13 566.82 6.9439 17.23 7.5132 1
293.35 202.41 382.5 285.89 6.2646 1
476.76 537.85 43.679 61.709 3.2634 1
510.37 480.4 29.346 28.306 3.2359 1
552.92 540.37 20.906 21.192 3.124 1
546.48 481.74 67.136 48.73 3.3821 1
538.85 545.09 17.881 0.61824 10.026 1
480.62 469.15 28.52 32.943 3.0494 1
539.05 564.03 28.541 31.271 3.0486 1
481.27 467.62 48.629 42.159 3.5056 1
374.42 384 5.8383 9.4497 2.9151 1
531.72 518.1 34.932 31.884 3.13 1
501.56 512.75 25.791 27.449 2.8394 1
65.318 1.4903 0.93649 6.2603 3.7359 1
566.71 553.17 25.056 21.418 9.8914 1
605.51 623.29 6.5135 28.547 3.8912 1
639.4 622.16 36.604 32.88 4.2915 1
419.25 517.75 36.268 70.728 4.018 1
291.77 273.77 377.99 201.41 4.4187 1
630.47 633.58 15.698 2.7444 2.6047 1
1.5689 32.869 2.7384 1.4719 2.599 1
639.33 586.88 127.26 109.63 2.8682 1
573.05 564.07 30.906 33.951 3.1699 1
521.58 533.08 29.317 31.965 2.997 1
589.05 639.05 106.84 123.12 3.3456 1
166.95 181.98 124.05 186.54 2.2306 1
612.92 599.53 21.286 3.511 3.7233 1
639.13 595.35 89.097 79.234 2.7473 1
529.98 533.54 57.597 36.526 9.2685 1
604.07 639.37 78.153 85.432 2.9912 1
564.13 549.13 33.277 33.369 3.7652 1
597.86 616.63 30.026 29.395 2.4986 1
491.52 518.7 221.6 106.52 2.2303 1
620.95 606.68 36.67 43.01 3.0463 1
617.91 600.44 31.839 34.558 2.5814 1
592.92 618.02 41.811 35.997 3.1786 1
630.37 605.33 4.2421 2.1255 3.3154 1
605.5 587.93 42.82 44.617 1.237 1
581.62 546.75 71.67 66.936 1.9113 1
520.31 524.35 98.215 84.188 2.2197 1
594.32 610.52 16.025 21.174 2.4935 1
256.21 272.11 187.19 198.91 2.489 1
512.84 496.62 87.805 95.373 1.5857 1
632.49 625.05 37.731 57.754 3.3478 1
