137.88 575.38 478.98 478.99 1.2519 1
638.97 638.99 412.87 146.62 1.2697 1
202.46 158.35 342.37 161.2 4.9225 1
180.48 464.25 82.283 66.258 4.9337 1
527.32 520.72 136.19 163.56 5.5339 1
520.56 486.65 164.85 314.7 5.9803 1
158.13 180.07 162.26 82.792 4.8649 1
464.81 527.86 65.879 136.64 4.87 1
496.75 212.59 317.86 346.22 9.2957 1
327.88 364.13 1.625 1.625 1.25 1
354.16 241.64 3.8042 1.0539 3.2602 1
367.82 442.86 2.592 6.8302 3.0185 1
439.15 355.36 10.008 4.2771 3.8914 1
240.39 55.324 2.2248 7.2444 4.2481 1
583.23 604.96 47.212 58.802 3.6774 1
604.27 639.5 61.077 80.956 5.2179 1
566.24 582.33 38.556 47.588 3.9381 1
639.91 605.09 85.109 67.176 4.9838 1
562.9 535.27 20.303 10.664 4.1989 1
444.12 517.87 5.5228 5.1645 2.8158 1
599.03 564.39 59.326 42.328 4.144 1
510.38 440.36 8.0544 8.8819 4.1781 1
552.06 565.34 12.066 19.199 3.3034 1
122.88 210.38 1.625 1.625 1.25 1
161.63 524.19 161.65 136.35 4.524 1
534.3 511.53 11.183 8.8104 3.2895 1
517.88 551.62 5.3704 11.648 3.5439 1
54.127 1.5596 6.6403 12.264 5.1913 1
49.157 115.35 4.9337 2.2858 3.6971 1
609.12 597.4 67.88 60.403 5.7404 1
562.2 562.63 37.802 26.616 3.938 1
566.99 566.12 24.268 34.08 3.1534 1
1.5999 31.615 8.7976 6.4949 3.0697 1
384.11 324.16 73.802 77.292 2.0001 1
176.88 188.28 222.81 270.28 1.8468 1
162.44 172.55 164.23 205.46 1.6308 1
192.57 201.09 287.95 323.01 1.805 1
410.38 390.38 72.875 72.875 1.25 1
320.37 289.13 77.7 79.153 1.8295 1
279.13 259.13 80.375 80.375 1.25 1
491.38 463.08 100.59 68.938 1.359 1
