184.88 145.39 266.45 98.826 4.9369 1
471.67 470.98 125.38 132.82 3.502 1
135.37 574.12 479 478.97 1.2782 1
470.81 465.3 132.94 168.06 4.9621 1
464.22 458.34 170.58 209.2 4.0835 1
480.32 473.84 102.9 91.093 4.1025 1
638.97 639 411.62 147.87 1.2743 1
466.33 470.72 166.75 177.01 4.1048 1
458.66 463.18 208.44 221.94 4.3375 1
477.27 484.91 89.465 103.14 4.2358 1
471.6 479.81 112.23 129.39 4.7081 1
146.43 467.98 97.818 124.04 5.315 1
390.69 183.85 299.39 269.83 9.3691 1
470.92 463.05 177.52 192.97 3.9088 1
484.06 477.04 103.07 114.88 5.544 1
479.24 471.47 129.7 142.78 4.9015 1
457.09 442.87 214.41 301.42 4.0494 1
473.42 472.81 57.861 89.148 2.9876 1
462.33 458.2 222.65 232.49 2.9739 1
472.59 472.33 92.906 111.65 3.96 1
237.9 472.78 43.669 57.092 5.2422 1
460.18 391.24 306.09 299.37 9.679 1
507.88 570.3 1.5714 9.6669 3.3721 1
568.91 510.26 13.137 4.9189 3.6114 1
509.26 479.22 4.2084 0.81492 3.4457 1
639.14 569.13 14.842 12.697 3.442 1
569.15 639.14 9.48 11.189 3.5369 1
189.45 189.18 287.89 274.12 4.9025 1
178.71 187.7 226.72 264.17 1.9454 1
152.63 178.49 115.43 225.23 2.0764 1
454.55 459.87 171.5 136.74 2.2951 1
190.3 150.33 105.14 102.21 3.2822 1
444.97 448.02 234.07 212.9 1.5932 1
245.37 191.69 109.15 105.66 1.8964 1
451.22 453.64 196.58 174.07 1.645 1
169.09 184.14 77.836 64.143 1.2242 1
441.09 443.44 261.56 242.95 2.0097 1
267.88 247.88 110.38 110.38 1.25 1
