136.62 574.12 478.99 478.98 1.264 1
638.98 638.98 412.87 146.62 1.2549 1
455.8 449.35 383.05 398.7 8.0898 1
175.67 302.08 68.569 13.934 4.2587 1
208.55 176.2 250.03 68.754 6.1945 1
302.22 594.87 14.634 102.08 5.0155 1
447.35 207.5 398.73 251.45 10.354 1
587.12 533.57 122.59 263.14 4.1144 1
533.29 524.29 263.81 287.46 3.835 1
590.89 586.64 110.86 121.92 8.6159 1
512.9 501.5 197.3 221.56 5.3964 1
502.27 453.45 222.2 383.43 4.253 1
595.68 588.62 103.35 112 5.8122 1
1.822 14.403 21.62 19.63 3.7039 1
15.371 1.5963 25.254 25.665 4.9978 1
523.89 458.67 287.31 384.23 4.4106 1
178.7 505.37 70.148 205.39 4.9293 1
582.39 513.95 117.27 198.78 3.4854 1
143.71 46.455 74.461 118.75 3.4345 1
45.181 132.53 114.94 75.857 3.1249 1
106.55 195.47 30.075 6.9891 2.6644 1
66.37 52.944 47.357 42.678 3.5949 1
75.31 142.39 46.793 72.874 3.9464 1
133.61 68.412 74.213 48.986 4.0597 1
55.452 70.693 38.915 44.508 3.6388 1
140.47 102.69 23.17 34.77 2.5781 1
78.958 105.3 42.477 31.455 1.8239 1
195.52 152.86 9.6268 21.563 2.7001 1
151.79 141.53 20.966 23.774 1.9668 1
221.57 216.08 269.46 262.33 4.8055 1
