638.98 638.98 412.88 146.63 1.2511 1
136.62 575.37 479 478.97 1.2765 1
568.75 481.94 184.6 366.18 5.1982 1
168.17 140.54 324.26 130 5.6753 1
201.45 521.42 41.758 83.195 5.0032 1
480.3 177.22 368.49 329.5 10.875 1
521.69 569.51 83.43 185.19 4.4027 1
139.81 158.94 129.59 101.88 4.2606 1
157.35 192.23 101.56 54.571 5.8254 1
192.25 200.94 53.709 40.757 3.8499 1
142.85 566.67 129.32 185.03 4.678 1
485.48 544.61 351.67 228.11 1.8193 1
467.84 440.45 79.42 76.016 1.5559 1
154.77 158.39 206.71 231.55 1.7515 1
639.95 622.96 2.0397 36.043 8.944 1
549.21 558.16 217.92 199.26 1.3548 1
437.87 422.91 75.452 73.799 1.6543 1
151.2 154.27 180.43 204.11 1.8818 1
