638.98 638.98 414.12 147.87 1.2526 1
136.62 575.37 479 478.97 1.2738 1
550.82 470.11 180.72 364.16 5.5371 1
152.67 114.92 329.16 131.47 5.2795 1
506.82 551.69 79.038 181.05 5.3507 1
181.46 506.56 40.56 78.43 4.8548 1
471.64 231.25 366.45 341.45 10.603 1
114.87 180.92 131.26 40.429 6.2514 1
164.2 151.6 332.29 330.58 6.3613 1
117.86 549 131.77 181.42 4.6406 1
230.83 163.43 341.12 333.92 12.429 1
511.72 542.95 261.67 190.41 1.6466 1
500.3 511.25 287.84 262.71 1.0785 1
485.59 499.02 321.72 290.33 1.4808 1
449.19 404.18 74.808 69.911 1.8093 1
127.4 132.01 179.21 205.31 1.4483 1
485.36 452.86 79.27 75.487 1.6159 1
631.19 615.14 0.69186 29.688 9.9181 1
