466.76 445.95 145.23 306.54 5.9153 1
638.99 638.98 411.63 147.88 1.255 1
136.62 574.12 478.99 478.98 1.2559 1
214.65 218.03 1.3291 21.6 4.3197 1
446.68 347.41 305.47 367.12 5.5998 1
208.77 184.63 251.26 110.29 5.6292 1
597.65 598.13 27.884 39.114 2.4966 1
614.61 604.13 0.95435 32.461 6.3381 1
442.52 596.05 7.6593 31.551 7.8553 1
221.58 275.3 21.207 14.783 3.1705 1
95.949 92.969 32.75 19.105 3.3969 1
339.74 466.51 196.23 147.06 6.9216 1
95.895 99.313 17.749 31.882 2.803 1
225.17 221.48 1.2746 16.59 3.6456 1
85.498 91.688 14.781 29.098 5.396 1
596.96 585.2 37.816 34.793 6.3991 1
581.41 434.61 40.336 16.167 12.552 1
17.823 29.21 35.857 37.095 3.026 1
65.365 56.632 23.107 22.712 3.2341 1
210.74 207.77 24.077 1.3124 6.3593 1
509.35 507.43 1.2529 13.006 4.7104 1
138.03 152.9 20.932 16.719 3.7685 1
327.81 224.09 4.8549 17.615 3.6631 1
593.43 595.22 46.527 56.653 3.2921 1
502.9 504.83 16.468 1.3949 4.4833 1
46.859 49.699 25.017 36.788 3.3098 1
187.75 339.53 110.59 195.91 6.5318 1
224.94 229.75 15.642 1.0084 3.6077 1
1.3648 14.134 34.417 36.572 3.9057 1
220.16 219.54 12.887 1.5346 3.8798 1
185.56 295.5 108.7 83.411 4.2523 1
601.01 608.84 26.82 1.1566 4.9432 1
53.21 49.593 35.54 15.516 4.579 1
103.87 118.81 36.025 29.646 4.4304 1
27.383 34.227 23.699 35.864 3.541 1
44.641 43.367 35.594 24.071 3.5899 1
275.43 330.38 14.602 7.9021 2.9051 1
639.18 609.08 22.219 22.711 8.5852 1
28.688 22.941 34.305 20.348 3.128 1
24.401 22.355 20.687 14.291 5.095 1
309.39 214.29 342.74 258.78 8.9902 1
296.24 460.44 83.909 145.19 5.3953 1
505.58 476.62 44.532 41.662 4.6057 1
596.97 639.63 56.061 60.928 10.894 1
151.52 150.92 14.131 4.1675 3.4935 1
155.92 122.35 43.845 59.222 4.5987 1
358.3 307.47 381.44 341.79 11.414 1
427.34 414.62 33.428 21.153 2.2225 1
415.65 395.38 21.221 17.857 3.3009 1
61.628 84.146 1.506 2.1578 1.575 1
454.42 457.42 216.66 192.82 1.6979 1
475.29 428.93 43.245 32.484 3.6317 1
81.68 1.6238 70.472 66.65 3.5669 1
491.5 498.01 36.905 37.422 4.0354 1
159.09 204.06 32.64 26.156 2.6646 1
214.07 159.14 27.494 35.464 2.6729 1
605.59 596.69 44.707 48.053 4.3899 1
565.49 506.43 57.243 46.432 3.1681 1
404.19 417.97 16.218 18.575 1.8647 1
639.73 591.55 72.068 63.271 7.8376 1
435.36 404.15 9.0325 14.261 2.6594 1
153.49 155.75 17.974 32.625 4.3701 1
423.73 463.93 26.906 37.385 3.52 1
590.72 566.35 64.072 57.663 3.1166 1
107.91 82.869 69.529 71.553 3.9766 1
639.2 605.4 47.233 45.901 4.9961 1
415.39 431.77 176.68 172.13 3.9478 1
372.62 346.68 209.75 220.5 2.1114 1
443.77 445.35 317.59 329.3 5.9581 1
89.452 94.713 36.526 53.947 4.4251 1
344.2 370.14 218.07 207.31 2.4204 1
334.38 334.18 239.12 200.37 1.363 1
118.79 107.74 62.185 67.602 2.8376 1
261.59 247.9 18.872 20.609 1.3974 1
371.12 356.52 380.36 374.38 5.3651 1
