136.62 575.37 478.99 478.98 1.2653 1
638.98 638.99 412.87 146.62 1.2622 1
195.32 154.46 273.86 91.271 6.1956 1
468.74 460.21 381.49 406.14 7.9052 1
274.98 581.51 27.004 100.85 4.651 1
457.55 193.3 407.28 274.52 11.157 1
154.61 274.89 90.046 26.828 4.354 1
520.35 478.55 209.12 346.07 5.0844 1
582.07 571.87 101.99 125.65 7.7192 1
478.45 474.71 346.41 358.06 4.2869 1
474.43 471.4 360.03 368.25 4.0734 1
573.7 518.5 126.91 286.84 3.5646 1
471.86 469.16 368.78 376.64 7.0943 1
77.774 68.876 7.3587 9.102 5.147 1
569.51 521.16 123.79 210.12 4.1865 1
517.67 471.94 287.18 382.42 4.7311 1
157.79 516.78 91.875 212.42 4.3298 1
93.909 19.56 94.812 71.49 3.9295 1
25.662 103.57 69.443 93.441 3.8556 1
19.117 3.0493 70.404 65.991 3.404 1
5.1602 20.281 62.33 66.935 3.43 1
1.4577 93.868 143.8 96.127 2.9714 1
104.8 5.4078 94.278 146.69 3.4773 1
61.349 144.2 49.464 24.388 2.5814 1
176.99 160.6 9.7457 19.504 2.1737 1
40.622 60.474 59.664 50.591 1.5511 1
153.84 176.64 19.877 6.6459 2.1623 1
149.41 116.81 24.964 35.93 2.8011 1
75.013 59.055 48.128 53.931 2.0291 1
