137.87 574.12 478.99 478.98 1.2533 1
638.99 638.97 412.88 149.13 1.2656 1
178.24 146.83 219.31 65.079 4.8755 1
148.41 369.54 66.268 140.4 5.3391 1
460.84 435.48 84.002 245.19 5.7339 1
369.26 458.66 139.34 84.144 5.7798 1
435.02 360.69 244.96 316.99 5.1695 1
251.36 460.05 31.464 82.947 4.2396 1
522.88 558.06 1.5245 4.1677 4.705 1
617.9 541.52 15.143 6.3024 4.4035 1
555.21 610.55 3.7652 8.0765 9.5002 1
146.98 251.01 65.257 32.394 4.77 1
558.11 639.31 10.482 26.981 2.8889 1
355.67 186.06 319.65 227.86 8.4308 1
584.26 498.94 18.256 5.3207 4.0109 1
639.4 583.21 30.279 18.732 3.5225 1
628.98 639.27 12.292 9.6772 6.9811 1
540.44 500.46 6.1399 0.94918 2.6882 1
498.02 476.75 4.544 0.88339 3.2715 1
384.01 355.43 325.95 320.09 8.0686 1
433.43 429.1 138.91 152.87 3.2125 1
507.85 557.8 4.3344 10.917 2.0558 1
420.79 418.87 230.22 240.56 2.9141 1
411.63 424.28 189.13 186 3.6258 1
418 430.57 139.89 137.81 3.2913 1
636.69 621.47 18.448 16.956 7.9521 1
407.86 419.34 231.54 228.79 2.7731 1
353.29 359.98 299.14 145.36 2.9841 1
368.58 368.34 142.87 162.88 1.4767 1
425.36 416.5 142.83 146.3 2.5827 1
367.89 363.43 169.05 246.66 3.6722 1
361.78 360.03 167.81 197.85 1.7691 1
360.12 215.38 141.15 92.855 2.7796 1
362.46 362.17 145.37 161.63 1.521 1
398.94 370.25 147.6 166.43 1.8275 1
359.08 358.14 220.37 259.13 1.825 1
182.06 179.89 241.78 230.23 3.4538 1
356.62 356.62 279.13 296.63 1.25 1
370.24 393.68 162.66 147.2 2.0871 1
