638.98 638.98 414.12 147.87 1.2562 1
140.37 575.37 479 478.97 1.2752 1
287.57 540.69 151.9 73.911 5.0993 1
543.59 480.92 72.203 238.86 4.6988 1
177.07 175 86.59 60.306 3.7384 1
191.45 177.66 247.78 91.424 4.7248 1
175.44 421.39 59.524 16.504 4.6813 1
481.34 331.14 239.67 320.73 9.551 1
275.45 191.99 345.31 247.56 4.6207 1
263.85 288.1 130.71 150.39 4.0062 1
209.49 205.06 149.35 131.7 3.6435 1
421.16 543.25 16.396 72.282 4.6424 1
206.65 203.5 116.62 100.26 2.8812 1
250.43 226.72 170.2 162.59 2.4248 1
212.82 207.62 209.14 186.69 3.8461 1
289.54 272.62 342.43 351.12 10.765 1
250.43 218.75 138.98 127.67 2.3545 1
213.76 210.98 254.18 236.53 3.5808 1
330.46 289.89 320.52 342.32 9.401 1
250.01 225.18 276.24 265.84 2.6782 1
251.88 263.61 121.3 130.7 3.5206 1
231.69 249.16 166.44 172.78 1.8181 1
209.78 225.45 187.02 192.68 3.4265 1
212.58 224.31 234.8 239.95 3.3111 1
207.56 224.35 131.24 137.25 3.3588 1
211.69 217.57 195.35 208.57 2.546 1
229.07 249.22 134.28 141.37 2.7084 1
205.18 218.12 99.629 104.75 4.4067 1
240.26 222.55 224.42 217.46 3.4897 1
297.18 291.05 169.08 257.92 2.9666 1
200.82 182.41 111.12 94.64 2.5989 1
232.9 255.54 106.6 127.6 7.5171 1
293.64 294.39 177.91 160.39 2.1744 1
227.98 214.1 200.18 192.92 3.3737 1
181.07 200.49 89.771 106.5 2.4199 1
218.42 206.93 128.67 114.92 3.3473 1
217.48 232.61 208.42 219.49 2.8775 1
179.11 193.25 262.86 252.88 8.1093 1
228.02 246.96 270.05 278.36 2.4299 1
630.24 606.84 11.082 6.7411 4.0045 1
229.03 211.37 145.57 137.17 3.3317 1
222.43 210.78 162.11 149.94 2.94 1
223.01 213.45 219.02 207.17 2.9174 1
211.81 224.37 146.44 158.88 2.7049 1
390.33 367.73 123.99 131.16 2.8188 1
286.64 253.67 160.36 133.43 2.3722 1
190.26 227.59 71.763 101.67 2.9264 1
189.89 232.49 197.08 243.23 2.1183 1
246.58 225.38 126.67 109.12 2.5899 1
221.26 241.52 125.04 133.15 2.0917 1
291.71 293.19 209.13 184.14 1.9803 1
366.62 354.25 131.6 134.62 1.564 1
278.22 251.13 178.73 154.69 2.2903 1
501.45 514.57 175.31 140.54 1.278 1
515.62 528.03 137.96 104.18 1.6043 1
217.77 192.66 231.72 204.33 1.9967 1
180.44 186.23 271.66 260.18 2.8156 1
211.53 197.66 97.995 86.892 1.5625 1
223.23 211 112.09 106.5 3.2152 1
223.53 215.07 264.62 254.38 1.8013 1
182.52 183.81 112.9 129.15 1.3448 1
290.38 290.38 232.88 215.38 1.25 1
291 286.17 259.08 325.34 2.2468 1
180.69 181.84 95.342 106.6 1.6243 1
214.14 227.02 96.609 107.4 1.9386 1
245.17 281.18 145.61 177.13 1.8807 1
261.41 279.05 135.63 150.46 1.652 1
284.12 284.12 211.63 190.38 1.25 1
216.76 231.92 177.74 192.58 1.25 1
