638.98 638.99 414.12 146.62 1.2603 1
136.62 574.12 479 478.97 1.2695 1
579.25 508.16 162.43 342.99 4.2859 1
217.19 193.39 241.37 68.882 4.5269 1
94.294 106.56 24.111 22.435 5.2924 1
337.21 578.74 35.395 161.12 4.5416 1
508.36 375.53 343.01 435.04 7.2795 1
378.21 216.9 431.34 241.2 8.6337 1
111.57 87.186 26.485 35.622 9.219 1
195.44 368.18 70.588 210.29 3.4735 1
214.03 336.87 63.702 35.16 4.5265 1
120.67 106.84 17.211 11.14 3.4337 1
61.6 76.69 30.596 32.302 2.7651 1
193.93 209.09 68.131 65.172 3.441 1
108.49 105.95 10.885 1.4709 5.6108 1
110.39 116.77 9.2944 8.8821 3.7422 1
181.69 214.05 41.531 62.991 3.4979 1
80.441 49.041 36.071 32.331 3.428 1
208.6 168.02 63.659 36.414 3.4691 1
1.4788 9.1808 39.53 38.198 3.1025 1
30.536 60.532 31.336 26.316 5.9631 1
8.6818 30.885 36.42 31.366 7.6496 1
52.814 61.489 29.773 30.584 2.9548 1
41.622 99.137 18.665 18.233 3.8906 1
51.191 1.7135 32.189 43.27 4.7137 1
170.07 179.55 33.32 39.742 3.1382 1
37.556 23.209 19.657 11.067 3.224 1
59.133 41.545 22.744 21.615 2.7351 1
505.31 572.74 342.09 170.32 2.3146 1
42.855 30.177 86.711 83.715 2.9413 1
198.55 220.43 80.282 240.54 2.6491 1
247.88 261.63 25.375 25.375 1.25 1
32.781 1.3788 96.314 105.81 3.0058 1
442.97 412.89 228.07 242.91 2.2993 1
1.4472 32.005 102.3 92.855 3.0611 1
332.92 310.43 11.767 19.282 2.3792 1
192.99 133.82 84.545 100.49 2.7811 1
220.31 249.1 29.782 26.435 1.9932 1
293.06 331.77 20.992 9.6023 2.4674 1
131.87 193.07 97.527 81.096 2.7713 1
184.22 201.44 39.46 34.71 2.2019 1
525.27 491.55 136.82 119.28 1.421 1
247.84 221.68 28.854 32.079 2.1581 1
303.06 262.85 21.563 27.713 2.7477 1
224.66 219.05 270.56 248.82 4.2555 1
209.3 185.42 36.113 41.821 2.5619 1
375.83 404.93 216.07 239.67 2.1259 1
262.79 282.95 24.681 22.219 2.4529 1
394.53 381.03 351.47 426.74 3.5985 1
404.08 401.11 297.87 315.5 2.4653 1
352.69 333.88 1.2681 11.164 1.9204 1
400.66 397.11 316.47 339.2 2.7793 1
410.79 408.59 261.42 270.55 2.0928 1
408.74 404.43 271.56 298.13 3.1012 1
50.359 31.683 7.7732 10.742 3.0578 1
