638.98 638.99 411.62 147.87 1.2588 1
137.87 572.87 479 478.98 1.2731 1
455.73 431.37 160.23 312.63 4.829 1
338.41 455.38 28.513 160.23 4.6013 1
56.649 53.618 23.918 5.2543 4.3026 1
54.694 68.381 1.3542 30.134 3.3866 1
89.568 93.986 1.0619 24.152 6.6084 1
208.13 242.36 52.767 133.82 4.0422 1
69.794 69.131 25.413 15.293 5.1527 1
431.54 293.43 312.59 355.63 9.5992 1
69.13 64.865 14.529 1.3849 3.5669 1
288.6 273.2 320.28 206.41 3.9159 1
292.91 288.74 355.37 337 6.7586 1
65.663 57.777 17.739 1.0797 2.4401 1
59.815 63.74 61.391 51.986 3.0736 1
235.57 217.76 194.33 104.15 3.8753 1
298.82 282.44 0.51978 5.0492 3.8197 1
53.633 61.562 37.575 24.574 4.6848 1
65.885 66.056 46.619 60.382 2.5929 1
290.73 288.46 335.51 320.48 2.8451 1
281.67 262.9 6.0896 6.4887 3.6694 1
217.77 208.72 103.9 57.71 3.4395 1
56.857 55.51 46.593 36.778 2.7503 1
237.38 235.44 200.76 191.88 3.663 1
35.032 54.332 71.966 64.672 4.9902 1
276.86 306.79 11.156 2.1814 4.0714 1
125.44 118.66 7.7985 1.8195 6.0076 1
286.27 237.61 336.75 201.27 3.6783 1
53.289 59.111 65.716 60.36 3.5325 1
26.618 43.47 59.114 48.121 3.8687 1
272.08 367.67 206.02 183.28 6.3655 1
220.1 196.4 1.6348 6.8457 4.8572 1
1.362 28.893 77.061 73.553 4.9841 1
140.53 161.45 5.9999 0.91435 3.6778 1
62.54 1.4488 74.254 82.877 6.7423 1
90.458 72.632 26.574 25.44 11.704 1
65.848 51.602 59.733 72.948 4.8474 1
262.8 210.37 42.456 51.611 5.4531 1
162.86 138.02 5.3068 11.016 3.7528 1
138.27 138.93 12.733 20.392 3.5212 1
274.13 291.63 40.403 37.899 4.2412 1
276.33 294.6 13.122 34.975 2.5794 1
329.32 338.12 31.128 28.834 3.6288 1
440.1 451.7 237.83 165.39 1.8272 1
289.52 273.22 34.869 16.16 3.1628 1
292.89 307.9 36.808 35.704 3.7399 1
436.22 439.55 261.56 240.44 1.6923 1
49.103 21.586 2.7935 10.233 6.9139 1
138.01 114.24 59.64 65.806 3.0022 1
430.15 435.81 300.34 264.19 1.5029 1
119.28 137.88 59.779 55.405 1.9337 1
195.71 179.14 6.2937 2.7969 3.0852 1
