638.98 638.99 412.87 147.87 1.2626 1
137.87 574.12 479 478.98 1.2661 1
305.92 322.03 314.26 106.85 6.6652 1
546.35 475.83 139.03 340.47 9.2674 1
307.13 305.87 330.43 314.09 10.162 1
504.14 548.17 53.478 139.61 5.4417 1
320.34 350.04 112.15 8.1376 6.0098 1
476.84 349.99 341.27 324.56 8.5849 1
349.51 307.54 324.24 317.41 7.5459 1
489.89 503.76 24.98 53.058 4.0286 1
324.02 543.96 109.92 137.94 8.6415 1
471.05 470.27 342.85 361.67 7.3368 1
386.74 489.4 14.443 26.849 6.7788 1
316.92 308.7 340.47 329.44 8.0179 1
410.37 397.86 141.65 137.94 3.2392 1
399.2 410.48 143.9 147.56 2.4121 1
316.62 316.62 221.63 240.38 1.25 1
351.72 367.83 10.632 12.103 3.1666 1
374.29 385.62 13.23 15.312 1.382 1
468.24 465.67 358.07 363.03 2.7948 1
437.95 426.66 4.245 3.5179 3.1976 1
