136.62 574.12 478.99 478.98 1.2509 1
638.98 638.99 412.87 146.62 1.2592 1
536.35 495.97 68.481 242.72 6.1322 1
499.31 257.58 244.53 354.72 10.397 1
258.02 252.04 348.57 333.47 9.758 1
201.08 158.26 253.95 81.22 4.3927 1
494.17 448.77 22.732 7.7119 4.7921 1
158.25 424.67 80.705 17.691 6.7232 1
446.37 490.03 2.3128 18.791 4.3463 1
296.52 533.17 141.27 68.825 7.2203 1
637.14 629.22 17.777 12.729 4.1235 1
255.18 223.25 331.9 161.55 4.4557 1
500.6 535.82 52.353 67.27 4.6042 1
524.66 495.19 36.81 22.002 3.4153 1
490.96 531.28 17.748 34.941 3.4663 1
448.89 432.22 6.4936 0.072771 4.9334 1
222.63 160.7 161.56 83.608 4.1795 1
248.8 201.36 334.32 253.77 4.8103 1
424.67 477.85 16.892 41.688 5.1299 1
569.3 533.92 57.463 42.1 4.5414 1
624.08 631.07 11.598 0.48851 12.73 1
541.66 584.21 38.395 35.364 5.6056 1
589.27 543.07 39.9 43.111 5.648 1
621.75 600.51 24.807 28.64 4.4764 1
538.67 606.74 41.716 65.048 3.8484 1
632.57 569.85 76.361 57.08 4.31 1
556.73 596.61 24.494 29.26 4.4256 1
600.31 587.54 33.695 35.513 5.8354 1
592.66 618.34 25.852 18.769 6.0663 1
620.26 639.25 30.956 32.198 3.9286 1
582.88 544.12 30.466 30.543 2.5546 1
606.8 600.31 37.038 35.67 3.6694 1
226.33 296.23 163.17 141.6 4.3204 1
26.635 1.574 1.8561 2.8911 2.9105 1
605.91 611.49 62.696 40.341 9.3995 1
541.65 556.84 29.208 24.876 2.9208 1
164.26 167.76 91.591 105.4 1.8417 1
478.17 499.98 42.244 52.467 2.9356 1
