275.33 277.24 310.39 149.13 4.0386 1
638.99 638.98 412.88 147.88 1.258 1
277.41 277.47 144.13 116.63 3.8124 1
137.87 574.12 479.01 478.97 1.2891 1
435.08 274.56 371.18 311.69 6.0049 1
495.03 483.92 186.51 219.48 7.5734 1
276.34 397.33 116.57 18.752 4.1778 1
516.83 494.88 124.64 186.36 7.7461 1
483.9 437.21 219.92 370.17 4.89 1
280.31 496.46 116.87 173.51 4.8431 1
392.58 364.07 171.54 164.32 3.0514 1
365.47 382.86 202.47 206.67 2.7236 1
368.05 390.45 169.64 175.07 3.6816 1
385.33 365.46 204.28 198.81 2.9515 1
542.89 516.67 48.696 124.14 4.8735 1
397.66 541.54 18.983 47.074 4.1657 1
272.28 279.45 328.23 314.88 7.2805 1
425.34 397.86 174.79 173.23 2.78 1
276.56 277.05 355.39 322.86 6.4932 1
377.91 354.3 264.02 257.27 2.2325 1
405.36 379.12 264.75 264.17 2.6644 1
355.32 372.9 260.58 265.29 2.1785 1
416.63 390.37 206.22 205.75 1.6525 1
279.17 279.1 207.87 257.87 1.25 1
395.36 370.37 313.82 313.42 1.6065 1
280.59 280.57 119.13 142.88 1.2695 1
348.02 362.88 309.88 314.12 2.0605 1
388.84 281.6 178.9 149.23 2.3348 1
280.61 279.27 150.38 205.38 1.9812 1
279.25 278.79 261.63 307.88 1.3254 1
470.73 412.89 201.61 185.32 2.3908 1
491.58 371.5 181.8 149.6 2.59 1
366.49 347.81 312.11 306.87 2.2166 1
411.64 394.09 185.3 180.52 1.8633 1
282.64 354.13 146.21 166.61 2.2457 1
355.37 420.31 147.91 165.62 2.1924 1
371.61 394.12 316.21 316.72 0.7925 1
404.14 424.13 176.44 177.75 1.8206 1
345.29 333.95 190.5 183.14 2.8333 1
349.31 335.38 157.51 150.37 3.3938 1
577.85 545.47 15.438 1.3994 3.7855 1
391.67 402.61 255.31 262.05 2.4069 1
490.79 482.65 216.77 240.3 2.4081 1
596.63 579.12 15.733 15.946 2.6519 1
