638.99 638.98 411.63 146.63 1.2589 1
296.32 295.58 396.57 384.04 4.1115 1
137.87 574.12 479 478.98 1.2736 1
300.8 296.32 408.99 394.61 8.2759 1
511.55 471.53 181.86 384.86 9.3101 1
295.47 286.43 382.91 86.555 9.3257 1
471.56 297.92 384.47 397.28 7.1635 1
325.22 334.4 36.978 40.989 3.792 1
349.81 364.14 32.681 40.348 4.0509 1
506.18 513.9 173.23 183.05 5.8271 1
287.79 315.61 27.203 31.319 5.8609 1
127.65 159.19 23.796 31.347 3.4413 1
156.76 121.84 12.144 5.4792 3.6835 1
152.93 171.77 23.902 28.532 3.0449 1
419.59 505.48 82.432 172.84 4.1679 1
166.91 154.2 24.059 21.277 2.8616 1
349.33 313.98 22.732 17.604 4.9675 1
1.6244 131.63 33.508 33.621 3.8449 1
221.79 200.29 19.391 17.817 5.8079 1
170.11 187.86 34.108 37.928 4.3623 1
229.85 241.24 26.665 31.311 5.147 1
263.06 252.81 13.568 14.154 7.2737 1
375.57 362.25 22.397 16.874 5.6609 1
292.89 507.99 188.23 181.46 7.6929 1
310.51 292.66 17.034 14.251 3.6259 1
199.28 187.73 20.556 18.842 4.627 1
316 325.14 30.883 32.774 5.36 1
426.33 407.84 15.961 6.6852 3.3517 1
340.36 372.91 1.9417 3.4538 3.5415 1
267.54 280.47 25.418 27.118 4.821 1
179.06 167.89 16.867 14.081 2.4054 1
254.49 241.15 17.322 8.6069 6.5578 1
400.65 384.79 15.127 19.497 7.3536 1
429.86 417.74 10.451 5.7175 2.4975 1
497.87 498.09 26.585 40.371 7.6004 1
400.41 410.45 30.958 31.502 4.0149 1
411.58 429.12 27.738 28.075 6.3689 1
351.54 352.62 15.275 27.897 3.43 1
146.72 130.5 17.49 13.621 2.1418 1
330.39 321.25 15.335 11.193 3.3091 1
465.94 470.05 386.21 404.2 7.0326 1
505.14 529.2 41.427 43.004 5.7459 1
133.9 146.86 17.586 20.632 2.4337 1
204.16 221.6 33.375 32.996 6.3029 1
278.98 271.1 13.148 8.846 6.1854 1
371.28 384.69 36.955 31.861 8.3428 1
507.14 502.74 14.618 30.338 3.8053 1
362.71 362.16 36.677 21.651 2.4983 1
286.64 421.6 86.384 84.617 5.196 1
597.88 514.12 35.088 35.585 2.8856 1
335.52 297.87 64.678 56.65 3.4069 1
420.39 400.79 347.93 354.17 2.6529 1
500.47 497.19 1.468 25.621 3.5474 1
530.37 604.12 42.729 42.632 2.5428 1
132.81 145.55 10.685 13.279 1.7465 1
189.21 167.56 67.428 63.263 3.3994 1
400.28 365.38 208.58 204.05 2.4792 1
627.22 636.31 1.4431 31.341 3.2245 1
357.84 336.32 68.139 64.989 5.0981 1
358.85 358.59 21.617 30.359 2.5736 1
311.78 301.91 415.18 407.51 6.0282 1
420.57 407.95 297.37 300.67 2.474 1
205.54 192.81 65.962 66.651 4.9927 1
298.71 299.28 369.11 392.87 1.25 1
487.67 492.11 35.962 18.609 9.1269 1
520.26 513.65 1.555 12.589 1.932 1
467.58 462.75 404.85 419.08 5.5182 1
514.41 521.7 33.081 22.932 2.8867 1
125.55 123.72 19.089 10.201 2.9146 1
151.77 131.44 57.406 50.973 2.8214 1
524.48 537.34 18.46 1.2225 3.024 1
297.87 297.87 342.88 361.63 1.25 1
400.36 410.39 212.18 212.49 1.525 1
425.23 389.11 53.022 57.76 6.9486 1
296.62 296.62 289.13 325.38 1.25 1
297.88 317.86 216.87 216.27 2.0848 1
492.96 494.23 17.882 1.5362 4.2222 1
606.6 627.87 42.293 41.408 1.5087 1
346.65 327.89 218.38 219.37 1.4444 1
507.53 506.41 1.5913 12.977 2.3658 1
36.601 1.6179 42.719 41.949 1.7997 1
