135.37 575.37 478.99 478.98 1.2518 1
638.97 638.99 412.87 146.62 1.2698 1
528.27 521.65 129.82 155.06 4.7777 1
520.57 481.62 158.85 307.87 5.0715 1
197.35 154.96 356.17 171.15 4.9986 1
154.72 157.92 171.65 82.922 4.7832 1
157.99 448.02 83.018 59.714 4.7957 1
448.37 528.9 58.72 130.63 4.3943 1
584.2 613.92 65.25 83.213 4.3263 1
489.64 199.68 310.83 361.08 10.162 1
552.78 583.91 48.952 66.998 4.5461 1
512.69 553.36 27.003 46.888 3.9921 1
613.26 633.88 84.656 95.829 3.7077 1
545.39 514.55 46.591 31.987 3.2093 1
617.55 583.41 92.828 68.383 6.3762 1
157.81 525.53 171 130.5 4.4333 1
581.68 541.72 70.285 46.46 6.0481 1
632.85 615.23 97.931 89.43 2.1726 1
507.73 486.69 9.507 1.4629 3.7776 1
493.66 511.9 -0.04726 8.5385 3.7267 1
640.03 616.99 110.28 94.835 4.8714 1
512.62 514.01 9.153 21.638 4.5562 1
510.38 509.87 26.687 16.587 2.8727 1
168.81 178.23 216.7 257.79 1.8299 1
161.28 168.21 184.2 214.05 1.6077 1
507.49 515.22 196.53 166.58 1.7166 1
193.09 199.53 322.83 351.53 1.6188 1
240.38 224.13 80.375 80.375 1.25 1
314.1 292.86 73.716 75.134 1.4137 1
471.82 449.42 83.91 63.801 1.2892 1
407.88 391.63 66.625 66.625 1.25 1
264.12 244.13 77.769 79.152 1.8509 1
159.13 159.13 119.13 141.63 1.25 1
