638.98 638.98 412.87 149.12 1.2514 1
135.37 574.12 479.01 478.97 1.2887 1
437.87 271.2 340.39 312.93 6.5802 1
268.19 276.15 309.24 105.5 7.9245 1
499.24 436.89 139.24 338.43 8.7239 1
277.84 495.53 106.85 139.31 4.5005 1
275.01 324.38 106.44 10.47 6.9834 1
465.19 499.73 30.432 140.97 5.7412 1
386.38 349.17 148.7 137.74 2.9649 1
325.39 463.11 9.0498 28.754 3.8948 1
384.04 364.16 182.03 177.72 2.6066 1
368.94 395.38 147.53 152.83 2.4581 1
421.71 279.25 162.37 139.58 2.5186 1
352.84 368.35 141.74 146.26 2.899 1
424.13 386.62 150.26 149.16 2.5356 1
365.57 351.66 240.73 237.72 2.2781 1
610.37 639.24 1.6689 3.2457 3.8126 1
419.13 382.87 182.03 182.54 3.6974 1
268.33 269.7 329.27 313.14 7.6846 1
374.06 344.04 294.53 289.66 3.2347 1
356.56 394.14 242.2 246.52 2.4409 1
394.12 375.37 291.56 294.05 2.4783 1
491.76 441.63 148.25 140.37 2.3997 1
405.38 367.89 241.69 242.48 3.4621 1
439.16 381.69 140.18 131.24 2.2226 1
396.61 415.38 152.24 152.81 2.537 1
280.33 365.33 136.93 150.67 2.555 1
376.63 410.37 184.03 186.74 2.8516 1
482.93 436.62 171.29 164.19 2.1908 1
379.07 344.14 130.76 125.28 2.0349 1
361.62 390.38 296.37 295.97 1.6262 1
340.31 320.42 124.51 121.32 1.8288 1
432.21 432.49 341.59 357.88 7.5421 1
317.84 281.49 120.63 114.97 2.0854 1
431.7 428.25 351.67 356.87 3.817 1
446.44 420.19 8.6552 2.3949 4.406 1
516.62 470.34 2.6509 3.8857 3.5487 1
344.12 365.3 127.88 130.89 1.7644 1
394 403.73 234.49 237.78 2.7854 1
279.13 279.13 147.88 164.13 1.25 1
460.09 446.99 4.1118 7.0333 3.7916 1
272.88 272.88 280.38 299.13 1.25 1
