465.5 449.12 83.886 246.62 6.4382 1
136.62 574.12 478.99 478.98 1.2631 1
638.99 638.98 412.88 149.13 1.2654 1
353.8 464.6 137.2 83.857 4.5479 1
206.66 173.7 213.15 67.687 5.267 1
176.11 354.35 67.924 138.55 4.9349 1
450.92 361.64 245.69 312.9 4.8841 1
279.25 466 34.903 83.998 4.387 1
174.54 279.5 66.776 35.371 3.9603 1
3.4809 12.651 10.625 16.182 4.5027 1
614.09 551.54 11.911 3.4912 4.2641 1
371.53 212.64 324.94 221.33 9.6044 1
12.828 19.074 16.085 15.923 5.0308 1
639.23 615.33 12.89 10.842 3.3445 1
589.13 639.16 1.5118 2.6757 2.7028 1
639.13 566.63 6.5854 1.6111 2.8727 1
400.36 355.59 141.59 164.54 2.5127 1
570.36 639.17 4.2907 9.8232 2.6047 1
427.88 401.63 150.38 160.39 2.5679 1
416.54 431.89 141.23 137.81 2.9838 1
421.82 404.1 125.89 132.81 2.838 1
430.63 428.03 187.55 195.43 2.9364 1
414.02 429.29 189.99 186.01 3.0496 1
356.83 402.69 160.79 137.51 1.9352 1
411.31 434.19 117.92 111.87 4.0146 1
425.74 406.97 239.68 252.14 2.7933 1
408.93 425.48 233.24 229.6 3.3703 1
113.95 80.662 11.291 28.514 4.2866 1
380.4 368.88 321.49 319.03 4.6286 1
458.34 459.47 127.91 112.9 1.3405 1
449.51 424.31 98.676 110.75 1.8549 1
347.77 254.26 139.39 102.52 2.405 1
393.21 407.93 128.49 120.48 2.7934 1
431.63 452.89 122.88 111.65 1.8756 1
450.11 449.06 257.77 272.96 5.333 1
347.15 346.05 164.16 144.09 2.4963 1
47.689 54.01 19.219 31.683 3.8783 1
354.5 354.74 145.37 159.11 1.4689 1
348.39 347.8 212.87 169.13 1.5199 1
63.054 50.12 41.737 43.438 4.6313 1
27.858 1.594 44.692 43.882 2.653 1
240.3 224.12 96.806 90.387 1.4021 1
392.9 378.9 322.71 320.64 5.6767 1
49.139 32.871 43.414 43.092 2.648 1
350.09 349.91 247.88 227.88 1.3958 1
