135.37 575.37 479 478.98 1.2703 1
638.97 638.99 412.87 149.12 1.2667 1
202.41 159.07 297.36 126.01 5.6138 1
160.38 499.13 126.2 123.65 4.5393 1
502.62 472.15 122.4 299 5.9029 1
158.37 202.82 126.1 61.19 3.9227 1
204.11 471.66 61.996 57.458 5.4215 1
495.37 502.44 107.88 123.17 6.2851 1
487.84 211.63 303.74 301.8 9.8584 1
471.36 488.21 57.332 93.385 6.1072 1
489.06 496.65 92.921 100.37 5.3703 1
121.62 32.872 2.8301 2.51 3.9078 1
509.18 407.96 8.422 0.5491 3.9048 1
496.62 600.39 4.0007 4.5144 3.6943 1
450.41 495.46 1.156 4.0643 3.5007 1
597.88 510.37 8.5908 7.1581 3.5654 1
639.69 617.31 21.633 11.383 4.8333 1
632.2 638.05 36.998 24.203 3.8315 1
616.89 597.98 12.149 9.607 3.623 1
620.26 639.84 8.1464 16.115 3.9038 1
600.15 620.6 5.2788 9.2245 3.1653 1
