638.98 638.97 412.88 147.88 1.2567 1
137.87 575.37 479 478.97 1.2801 1
195.21 203.91 86.689 109.21 4.1343 1
199.91 199.32 111.6 124.13 2.7929 1
211.25 204.71 205.5 186.01 5.9567 1
202.39 200.61 186.54 170.35 4.8212 1
205.81 198.53 144.52 129.41 6.0519 1
204.36 204.93 171.61 181.65 1.7447 1
591.5 510.53 122.95 304.33 6.197 1
196.93 195.07 130.34 115.26 4.028 1
199.85 190.02 107.47 86.795 6.0163 1
204.28 203.17 134.12 114.18 4.2299 1
206.48 204.55 164.27 145.33 5.1013 1
203.97 208.59 227.84 209.3 5.4596 1
195.57 199.75 115.48 107.55 4.9482 1
209.32 207.16 188.01 170.46 3.5482 1
203.12 196.34 75.534 86.086 5.4818 1
208.59 210 217.93 232.91 2.3719 1
199.96 205.68 170.95 162.7 5.5341 1
192.26 194.3 86.771 77.914 4.8734 1
204.07 205.14 102.82 79.058 5.0511 1
205.72 207.95 70.324 30.449 4.7123 1
511.63 207.92 305.43 321.19 12.616 1
213.99 205.15 245.44 226.04 4.7532 1
194.47 204.94 79.492 68.702 6.3574 1
213.31 211.72 234.2 216.73 3.2824 1
219.5 213.43 316.59 243.97 4.5626 1
207.8 510.45 30.55 38.75 6.8475 1
510.44 591.23 37.778 120.79 5.3746 1
206.62 589.13 122.92 123.22 6.28 1
505.33 498.38 312.73 328.1 5.3996 1
212.05 213.23 192.85 210.35 1.25 1
194.4 203.3 226.1 222.74 5.1188 1
