638.99 638.99 411.63 150.38 1.2535 1
139.12 574.12 479.02 478.97 1.2911 1
484.48 454.53 71.465 238.75 5.9956 1
183.03 131.1 312.83 136.41 4.5841 1
321.98 484.42 184.05 73.898 9.5603 1
495.63 492.59 1.0292 12.469 6.3616 1
467.27 469.51 9.3001 1.0506 7.2378 1
557.83 551.7 1.2649 23.246 4.3416 1
291.42 181.27 396.57 308.64 6.5521 1
543.7 548.3 17.755 1.3928 6.0166 1
622.53 633.12 37.699 35.164 7.5849 1
456.66 435.31 16.666 35.466 4.3147 1
439.2 452.47 25.473 12.459 4.4623 1
456.27 296.76 237.6 393.08 10.29 1
133.4 356.47 138.99 33.955 11.704 1
639.13 622.87 44.418 44.465 7.5289 1
452.95 465.62 11.847 7.2987 3.7117 1
493.24 474.58 15.007 10.831 10.305 1
460.43 464.97 42.885 20.045 7.8435 1
435.69 410.37 34.631 39.116 3.9884 1
371.85 337.84 28.125 20.543 3.6522 1
393.09 370.95 35.97 28.682 4.3736 1
335.26 294.09 20.744 8.0031 4.2087 1
326.53 371.78 8.3162 18.422 4.5953 1
137.22 158.25 145.2 217.77 2.0189 1
409.32 394.11 39.698 35.426 6.1661 1
293.05 262.8 8.2775 1.9928 3.2579 1
412.83 435.35 29.976 27.625 3.6549 1
304.27 327.17 1.1756 8.73 4.7602 1
630.46 639.66 124.18 110.74 3.0943 1
569.15 552.82 27.696 25.875 2.0689 1
371.88 398.61 19.587 28.222 3.7887 1
405.34 415.41 31.731 35.284 3.1894 1
630.1 639.02 29.496 31 3.0728 1
213.21 266.32 186.92 218.39 4.4616 1
457.85 407.84 55.481 43.001 3.0413 1
268.08 298.87 219.9 201.21 7.5174 1
355.81 414.3 34.075 53.599 8.3015 1
431.62 409.08 24.074 26.082 1.9357 1
591.74 606.61 24.815 27.929 4.8365 1
575.15 586.67 23.202 22.023 4.8466 1
480.07 466.24 70.352 66.895 6.3665 1
305.87 322 194.1 187.56 4.1943 1
556.57 572.82 18.234 20.716 2.0939 1
567.38 569 50.481 38.932 1.8508 1
