300.22 368.19 10.067 20.9 4.312 1
335.57 292.69 19.026 12.898 4.9491 1
638.97 639.01 411.62 149.12 1.2805 1
256.59 300.64 1.8419 8.6338 4.4628 1
140.37 572.87 479.01 478.97 1.2826 1
374.93 336.57 28.298 18.071 4.8312 1
292.83 241.59 10.708 3.0932 4.8957 1
451.13 437.65 63.771 225.25 9.7573 1
92.419 324.61 153.14 31.408 6.2453 1
367.74 402.84 22.942 24.846 4.18 1
616.27 631.67 9.8212 12.598 6.5944 1
392.96 447.96 31.071 39.874 3.1122 1
615.38 639.12 1.5911 7.9125 4.5889 1
271.49 160.75 395.1 314.55 6.8882 1
404.48 386.6 36.584 31.73 3.2914 1
468.85 405.22 45.96 36.42 3.5811 1
224.67 451.01 223.63 61.76 7.8507 1
161.66 93.729 313.58 152.71 7.7537 1
321.48 440.4 31.006 57.754 3.9958 1
438.92 277.47 226.36 392.41 9.1919 1
400.81 420.38 24.209 17.88 4.0589 1
389.04 432.87 12.294 10.266 4.2435 1
416.83 389.29 25.764 29.196 4.4979 1
444.1 424.12 15.702 14.13 3.7384 1
93.049 1.4017 13.761 31.737 3.7784 1
572.64 585.22 3.1466 5.1131 6.7541 1
451.62 467.88 8.6428 8.665 2.5153 1
557.79 527.79 7.3004 3.5214 3.8671 1
1.4059 96.675 28.004 9.3823 3.5968 1
639.14 605.31 18.337 19.308 7.8198 1
454.11 442.8 4.8951 5.2074 3.0886 1
594.8 578.53 21.109 8.2971 3.3021 1
477.88 451.61 2.7917 2.2254 4.0725 1
532.87 571.64 2.024 2.4896 2.6049 1
583.04 593.88 7.6466 15.702 2.2641 1
387.88 374.11 29.601 29.482 6.239 1
424.99 439.67 8.4328 0.35275 3.7776 1
420.38 393.99 12.881 16.979 4.45 1
132.6 93.881 0.77695 13.376 3.6789 1
557.76 505.41 90.926 80.196 2.7609 1
507.99 554.12 77.284 86.629 2.7302 1
431.92 417.22 17.147 25.465 4.7811 1
607.7 616.65 15.059 10.228 8.381 1
94.416 120.15 8.8212 0.90244 3.0328 1
521.68 552.87 48.564 51.655 2.7344 1
269.63 225.82 390.57 224.93 4.1945 1
547.95 517.91 54.75 51.336 2.7951 1
446.35 446.28 37.885 17.862 7.566 1
586.49 606.77 2.4885 5.7422 3.8545 1
622.92 560.4 103.9 91.492 2.4972 1
203.03 222.98 211.31 221.41 1.7592 1
557.97 614.23 87.382 98.613 1.9687 1
