638.97 639 411.62 149.12 1.2793 1
137.87 574.12 479.01 478.97 1.2812 1
207.79 177.59 306.18 143.71 6.4462 1
176.26 255.68 143.57 41.862 4.9534 1
385.44 422.3 144.15 22.702 4.3988 1
421.36 285.11 22.455 4.9104 5.5876 1
375.58 372.52 191.48 214.25 4.3126 1
285.12 264.02 4.8764 32.793 3.5254 1
364.61 357.34 292.96 335.5 10.036 1
372.57 362.55 215.17 291.75 4.3557 1
377.72 375.44 177.63 190.61 4.1268 1
509.12 481.57 5.0862 5.7305 3.7197 1
475.37 510.38 10.194 10.203 2.5096 1
385.89 376.59 150.53 180.75 2.9413 1
482.88 462.71 6.5825 2.4422 4.2079 1
277.71 220.22 11.472 2.6311 4.4674 1
354.37 205.82 339.27 305.9 10.309 1
245.39 279.14 4.02 7.7315 2.7712 1
418.16 392.88 49.171 204.13 4.5848 1
422.59 418.9 30.307 45.623 1.8056 1
180.04 375.34 143.49 178.07 5.7432 1
391.86 368.97 202 293.15 3.9664 1
219.27 209.13 2.6196 1.6136 2.6111 1
465.39 466.09 50.375 14.115 2.6916 1
470.68 469.99 12.858 50.391 3.0319 1
392.71 385.95 127.83 150.17 1.5586 1
