294.48 306.8 304.24 132.71 5.2071 1
638.98 638.98 412.88 147.88 1.2509 1
306.6 308.44 130.49 110.31 4.6436 1
306.36 334.16 108.59 30.386 5.3637 1
532.82 463.55 132.42 330.99 6.2927 1
134.12 572.87 479.01 478.97 1.2894 1
462.85 296.45 331.79 307.88 6.8213 1
483.99 533.13 23.502 132.19 4.2587 1
296.42 294.63 319.15 305.15 8.5466 1
310.29 530.54 102.23 131.61 4.784 1
345.36 482.99 5.4524 23.266 3.719 1
334.75 343.77 30.144 5.705 3.7696 1
416.53 378.24 141.95 130.41 3.3292 1
447.89 409.14 175.64 175.95 2.7622 1
407.8 390.25 174.39 169.57 2.7417 1
432.92 410.37 234.6 236.52 2.414 1
429.24 311.47 152.04 135.24 2.6529 1
383.06 407.84 134.81 142.99 2.8087 1
419.19 387.9 285.39 287.03 3.4094 1
392.89 406.54 174.05 177 2.1797 1
455.37 417.86 143.21 142.49 2.9512 1
309.67 305.39 136.57 196.63 2.1386 1
411.61 424.14 178.08 178.75 1.716 1
386.53 371.48 285.76 282.26 2.1513 1
409.12 379 236.63 231.08 2.8776 1
310.81 310.22 114.1 130.37 1.4296 1
525.4 431.67 140.21 127.54 2.5787 1
516.71 430.34 163.49 151.88 2.2718 1
304.73 302.35 201.59 247.85 1.9172 1
389.23 419.16 290.51 288.3 2.7209 1
415.51 430.8 143.59 147.41 2.3883 1
458.45 457.6 332.79 351.67 8.0007 1
312.75 380.29 132.53 142.19 2.4698 1
301.31 298.31 326.73 317.73 9.0915 1
356.64 316.58 116.55 110.7 2.2373 1
300.65 300.23 255.36 276.62 1.2992 1
465.38 427.89 2.3613 2.8275 2.7796 1
385.34 374.1 120.63 119.3 1.6812 1
498.21 516.68 221.74 169.14 1.6827 1
299.28 298.8 279.13 304.14 1.2735 1
385.36 406.71 142.95 146.06 1.5978 1
454.67 451.18 345.56 356.06 5.1399 1
422.81 432.64 226.77 230.94 2.6147 1
