537.64 499.97 108.74 255.27 4.915 1
135.37 575.37 478.99 478.97 1.2666 1
544.48 538.55 82.32 105.23 5.1095 1
638.99 638.98 412.88 147.88 1.2554 1
509.3 471.32 32.397 18.727 4.4227 1
478.61 517.33 18.072 31.899 3.364 1
227.81 543.4 163.89 81.132 4.8205 1
169.53 436.92 79.918 26.887 4.7503 1
436.83 464.11 0.93202 9.1699 3.3649 1
531.4 510.26 41.973 31.869 4.0727 1
572.87 605.55 52.848 49.573 4.3573 1
471.63 436.91 16.62 3.3806 5.058 1
609.58 591.34 51.003 55.433 4.3387 1
173.86 168.98 89.951 81.02 6.7857 1
517.17 548.41 31.747 46.855 3.5601 1
639.13 616.69 39.162 44.385 4.5022 1
255.39 252.99 354.12 341.37 5.6063 1
590.39 562.86 55.615 55.169 4.9791 1
199.49 171.78 221.28 91.326 4.1625 1
607.57 639.33 44.373 34.803 5.164 1
502.45 250.07 258.04 357.09 9.4145 1
437.26 540.9 26.579 79.293 4.0245 1
572.87 591.63 40.086 39.988 1.3289 1
463.7 478.36 8.8877 17.004 3.6329 1
254 225.29 340.6 162.69 4.4645 1
605.41 565.39 44.8 42.552 4.1506 1
549.09 571.82 46.783 52.018 2.901 1
205.45 199.67 250.11 221.52 3.9618 1
559.07 572.97 42.648 39.556 2.9833 1
590.38 609.05 40.361 43.33 3.311 1
595.67 551.25 74.712 54.976 4.3181 1
556 613.85 54.45 77.332 4.4836 1
250.73 205.07 342.08 249.89 4.9076 1
639.13 594.32 89.096 73.56 3.9212 1
630.42 616.56 52.684 49.377 3.6475 1
614.32 639.02 77.297 85.693 3.1717 1
619.59 639.25 46.365 52.479 3.4215 1
225.02 175.98 162.7 89.558 4.3439 1
549.92 530.9 54.846 42.757 3.1645 1
174.86 179.88 91.464 114.23 2.3158 1
624.95 632.05 79 55.131 9.7139 1
521.73 530.67 157.9 122.95 1.6608 1
509.91 517.04 204 176.73 1.786 1
