638.97 639 412.87 147.87 1.2728 1
137.87 574.12 479.01 478.97 1.286 1
220.06 220.05 260.38 99.125 3.7626 1
219.92 219.71 94.129 66.611 3.9465 1
345.05 219.68 348.33 260.83 5.0629 1
222.23 396.61 66.655 154.16 4.1854 1
219.68 411.57 65.812 2.7114 4.7498 1
546.85 482.49 53.708 212.72 4.496 1
483.01 476.75 212.79 218.03 3.6795 1
291.47 332.7 134.63 147.19 3.1683 1
330.22 286.34 177.15 163.81 3.0612 1
318.93 283.91 234.73 223.53 3.0937 1
411.24 546.55 2.6755 51.819 3.8175 1
477.99 381.68 219.24 316.69 7.96 1
332.97 288.7 143.81 130.56 3.4633 1
291.62 309.52 167.89 174.28 2.4381 1
381.05 349.09 317.29 349.09 8.8477 1
396.99 544.43 153.41 54.574 4.1878 1
310.3 329.19 174.44 178.83 2.1722 1
284.35 309.22 226.02 235.11 2.235 1
310.27 278.87 283.18 272.37 3.6635 1
277.71 304.01 274.56 284.44 2.6448 1
215.91 218.07 299.07 272.69 7.577 1
281.28 263.72 125.7 107.01 3.4793 1
282.66 262.25 161.82 139.7 3.5327 1
359.43 347.96 298.89 345.7 3.5699 1
267.5 256.32 264.36 246.82 3.0699 1
272.36 258.57 215.75 197.03 2.965 1
385.05 225.58 185.99 101.24 2.6936 1
222.87 223.06 100.38 155.37 1.3374 1
223.04 222.82 71.627 92.874 1.2885 1
223.01 223.24 161.62 206.63 1.4657 1
391.32 307.59 162.23 119.69 2.5007 1
393.4 388.39 163.92 181.77 3.2727 1
400.3 391.62 160.36 196.62 2.2222 1
223.03 223.17 214.12 259.12 1.3756 1
229.01 257.08 99.347 114.53 2.6147 1
265.69 274.71 116.37 124.83 4.502 1
372.38 360.26 249 296.6 3.5232 1
387.32 372.79 187.74 246.6 3.5787 1
347.72 245.32 133.19 81.741 1.8316 1
316.39 330.66 120.81 128.61 2.0926 1
262.65 276.5 197.58 200.91 2.4777 1
639.44 623.32 11.126 0.92711 2.8891 1
266.47 280.55 139.71 143.48 3.9457 1
322.59 369.12 149.66 174.13 2.3374 1
257.68 274.14 246.12 250.31 3.0616 1
359.23 391.59 142.67 159.2 1.804 1
264.38 226.6 238.74 214.16 1.881 1
267.73 284.33 107.37 110.58 4.6311 1
321.21 329.86 165.78 174.63 1.8487 1
