638.99 638.99 412.87 147.87 1.2518 1
457.44 433.21 170.3 318.98 4.3233 1
137.87 574.12 479 478.99 1.2609 1
339.26 457.16 41.402 169.78 4.5476 1
434.08 295.62 320.23 364.74 7.9052 1
204.38 209.49 13.023 4.3387 3.2408 1
5.5623 6.8111 2.858 16.608 3.7346 1
56.082 52.051 38.209 16.546 5.0868 1
288.78 277.52 10.392 2.1012 5.0328 1
51.82 63.704 78.051 64.872 4.9155 1
276.24 267.82 3.5293 9.0344 4.1849 1
84.738 92.546 4.3247 29.228 6.5699 1
209.51 245.41 65.206 146.61 4.205 1
294.48 289.17 361.54 338.44 8.4299 1
303.58 287.42 2.5311 15.149 10.096 1
56.334 66.851 19.874 41.515 3.278 1
69.046 64.218 31.977 13.769 4.3388 1
292.05 276.7 336.73 216.46 3.7198 1
225.23 210.84 8.4685 14.849 7.8696 1
66.526 55.972 66.546 79.858 3.7504 1
235.35 209.62 203.89 69.03 3.7321 1
286.4 280.1 14.777 17.134 3.5126 1
277.89 352.75 215.43 197.37 4.402 1
238.1 236.21 216.77 202.93 6.531 1
61.143 52.758 63.637 50.45 3.9326 1
63.884 56.815 13.015 0.79217 3.872 1
33.918 50.375 83.523 77.875 3.9177 1
275.2 304.33 22.304 13.545 3.708 1
1.4153 27.69 88.83 85.264 4.2822 1
63.647 57.73 39.788 46.677 3.7932 1
125.52 117.07 22.735 13.707 5.1839 1
65.997 51.055 32.578 1.3003 2.7946 1
27.293 43.852 69.355 59.897 3.5634 1
55.16 47.965 79.89 83.078 3.4284 1
279.18 261.63 17.576 17.977 3.6919 1
150.27 185.3 13.5 7.4646 6.1123 1
285.73 239.91 338.99 216.8 3.803 1
45.346 1.4265 87.67 93.997 6.5221 1
138.88 151.6 18.523 13.444 5.8041 1
175.21 137.73 13.426 22.261 3.7978 1
270.4 291.67 53.025 49.413 3.9063 1
78.928 93.106 47.322 42.273 2.4356 1
269.29 258.04 6.8189 8.0984 3.5847 1
320.4 338.2 44.24 40.77 4.1591 1
43.188 30.912 64.679 71.613 3.2154 1
260.48 210.49 54.699 63.507 5.2115 1
206.6 187.89 16.388 18.014 3.3033 1
291.83 311.68 49.076 45.709 3.9062 1
192.87 212.88 2.4514 2.0134 1.6599 1
142.91 99.278 69.26 79.759 2.8141 1
430.64 453.73 315.42 174.27 2.2457 1
67.965 45.313 86.647 88.255 3.2902 1
181.63 194.29 10.366 13.452 3.6434 1
353.04 428.14 197.31 178.97 2.9933 1
114.06 97.43 15.493 6.4025 3.3927 1
46.679 21.97 14.284 22.643 6.6863 1
187.94 176.58 16.227 14.407 2.2708 1
111.7 136.63 73.15 66.655 2.6329 1
453.89 423.19 170.59 137.58 1.3813 1
287.68 271.05 46.791 27.301 2.6884 1
126.64 107.88 41.67 49.126 2.5463 1
274.36 293.71 25.167 46.991 2.876 1
264.1 273.25 191.63 211.45 1.7463 1
422.65 404 136.83 116.74 1.3057 1
425.34 409.26 1.4929 5.887 1.865 1
