135.37 574.12 478.99 478.99 1.2504 1
638.98 638.98 412.87 147.87 1.2568 1
191.81 155.33 247.54 92.592 5.0264 1
470.88 451.69 79.032 232.88 5.1163 1
157.59 421.54 93.308 138.37 7.4538 1
200.34 191.66 248.26 247.5 4.1674 1
155.66 241.73 92.189 49.329 4.0005 1
452.1 448.98 231.22 237.14 3.1895 1
447 447.3 220.37 234.11 2.554 1
442.87 445.54 239.36 225.41 2.7429 1
423 421.16 136.53 159.19 4.0414 1
422.55 420.54 159.31 169.41 4.743 1
423.7 198.86 319.8 253.28 10.992 1
420.62 410.98 170.3 295.42 4.0244 1
359.11 470.07 64.247 77.881 7.0337 1
1.4992 26.565 4.4018 1.1611 3.8793 1
456.85 443.01 146.91 158.04 1.7088 1
461.54 460.84 109.04 120.33 2.0246 1
532.7 549.33 5.4567 3.0003 6.956 1
447.21 409.64 241.94 312.48 3.8642 1
409.12 515.41 1.7232 3.382 4.0226 1
410.37 410.26 296.61 307.89 2.607 1
551.2 588.12 10.708 6.0994 9.1471 1
394.2 334.17 3.9778 0.75862 3.4099 1
547.95 527.89 10.336 10.925 4.9978 1
480.51 395.3 10.818 5.2703 7.7048 1
423.39 441.52 158.58 134.05 2.4912 1
446.28 454.43 134.56 131.09 3.5968 1
430.21 424.85 154 160.94 2.2929 1
448.04 438.39 198.06 207.09 2.6795 1
514.15 481.61 8.649 6.8937 2.9004 1
433.7 446.13 122.5 108.54 3.0059 1
454.19 439.17 135.5 142.97 3.3684 1
455.46 441.57 111.82 117.74 3.6203 1
446.18 457.06 110.3 106.69 2.7854 1
639.25 480.71 37.096 12.024 3.974 1
639.12 594.11 5.7145 4.558 3.0772 1
585.35 552.86 13.863 16.489 3.3351 1
589.13 554.13 1.625 1.625 1.25 1
595.37 639.13 1.8511 2.0069 1.3613 1
408.79 412.32 205.36 145.34 2.2768 1
449.55 462.92 240.36 242.62 5.3459 1
199.51 195.69 270.27 256.89 3.2623 1
559.16 621.65 18.859 27.691 3.7 1
285.33 216.7 119.37 107.42 2.1367 1
405.14 406.27 266.62 239.11 1.6598 1
622.84 639.09 28.104 30.575 1.6116 1
407.3 408.07 232.86 209.13 1.4524 1
440.38 423.02 314.2 315.76 5.8889 1
252.95 287.74 50.971 55.228 2.9893 1
296.48 329.05 56.394 60.912 3.2347 1
403.49 404.34 287.91 272.89 1.46 1
