186.58 145.25 270.08 103.84 4.9139 1
135.37 574.12 478.99 478.98 1.2641 1
146.44 465.32 102.74 127.4 4.9469 1
638.98 638.98 410.37 147.87 1.2565 1
466.94 463.16 142.74 168.1 4.6293 1
459.47 458.91 229.11 217.89 2.6835 1
462.2 456.96 173.13 210.6 4.2594 1
456.04 443.23 216.72 305.24 4.2001 1
470.39 465.35 177.88 192.87 4.7598 1
458.1 463.68 210.8 224.31 4.8198 1
469.19 466.27 124.53 143.02 5.0694 1
470.3 478.33 118.3 129.69 4.0871 1
463.51 469.88 167.81 176.97 4.7256 1
470.86 481.05 90.889 99.781 5.0498 1
462.77 466.24 190.33 181.48 2.6147 1
478.95 473.18 105.5 97.29 3.8977 1
476.32 468.02 136.38 146.74 4.2955 1
463.34 456.01 224.96 238.87 4.3642 1
480.35 481.63 100.17 107.87 3.9044 1
240.34 471.57 48.547 60.299 4.654 1
471.97 470.5 60.27 90.442 4.5079 1
470.04 469.23 97.917 115.44 4.376 1
482.47 474.17 107.55 117.91 4.1017 1
466.25 459.8 191.22 197.26 3.6528 1
464.98 383.05 310.6 302.39 9.3336 1
616.61 534.05 16.926 11.486 3.9351 1
525.26 582.9 6.4989 12.599 3.6108 1
484.25 524.28 0.56686 5.3676 3.3269 1
533.11 460.53 9.7995 0.39332 3.9033 1
383.02 195.48 301.81 275.84 7.6006 1
582.85 639.14 12.004 13.04 3.6113 1
639.13 617.87 16.115 15.91 1.4542 1
181.04 188.62 234.27 265.5 1.8044 1
154.99 180.47 129.22 231.6 1.8649 1
231.59 184.09 112.38 109.89 3.026 1
184.13 166.62 108.22 108.46 1.4524 1
264.16 231.64 114.84 112.68 1.9948 1
165.35 150.19 109.25 106.31 4.3536 1
192.37 189.44 290.54 281.52 3.9234 1
170.24 193.94 81.47 61.404 2.2001 1
349.13 331.63 56.625 56.625 1.25 1
452.87 453.98 171.62 159.11 1.7962 1
