283.56 284.8 205.42 149.14 4.1619 1
279.83 283.38 311.69 204.06 4.5131 1
638.99 638.98 412.88 146.63 1.2552 1
285.2 285.74 142.9 115.41 3.009 1
516.41 481.8 152.39 255.85 4.7712 1
136.62 575.37 479 478.98 1.276 1
481.63 443.13 256.2 369.61 4.6388 1
285 398.27 115.14 17.084 4.2736 1
441.1 279.37 369.32 310.94 6.7555 1
287.52 507.67 115.48 172.43 5.0549 1
544.83 515.89 46.476 151.77 4.0705 1
369.23 397.67 166.21 173.65 3.3677 1
398.92 372.62 169.87 162.56 3.2785 1
398.8 544.09 17.01 45.577 3.9968 1
280.28 282.38 336.73 313.85 11.317 1
392.93 372.77 202.67 196.98 3.2407 1
287.96 283.02 149.13 307.88 2.6484 1
375.35 389.12 201.73 205.41 2.7381 1
412.89 389.12 263.76 263.03 1.7105 1
435.38 415.38 174.09 172.75 2.914 1
426.61 397.86 205.73 204.57 2.8978 1
402.88 384.14 312.17 312.43 2.6201 1
288.91 288.39 117.9 141.64 1.7634 1
416.6 434.12 176.07 176.75 1.5395 1
379.06 364.16 260.62 256.5 2.5356 1
416.93 289.09 183 148.02 2.5025 1
410.37 426.63 208.51 208.38 1.3751 1
367.86 355.42 309.17 305.24 2.447 1
568.54 543.23 12.974 2.0454 3.2862 1
426.87 385.36 160.74 149.18 2.2105 1
467.9 427.75 171.55 160.85 2.1762 1
440.17 437.47 371.58 382.78 7.0365 1
639.34 609.24 9.4396 13.66 4.0375 1
382.85 431.67 151.7 165.22 2.353 1
482.86 470.24 175.45 172.13 1.8451 1
447.93 417.81 191.43 183.1 2.0768 1
358.17 346.58 156.01 150.47 2.3033 1
290.17 345.17 144.87 159.88 2.5217 1
360.44 380.27 146.35 150.83 1.6123 1
281.11 282.34 350.45 337.7 5.8155 1
587.87 569.1 14.354 13.622 3.5035 1
602.88 587.87 13.546 13.4 1.3717 1
