203.07 302.09 52.709 168.73 4.713 1
638.98 638.98 412.87 146.62 1.2508 1
137.87 575.37 479 478.98 1.2751 1
545.67 488.6 153.83 338.96 4.6081 1
52.662 28.781 73.597 66.541 4.3047 1
488.92 336.9 339.94 409.5 8.5897 1
226.06 205.79 218.14 81.379 4.392 1
205.9 201.58 78.226 53.911 4.5661 1
347.3 545.59 26.273 153.24 4.371 1
260.4 201.96 41.787 51.199 4.4972 1
73.144 33.618 68.414 88.115 4.4784 1
336.02 224.74 405.23 217.51 6.3847 1
30.272 74.622 92.63 74.063 3.8616 1
178.6 151.56 19.822 27.651 8.5627 1
65.374 85.376 29.698 29.732 2.5214 1
132.82 142.93 23.194 25.055 3.0099 1
55.18 66.36 25.681 52.983 5.8832 1
65.786 64.547 52.62 62.774 4.954 1
147.95 119.3 28.637 24.239 3.2295 1
87.963 132.99 24.96 20.206 6.7331 1
32.878 11.641 88.006 88.523 2.8647 1
12.835 29.163 91.289 92.003 2.3099 1
41.739 53.711 0.88639 22.995 4.6227 1
119.18 74.425 24.358 34.234 3.788 1
115.37 164.12 12.174 12.492 1.5601 1
31.788 21.019 56.633 47.327 4.7754 1
270.28 347.67 39.833 26.691 3.8597 1
30.684 31.945 64.374 56.476 4.6885 1
29.858 20.021 68.2 76.19 5.2751 1
66.891 71.938 57.159 66.455 3.0765 1
5.4977 25.218 59.62 54.739 2.4506 1
22.781 9.3719 52.432 55.285 2.6273 1
31.697 39.226 77.974 72.534 6.249 1
142.87 114.08 14.125 15.854 3.2446 1
20.426 1.3935 45.997 47.566 8.9258 1
73.769 51.813 78.242 87.093 3.2353 1
114.95 97.588 14.763 3.3099 3.1754 1
59.041 63.006 1.3719 19.639 6.0035 1
343.13 376.64 217.51 207.94 3.4317 1
376.27 540.5 208.02 155.76 3.4117 1
223.27 206.55 81.289 61.686 2.0423 1
485.47 538.78 337.9 165.66 2.218 1
216.2 221.88 131.69 169.09 1.7993 1
390.47 345.68 12.018 22.892 2.6194 1
319.13 335.39 21.71 21.461 1.25 1
363.04 384.25 16.038 10.868 2.1025 1
72.991 100.36 83.223 74.09 1.977 1
99.167 79.14 78.01 84.174 2.5739 1
6.0261 12.784 1.0831 9.201 3.6818 1
212.33 215.91 105.46 129.04 1.7213 1
228.54 227.59 239.16 225.31 5.2457 1
272.83 309.15 25.975 23.27 1.8962 1
302.44 334.96 169.5 206.98 2.3885 1
202.73 180.47 83.46 88.302 2.3358 1
341.85 343.67 286.63 217.9 3.0947 1
337.9 320.39 23.491 24.344 1.4917 1
497.95 478.94 126.5 114.42 1.429 1
179.15 202.85 85.47 80.269 2.0245 1
345.21 310.34 214.27 174.16 2.0526 1
130.34 109.1 2.5565 5.2138 3.4105 1
413.96 390.67 1.2412 11.064 1.6937 1
44.137 21.625 97.597 96.619 3.4209 1
314.12 296.61 25.349 26.401 1.7723 1
