137.87 574.12 478.99 478.98 1.2555 1
638.97 638.99 412.87 147.87 1.2681 1
460.92 437.36 77.594 241.55 6.0369 1
364.57 457.53 132.75 78.527 4.9491 1
437.02 358.94 241.95 313.93 5.6577 1
153.79 364.39 61.336 134.62 6.8383 1
183.23 151.25 216.29 61.187 6.3232 1
154 258.05 58.744 25.93 4.09 1
354.51 189.85 316.24 223.14 9.8992 1
373.16 353.96 322.11 315.89 8.7097 1
432.64 427.97 132.79 145.41 2.7783 1
633.05 566.66 7.2167 1.2126 4.4103 1
601.62 629.13 1.8787 2.2131 1.493 1
589.36 520.45 9.7835 1.052 4.3149 1
427.63 402.9 146.05 156.67 2.3117 1
416.56 430.74 135.09 132.11 3.4737 1
410.29 424.4 185.06 181.46 3.3499 1
603.91 634.26 9.0207 14.648 3.0523 1
419.03 433.34 110.06 105.65 3.5839 1
420.63 400.7 197.13 207.26 2.8671 1
639.25 590.1 19.676 10.597 3.8754 1
351.55 354.45 307.87 140.38 3.0125 1
405.01 419.33 229.19 224.77 3.4951 1
378.46 363.02 152.6 161.87 2.5747 1
549.22 602.94 0.93564 8.6509 2.2969 1
258.27 456.54 26.301 75.732 4.2767 1
43.717 17.5 0.77375 13.342 3.2886 1
356.82 356.53 172.87 214.12 1.2676 1
363.64 363.51 136.62 156.63 1.366 1
354.37 354.14 260.37 306.63 1.4604 1
365.06 405.26 157.37 132.68 2.2058 1
455.36 424.17 87.845 105.46 2.0851 1
450.35 436.6 107.84 116.59 1.7257 1
362.23 362.15 182.87 197.88 1.3331 1
425.63 414.27 137.49 140.86 2.1273 1
362.26 361.55 199.1 217.92 2.7362 1
392.75 373.06 322.88 320.97 5.3389 1
363.06 362.08 164.07 181.65 2.9101 1
