463.01 432.9 135.18 303.91 5.4881 1
638.98 638.98 412.87 146.62 1.2522 1
136.62 574.12 478.99 478.98 1.258 1
432.82 314.14 304 360.41 5.4386 1
310.21 462.28 177.31 133.92 5.0056 1
198.61 177.16 224.02 72.8 4.5824 1
566.83 639.36 0.44541 12.747 5.3043 1
180.37 310.01 74.133 176.75 4.454 1
635.31 499.74 25.723 -1.4458 11.018 1
177.89 300.53 71.735 52.648 3.9876 1
545.44 511.56 24.819 20.944 4.3994 1
300.9 459.02 53.071 131.83 4.1764 1
308.52 202.9 361.88 231.84 6.2543 1
502.8 464.02 19.344 5.6782 3.2673 1
639.35 572.05 49.496 32.461 3.5749 1
567.78 639.56 28.252 46.133 3.6691 1
381.51 403.96 181.14 175.9 2.1506 1
371.57 315.27 187.69 205.04 2.4791 1
400.62 382.75 201.28 206.16 2.5246 1
470.01 508.01 5.2519 17.455 3.0577 1
511.46 503.92 20.401 19.426 2.2922 1
575.22 545.39 33.553 26.551 3.2278 1
325.15 308.29 372.45 360.52 8.2886 1
438.47 455.38 255.48 161.63 2.2931 1
547.92 566.72 23.961 28.746 2.4446 1
398.29 373.3 293.8 305.07 3.0844 1
408.19 386.94 171.46 177.7 2.8278 1
509.05 532.83 17.168 20.651 2.5358 1
306.35 304.48 352.88 180.37 3.5562 1
313.98 377.93 202.41 183.05 2.6449 1
453.96 401.52 143.57 158.76 2.244 1
311.39 310.72 357.88 311.62 2.8103 1
396.61 416.69 188.95 187.41 2.9722 1
57.96 37.902 21.967 20.091 2.1756 1
394.34 375.64 253.64 258.82 2.2775 1
190.23 167.58 6.1426 13.173 4.0769 1
381.63 361.62 206.21 206.4 1.4133 1
308.05 308.49 261.62 307.88 1.6598 1
386.6 409.24 240.19 237.64 2.6239 1
432.41 437.88 290.29 259.13 1.6835 1
411.31 404.19 238.88 247.92 2.5288 1
431.46 427.98 316.17 336.43 5.5255 1
307.85 307.93 206.63 259.12 1.2539 1
416.97 409.17 189.54 197.91 3.0328 1
102.96 61.626 27.079 22.86 2.969 1
308.11 308.43 310.37 352.88 1.5606 1
395.34 413.18 162.64 159.71 3.903 1
310.53 310.72 256.63 207.88 1.4135 1
310.98 310.57 306.64 262.87 2.4884 1
366.57 394.17 171.45 163.02 2.4919 1
370.3 342.81 167.59 175.15 1.6269 1
132.85 112.84 29.528 28.483 3.2135 1
148.52 133.39 21.619 28.942 3.4819 1
168.4 153.16 12.59 20.902 3.4916 1
411.64 394.08 192.1 192.72 2.3661 1
121.34 125.12 1.4042 17.934 3.4832 1
379.07 401.71 284.47 282.97 2.4945 1
306.95 307.5 181.61 197.89 1.6686 1
305.22 276.46 176.82 154.33 1.3255 1
