136.62 574.12 478.99 478.98 1.2569 1
205.08 164.39 347.94 166.29 4.7414 1
539.74 532.11 133.6 160.86 4.7153 1
638.98 638.98 412.87 146.62 1.2547 1
531.86 491.86 162.6 312.6 4.5899 1
176.74 465.48 80.842 62.049 4.769 1
164.07 175.78 166.45 80.601 4.6747 1
500.53 205.75 315.36 353.29 10.355 1
466.35 540.3 61.909 134.23 4.5863 1
585.58 640 54.847 83.725 4.2596 1
441.63 397.87 1.7121 1.9279 1.4226 1
545.99 587.88 31.618 52.865 4.443 1
638.18 616.24 87.326 75.075 5.8116 1
615.94 584.22 75.435 58.948 4.7079 1
582.97 559.66 55.214 41.934 5.5942 1
558.56 540.34 42.574 31.682 3.8711 1
519.32 540.61 1.1485 9.7887 3.2898 1
540.5 511.64 12.511 2.8428 4.3323 1
166.55 536.72 165.73 133.98 4.2722 1
510.43 460.41 2.9389 0.8247 2.7089 1
396.65 381.63 1.8286 1.5147 1.302 1
541.86 541.45 31.706 20.336 3.7028 1
545.13 545.45 15.349 27.905 2.6898 1
587.94 582.26 58.977 56.453 5.0873 1
459.13 442.88 1.625 1.625 1.25 1
169.23 194.41 172.85 285.31 2.1144 1
194.96 198.28 287.97 302.79 1.8927 1
198.89 204.9 305.43 332.98 2.0206 1
505.47 516.89 250.4 206.69 1.6322 1
517.6 528.28 204.05 164.23 1.558 1
357.85 307.88 72.462 75.38 1.6122 1
530.28 535.29 156.6 136.6 1.25 1
302.88 281.63 76.625 76.625 1.25 1
276.61 252.86 77.63 78.848 1.6962 1
450.38 432.88 66.625 66.625 1.25 1
485.38 465.38 85.375 65.375 1.25 1
