545.73 539.79 88.597 112.73 5.1733 1
539.16 502.5 115.08 264.98 6.1317 1
135.37 575.37 479 478.97 1.2754 1
638.99 638.97 412.88 146.63 1.2645 1
489.85 544 17.935 39.438 4.2189 1
584.12 617.88 57.085 57.691 4.0859 1
217.84 543.18 167.72 89.14 4.989 1
171.88 442 82.971 32.385 4.9476 1
536.5 494.11 39.466 24.174 4.5101 1
615.39 591.57 60.557 62.099 3.419 1
486.01 454.58 17.248 6.54 3.4979 1
450.39 491.43 1.571 15.938 4.2467 1
442.19 545.11 31.625 88.354 4.2237 1
619.04 628.87 56.367 53.302 3.2074 1
250.27 242.76 352.24 323.9 9.739 1
506.24 250.09 266.78 357.06 10.33 1
454.21 445.45 6.4756 1.4947 3.26 1
176.91 171.7 99.375 84.899 7.9035 1
561.84 537.35 55.045 39.253 4.0645 1
639.23 614.85 53.193 61.299 5.1486 1
599.13 584.13 60.395 60.66 3.838 1
544.26 569.91 40.096 52.574 3.4939 1
221.31 210.32 192.61 153.79 6.0383 1
245.06 220.51 322.93 193.09 4.5567 1
204.4 174.9 231.28 100.48 4.1718 1
627.89 585.37 50.041 47.88 4.0196 1
208.46 179.5 153.82 98.925 4.1658 1
582.89 632.9 45.004 47.267 4.4863 1
581.57 639.54 63.012 85.563 4.018 1
620.52 574.87 82.534 62.786 4.5566 1
65.377 1.5899 1.667 4.6153 4.2077 1
209.05 204.44 252.89 231.56 3.9294 1
639.59 621.43 89.164 82.119 3.3053 1
238.7 208.96 325.04 252.2 4.3709 1
496.08 483.1 23.958 17.435 5.029 1
177.04 182.25 97.766 117.71 1.5365 1
517.61 534.61 190.31 120.49 1.943 1
511.87 517.03 212.94 192.98 1.5228 1
