638.99 638.98 411.63 147.88 1.2549 1
139.12 572.87 478.99 478.99 1.2505 1
482.51 453.96 171.31 318.85 4.3935 1
344.54 482.76 49.899 170.69 4.6979 1
289.16 286.78 1.4477 17.715 4.7962 1
274.41 265.54 21.096 16.321 3.1852 1
454.5 324.19 318.84 369.3 7.7177 1
261.36 254.39 15.052 20.703 4.0679 1
277.01 268.94 23.699 27.472 2.7199 1
31.606 45.285 4.0336 1.1927 2.9561 1
287.27 277.07 15.405 23.049 9.5018 1
208.18 190.3 22.462 28.91 8.2311 1
20.518 1.2634 11.202 14.537 5.3533 1
268.03 247.96 28.378 30.133 3.6883 1
24.636 29.353 5.1717 17.031 5.0948 1
21.254 47.265 103.57 91.789 4.4249 1
284.31 343.23 62.466 49.5 4.2981 1
35.656 47.698 26.48 49.821 3.4033 1
160.16 117.1 27.076 38.436 3.9078 1
244.01 221.08 211.65 88.994 4.0175 1
255.27 284.09 68.601 62.697 3.7035 1
71.274 77.656 22.975 45.437 7.2008 1
39.607 37.389 54.064 36.528 4.9751 1
54.019 42.239 86.531 99.811 3.9515 1
116.6 157.22 35.291 23.171 6.308 1
219.65 262.47 77.545 145.63 4.6589 1
53.905 51.881 45.433 37.807 3.9452 1
32.905 17.916 105.7 107.07 6.4522 1
1.4681 20.461 107.09 103.31 3.4417 1
26.326 21.27 24.246 11.769 3.9449 1
75.659 78.316 1.5719 15.761 5.683 1
54.702 54.339 59.143 45.402 3.8479 1
261.25 290.65 32.935 23.745 4.0263 1
322.02 318.49 366.97 358.13 6.7315 1
65.364 42.833 1.5074 3.6898 3.7325 1
101.9 80.548 32.267 22.496 3.6996 1
248.43 244.38 223.95 211.15 6.713 1
51.624 45.81 37.275 25.166 3.8318 1
48.208 39.412 43.951 27.128 2.3674 1
254.17 241.64 19.279 19.658 2.4989 1
46.87 41.356 26.185 19.341 4.1101 1
65.266 79.385 63.833 58.573 1.8554 1
11.422 21.528 92.668 82.776 2.7365 1
41.109 28.941 99.017 103.64 2.7809 1
317.6 263.76 358.01 251.81 3.8791 1
322.44 312.92 356.66 224.03 3.6508 1
312.09 385.44 223.21 201.86 3.798 1
60.482 70.932 9.8307 26.759 5.9749 1
72.774 65.889 12.976 6.1097 5.3009 1
157.86 167.94 23.443 23.194 6.4639 1
18.862 1.2418 108.86 111.92 5.5675 1
178.04 161.6 30.534 28.008 2.947 1
133.14 92.716 83.853 94.788 2.9966 1
49.793 38.21 82.091 67.607 3.3184 1
156.62 199.13 14.897 14.837 2.5402 1
167.65 184.07 25.436 28.203 3.0885 1
104.88 108.53 6.2189 24.245 5.3971 1
263.52 249.58 251.3 223.89 3.9281 1
36.536 29.607 17.329 8.1476 5.7418 1
30.107 34.957 17.302 25.619 2.3586 1
40.342 60.613 12.677 9.308 8.2253 1
247.77 221.49 71.059 75.885 3.6883 1
69.384 56.651 51.141 55.452 7.9056 1
87.903 131.52 92.979 81.236 2.5998 1
175.4 154.09 16.994 18.602 3.3391 1
102.68 95.537 24.234 11.534 2.9282 1
261.82 286.87 36.487 60.189 2.9186 1
1.2574 15.834 8.2355 2.2109 6.1766 1
38.807 22.51 79.674 87.07 2.7931 1
115.6 91.942 55.904 66.109 2.9704 1
281.53 257.96 60.473 37.785 3.1396 1
90.583 108.18 63.378 56.106 1.9097 1
153.11 139.5 17.512 8.5614 2.8962 1
431.57 476.47 187.69 173.62 1.9596 1
30.724 1.5412 31.396 41.38 6.2558 1
52.889 34.088 104.25 106.28 2.6194 1
388.06 410.31 200.96 193.92 1.6971 1
451.74 477.76 314.15 179.1 1.9574 1
404.23 381.79 9.4749 15.962 1.707 1
76.531 55.264 98.721 103.65 1.7818 1
1.5601 14.167 20.853 22.564 2.3092 1
157.85 148.03 6.5086 8.6073 3.9284 1
334.09 345.36 20.074 18.95 1.6162 1
345.35 330.38 21.343 22.928 1.5064 1
