638.97 638.98 412.87 146.62 1.2594 1
134.12 575.37 479.01 478.97 1.2851 1
170.89 146.78 315.31 118.8 6.3784 1
554.57 474.09 152.39 330.48 9.4411 1
495.62 558.26 61.05 154.7 4.2863 1
475.46 300.23 330.5 324.54 14.125 1
185.06 498.21 34.965 64.289 8.9365 1
147.51 155.85 121.69 101.52 7.8862 1
156.49 153.39 103.15 87.525 6.6169 1
153.82 169.89 88.966 72.316 9.642 1
299.28 179.27 324.15 319.24 12.393 1
162.86 168.44 81.585 78.932 5.6452 1
169.35 186.64 73.792 35.251 9.3583 1
151.64 452.76 121.42 145.59 6.911 1
452.89 551.6 145.22 152.01 8.1297 1
