136.62 575.37 478.99 478.98 1.2596 1
638.97 638.99 412.87 146.62 1.2637 1
216.4 182.49 303.94 115 4.637 1
602.65 517.15 240.86 422.53 6.7196 1
287.36 621.35 40.393 109.2 5.4226 1
513.67 214.65 425.26 305.32 11.435 1
622.08 605.76 110.12 240.27 6.9751 1
183.56 287.62 115.85 40.5 6.562 1
14.668 18.706 1.4482 13.855 3.9809 1
15.246 9.241 15.916 0.59928 4.9061 1
186.73 602.97 117.5 232.54 4.4204 1
65.21 1.2086 113.51 96.988 3.9087 1
1.3865 76.283 92.557 111.71 4.2805 1
76.243 52.504 113.52 128.54 4.3979 1
22.895 65.305 141.66 115.26 3.3249 1
53.523 1.1268 127.65 160.84 3.2771 1
1.8886 20.102 154.57 143.67 2.3743 1
