135.37 574.12 478.99 478.98 1.2647 1
638.98 638.99 411.62 147.87 1.2548 1
171.38 355.56 63.508 136.16 4.8188 1
465.43 442.38 85.027 246.91 5.9753 1
356.76 464.18 135.65 84.347 5.5547 1
443.47 355.1 247.01 314.15 5.3848 1
196.27 167.57 211.21 62.452 5.7464 1
545.4 639.33 2.4243 8.4096 10.457 1
167.92 276.61 61.804 31.587 5.217 1
631.59 556.52 20.657 11.231 3.8985 1
555.61 505.65 10.457 0.26049 3.2992 1
639.19 549.09 14.674 5.7742 3.4708 1
362.14 201.89 323.99 219.31 8.761 1
554.09 639.18 8.1903 18.642 2.8295 1
525.44 549.15 1.3086 6.5215 2.32 1
275.88 461.63 32.257 82.875 3.8687 1
416.72 431.82 140.82 137.51 3.2461 1
432.94 427.87 139.81 150.37 2.7566 1
426.66 404.63 150.47 159.17 2.9685 1
369.46 355.7 157.37 163.59 2.4939 1
415.54 425.64 188.71 186.72 3.6788 1
424.09 403.91 125.27 132.27 2.6756 1
416.7 398.5 244.26 254.04 2.5305 1
403.77 421.76 233.84 229.73 3.2028 1
415.33 434.44 116.44 111.63 3.9417 1
427.57 424.57 187.79 198.01 2.8297 1
415.66 397.97 203.6 210.61 2.3472 1
403.81 370.4 139.76 156.67 2.2444 1
385.53 361.41 324.41 320.43 6.3434 1
354.16 240.24 139.04 94.479 2.4736 1
357.66 402.58 159.96 137.28 2.3069 1
441.83 442.97 258.79 268.02 4.9622 1
347.84 348.5 207.87 146.62 2.4732 1
347.78 348.08 252.87 209.13 1.2925 1
96.38 80.408 7.0411 11.737 4.3029 1
455.67 427.85 95.998 109.08 1.8642 1
357.05 356.8 146.61 157.88 2.6706 1
