467.97 447.99 120.23 284.29 4.8372 1
638.99 638.98 411.63 146.63 1.2581 1
136.62 574.12 478.99 478.98 1.2636 1
209.89 182.2 232.73 89.014 4.6282 1
586.89 577.65 9.5591 8.3685 6.678 1
448.3 352.36 279.77 342.75 6.4732 1
80.975 86.521 1.4494 20.405 2.7504 1
73.675 79.107 3.8552 19.959 3.5818 1
83.281 77.601 21.863 1.7021 3.6095 1
88.291 84.326 17.773 1.5757 2.1818 1
27.975 35.878 1.2027 26.468 3.6586 1
14.522 3.9044 25.752 1.7225 4.4405 1
41.451 53.353 26.8 38.645 4.4298 1
39.428 32.418 24.418 1.7665 3.9519 1
39.084 43.992 11.24 26.667 3.8983 1
344.58 468.16 172.25 120.27 7.4159 1
546.62 586.6 1.7289 3.5215 4.3062 1
1.1706 7.2962 4.3266 18.132 2.4137 1
10.321 20.686 10.41 26.424 3.5183 1
56.847 50.208 29.536 12.942 3.4809 1
30.546 27.641 25.566 9.1664 3.6925 1
571.29 488.24 12.998 2.5158 12.558 1
339.01 216.37 338.95 241.3 8.5833 1
186.14 345.87 92.605 171.87 7.8634 1
587.9 639.34 28.688 32.137 10.653 1
46.974 42.251 20.853 11.956 1.7195 1
445.92 461.68 276.69 147.88 2.2063 1
184.25 291.95 90.845 62.876 6.509 1
359.15 337.49 352.84 337.4 8.4347 1
575.27 584.19 18.372 17.901 7.6875 1
494.21 471.64 19.769 18.709 4.8772 1
208.26 212.75 246.07 239.04 3.5423 1
60.199 69.101 27.363 28.149 6.4457 1
49.23 40.981 7.3309 8.5617 3.4971 1
489.23 466.59 3.633 3.0874 7.5581 1
343.64 339.57 335.39 174.15 2.9929 1
344.01 344.75 216.63 282.88 1.6246 1
639.23 562.73 46.054 32.441 5.7987 1
140.1 145.36 2.9322 27.877 4.1852 1
207.65 239.21 5.7759 2.3682 5.2395 1
447.87 446.85 291.42 304.14 7.6763 1
290.88 440.1 62.651 111.22 6.2774 1
342.23 342.82 175.4 194.13 1.6404 1
639.18 595.29 19.155 17.121 4.1511 1
81.113 86.829 37.618 54.054 3.1314 1
589.07 607.89 11.587 10.833 4.996 1
367.96 357.6 352.67 348.57 5.5692 1
346.62 346.62 319.13 335.38 1.25 1
561.82 495.19 31.548 21.645 3.9271 1
470.48 441.67 19.478 16.247 2.9023 1
441.42 416.85 16.132 9.5408 2.9743 1
447.93 462.82 115.09 118.14 4.3968 1
465.39 447.87 3.207 2.9412 3.8634 1
377.86 362.88 353.29 352.78 5.0815 1
143.47 129.26 30.57 34.59 5.3341 1
457.87 477.86 12.88 14.349 1.7048 1
