216.77 172.49 322.84 163.54 4.8828 1
137.87 572.87 479.01 478.97 1.2844 1
638.98 638.98 411.62 149.12 1.2506 1
274.15 295.62 11.69 3.5205 4.28 1
294.21 273.4 8.1157 15.588 4.1927 1
172.04 274.67 164.33 47.098 5.0519 1
379.45 437.69 174.26 35.296 4.7982 1
261.6 272.94 11.134 10.656 2.8138 1
364.14 215.54 361.58 323.49 8.3837 1
237.89 185.35 11.365 8.3014 4.8569 1
162.87 230.35 3.0275 6.9832 4.178 1
368.09 364.85 349.16 368 6.3715 1
579.18 564.08 10.946 12.457 5.0996 1
438.11 421.51 35.105 174.26 4.5998 1
597.6 576.92 7.1488 10.001 10.077 1
230.38 259.15 7.839 11.398 4.0155 1
384.24 309.18 27.873 21.033 5.2149 1
549.12 595.37 15.547 15.847 3.9038 1
184.3 95.415 8.167 1.123 6.4045 1
562.79 541.27 13.232 8.1078 4.053 1
423.72 370.21 175.63 349.94 5.8692 1
371.01 366.03 200.35 347.9 3.8441 1
261.84 233.06 16.114 12.609 5.5678 1
401.33 385.26 29.812 27.342 7.8875 1
436.58 401.55 33.319 29.94 4.4969 1
295.15 261.99 21.827 16.744 4.2749 1
175.24 369.19 164.86 200.02 4.4887 1
276.62 297.88 16.851 17.762 3.2653 1
541.62 554.13 2.3401 2.1102 1.4334 1
507.56 504.93 17.855 59.097 3.3454 1
499.19 503.06 57.881 19.019 3.4833 1
177.92 211.97 170.36 294.03 1.9375 1
539.12 515.37 2.3401 2.5656 2.5592 1
452.85 496.7 53.136 56.994 2.2713 1
487.89 471.62 58.954 57.88 2.0716 1
504.18 489.11 60.139 59.59 3.7475 1
470.39 437.88 57.633 55.313 1.7794 1
294.86 287.87 24.668 34.121 2.2296 1
318.44 316.47 14.232 1.6492 3.0508 1
639.06 620.28 33.19 29.609 2.3986 1
