638.98 638.98 412.87 146.62 1.2505 1
137.87 575.37 479 478.97 1.2794 1
236.9 239.18 270.4 107.86 5.3858 1
367.12 235.73 357.11 271.09 5.0932 1
241.59 424.01 77.955 163.11 4.6859 1
239.25 239.26 104.13 77.876 5.0091 1
238.62 419.27 77.348 9.5159 4.5374 1
557.26 493.35 57.126 216.31 4.5546 1
493.06 488.08 216.8 221.83 4.4382 1
319.04 333.98 145.61 150.79 3.9525 1
420.18 556.47 9.6985 55.82 3.8629 1
374.81 362.49 353.95 361.74 9.8519 1
340.3 313.95 183.11 174.68 2.5717 1
356.99 312.44 152.79 140.74 3.3628 1
489.51 461.15 222.92 255.11 8.5973 1
312.65 345.09 177.35 187.54 2.5219 1
339.01 306.45 243.27 233.45 3.6096 1
381.91 369.65 307.63 355.19 4.1433 1
333.85 349.07 150.12 154.33 2.9488 1
306.74 328.94 236.26 243.46 1.9924 1
330.22 296.1 292.1 280.68 3.5842 1
296.63 284 165.37 150.48 3.3795 1
233.68 234.83 314.11 282.9 8.8822 1
305.91 285.18 137.4 118.08 3.5955 1
296.5 320.45 283.2 292.69 2.3465 1
460.71 373.96 255.52 354.13 7.5437 1
297.34 277.68 229.59 206.79 3.3959 1
416.23 321.7 169.96 125.21 2.2524 1
410.42 244.01 194.04 111.85 2.7612 1
418.84 413.78 172.79 189.4 3.8482 1
423.49 477.65 161.16 118.84 4.3712 1
350.5 340.17 184.57 182.93 3.2543 1
412.33 396.77 196.15 255.08 4.3643 1
396.1 382.98 256.82 305.4 4.2721 1
639.17 614.29 16.545 1.3506 2.8506 1
349.4 411.83 161.05 191.2 1.9791 1
242.88 242.88 82.875 105.38 1.25 1
314.16 244.28 115.3 82.55 1.6623 1
241.72 240.8 171.63 217.86 1.7733 1
362.79 376.93 141.81 148.48 1.9449 1
281.5 299.01 207.24 210.91 3.4135 1
349.13 316.74 131.62 116.38 1.3952 1
240.74 240.23 224.13 267.87 1.3535 1
286.45 299.07 149.79 153.1 3.6269 1
326.92 361.77 124.75 141.32 1.9283 1
242.87 242.87 111.63 152.88 1.25 1
282.89 246.32 247.86 225.88 1.7292 1
379.1 405.31 149.18 161.77 1.8898 1
278.87 291.57 256.51 259.38 2.8305 1
261.53 290.43 231.79 249.03 1.9751 1
291.53 309.34 118.4 121.76 2.8478 1
504.36 554.1 98.173 59.099 3.3027 1
