468.52 444.77 146.35 309.04 4.9278 1
618.75 614.11 14.019 30.372 3.7879 1
638.99 638.98 411.63 146.63 1.2607 1
222.63 225.37 1.4572 17.875 3.9047 1
135.37 575.37 478.99 478.98 1.2598 1
208.69 186.33 249 103.98 4.849 1
230.33 228.78 1.4265 11.571 2.6603 1
444.94 340.45 309.65 371.76 5.8554 1
102.42 99.158 27.714 11.618 3.1789 1
108.3 105.42 29.067 8.0398 2.7139 1
102.05 105.84 10.278 26.805 2.7162 1
611.61 618.44 23.262 1.4107 4.1026 1
517.11 514.81 1.2321 13.009 3.9201 1
96.129 99.306 16.753 29.078 4.2553 1
216.98 215.31 20.343 1.4099 4.1008 1
511.1 513.26 12.774 1.459 4.1521 1
337.35 467.77 196.47 147.16 6.8696 1
53.63 56.61 17.713 31.628 3.2298 1
60.306 55.51 30.656 8.1123 4.2663 1
629.41 633.35 37.989 28.061 3.7053 1
623.72 619.31 0.64788 13.767 6.7405 1
98.453 100.58 28.954 51.723 5.3275 1
606 596.62 33.599 31.66 8.3569 1
89.024 95.899 1.6721 16.38 3.9265 1
63.448 63.824 24.104 34.183 2.7779 1
12.687 9.0732 24.185 12.892 2.8096 1
188.88 337.86 105.78 195.41 5.773 1
36.392 28.199 30.883 6.9418 4.4832 1
20.041 16.325 26.709 12.017 3.3433 1
61.121 68.694 33.538 39.298 4.26 1
4.143 10.124 12.866 25.494 3.9241 1
34.695 41.618 17.581 30.983 3.4052 1
25.591 36.91 29.231 31.366 4.9134 1
51.96 50.072 30.51 17.735 3.8925 1
603.88 603.9 46.618 54.126 5 1
639.52 618.76 16.067 18.607 8.3816 1
515.65 607.4 13.519 27.279 9.8271 1
71.59 62.797 15.996 15.497 3.8856 1
451.66 509.66 2.64 12.138 8.6777 1
187.66 298.69 104.41 79.66 5.4008 1
1.5091 21.68 28.078 29.687 5.0836 1
347.7 327.79 381 365.89 8.997 1
328.08 213.71 366.35 256.95 7.7429 1
111.29 125.15 29.608 23.608 5.274 1
591.03 449.97 36.277 11.785 13.975 1
448.41 461.34 262.95 175.52 2.1512 1
313.99 233.99 0.53733 10.563 4.0383 1
226.95 289.26 15.874 9.0833 5.2414 1
614.06 607.35 39.049 44.752 4.4766 1
332.33 332.42 365.38 200.38 2.5106 1
424.84 419.27 248.84 259.2 2.8758 1
604.66 639.86 52.641 57.333 11.566 1
592.4 604.15 43.608 40.474 8.2132 1
298.41 463.78 79.69 144.99 5.7834 1
639.44 629.29 42.796 41.545 5.5917 1
160.55 162.85 9.242 30.378 3.5928 1
507.94 492.88 39.551 39.058 5.0382 1
164.58 164.28 30.347 39.13 3.7917 1
443.61 441.84 321.33 339.15 6.343 1
363.33 348.42 383.7 379.62 5.4827 1
611.72 601.58 61.538 62.39 5.1919 1
162.48 128.38 38.249 53.738 4.6598 1
639.78 610.93 68.374 62.585 8.0999 1
607.88 627.82 35.279 36.334 5.2572 1
290.34 307.92 8.7298 7.0457 2.2502 1
335.83 335.65 222.88 272.88 1.4359 1
335.56 335.62 275.37 319.13 1.3122 1
402.9 416.9 293.04 291.03 2.1047 1
415.38 428 200.46 199.44 2.4879 1
415.36 431.89 176.57 172.81 3.6568 1
61.667 30.377 63.38 61.596 3.0652 1
107.88 87.874 65.039 65.009 3.7576 1
29.139 1.5896 61.395 59.701 2.1884 1
491.66 462.8 40.123 35.886 2.4051 1
86.657 62.841 64.772 63.522 3.0204 1
437.88 419.12 5.4306 7.8465 2.3573 1
461.78 428.96 36.138 25.913 2.8965 1
527.91 508.92 46.45 42.657 2.453 1
547.71 529.28 50.118 46.972 2.8552 1
335.29 335.34 325.38 364.13 1.2692 1
600.55 562.94 62.202 52.61 2.6575 1
127.56 108.71 54.77 64.583 3.9035 1
424.2 412.84 17.436 15.605 2.2693 1
338.47 338.35 352.87 326.62 1.3595 1
626.57 615.29 41.057 40.186 2.1076 1
