136.62 574.12 479 478.98 1.264 1
487.04 440.62 13.931 0.74996 3.4582 1
638.98 638.99 412.87 147.87 1.2556 1
450.76 495.5 0.32645 13.698 4.3222 1
553.93 515.57 88.42 235.1 5.7123 1
561.53 553.86 60.872 87.275 6.505 1
184.68 438.02 84.761 10.856 4.7069 1
277.82 559.75 170.24 60.747 5.181 1
518.55 485.97 31.451 14.106 4.3972 1
530.4 561.67 25.777 23.589 4.2899 1
569.24 536.44 24.795 30.583 4.4171 1
495.43 516.41 15.201 22.271 3.1542 1
518.4 305.88 236.32 354.03 8.6123 1
223.05 184.25 257.56 84.785 5.7226 1
597.56 576.71 9.3274 15.658 4.1019 1
567.75 597.12 16.301 4.702 5.0508 1
484.5 562.63 29.407 59.749 4.2762 1
531.71 596.62 32.593 52.892 3.427 1
572.92 527.71 48.979 34.656 3.279 1
565.36 524.08 16.3 17.844 4.7629 1
527.46 520.03 33.87 29.742 3.6429 1
294.85 223.04 350.09 257.47 6.1048 1
541.57 569.18 12.227 14.801 3.4176 1
624.93 573.08 62.201 49.553 3.7914 1
575.32 567.02 19.03 23.591 4.3828 1
541.54 526.54 28.936 27.753 3.6402 1
589.31 575.47 23.391 19.982 3.06 1
522.54 545.34 16.308 11.475 4.2602 1
631.83 609.09 11.46 8.117 7.4203 1
600.23 625.34 16.753 19.484 2.6471 1
632.29 631.43 1.4191 9.1031 4.006 1
579.21 593.07 17.506 20.825 3.0136 1
297.41 277.34 346.82 171.4 4.6013 1
587.12 591.81 47.719 25.154 9.8855 1
438.24 456.74 11.901 18.825 2.9235 1
629.11 600.4 21.839 20.03 2.7309 1
457.74 483.83 19.454 29.857 1.8667 1
248.12 225.08 141.33 121.98 2.908 1
