286.26 290.52 320.4 157.88 4.4706 1
290.61 290.63 156.63 122.88 5.0205 1
638.98 638.98 412.87 147.87 1.2536 1
139.12 575.37 479.01 478.97 1.2814 1
520.03 454.64 172.35 372.22 4.9874 1
290.31 387.14 124.14 20.86 4.3318 1
452.73 287.34 373.35 323.41 6.4038 1
534.03 519.89 45.228 174.35 4.3708 1
292.8 517.85 124.47 172.98 4.6358 1
402.78 377.77 174.43 166.97 3.3416 1
380.44 396.6 206.38 210.47 2.4399 1
400.17 378.99 208.54 202.05 2.9497 1
387.65 532.79 20.456 44.612 3.9095 1
385.6 401.56 173.36 178.11 3.5944 1
444.11 407.84 178.15 175.92 2.3421 1
436.62 404.12 209.81 209.77 2.5292 1
416.61 441.62 180.19 180.42 1.3805 1
285.63 288.65 346.84 325.31 8.3178 1
292.91 292.86 159.13 209.12 1.2512 1
386.49 371.61 267.1 262.93 2.4071 1
294.23 293.07 131.63 150.39 1.9427 1
411.63 384.13 318.2 318.57 2.5499 1
422.88 390.39 268.64 269.05 2.7788 1
290.67 288.95 271.64 319.12 1.8626 1
511.63 325.28 181.61 139.55 2.4573 1
291.57 290.57 219.12 269.13 2.2252 1
504.11 295.27 205.43 157.08 2.7856 1
406.62 435.38 212.49 212.6 2.55 1
292.36 288.97 343.09 334.92 3.7449 1
391.63 410.4 322.04 321.71 2.4548 1
406.61 422.88 272.22 271.89 1.528 1
631.64 614.08 5.9525 6.4843 2.8773 1
360.37 435.27 150.38 167.09 2.4621 1
293.97 371.51 153.53 172.1 2.4312 1
450.31 448.47 374.38 391.69 8.1742 1
535.58 516.69 8.5735 1.4471 3.3546 1
561.6 539.03 13.258 11.633 3.2118 1
360.77 351.44 194.29 190.87 2.6989 1
614.2 580.41 5.9542 10.604 4.4422 1
367.98 356.7 162.56 158.89 2.4044 1
289.86 290.14 361.61 351.58 2.534 1
572.87 562.79 10.352 12.48 2.7043 1
