136.62 575.37 479 478.97 1.2712 1
198.82 159.32 286.41 110.05 5.1151 1
638.98 638.99 411.62 147.87 1.2612 1
509.36 470.78 109.88 287.69 6.0045 1
499.26 509.5 90.869 109.6 4.182 1
161.63 504.13 110.44 109.94 4.8017 1
480.37 199.11 292.11 290.66 9.6145 1
200.38 472.88 44.915 43.457 4.612 1
159.06 199.93 110.33 44.623 5.346 1
473.03 499.95 43.506 90.092 5.2431 1
622.42 639.3 28.632 38.841 3.4585 1
624.3 599.87 8.666 -0.38825 3.9105 1
639.75 617.92 43.06 30.305 3.7714 1
613.44 628.42 0.49424 8.037 3.3812 1
192.57 201.64 244.19 284.12 1.8259 1
172.68 184.28 154.17 206.59 1.8005 1
444.13 409.13 46.625 46.625 1.25 1
