182.76 141.38 269.15 102.62 4.8748 1
457.55 451.93 171.76 209.36 4.0911 1
464.2 458.45 121.79 166.86 4.3267 1
462.28 459.6 180.58 172.71 3.2023 1
455.86 453.59 229.04 215.47 2.8784 1
135.37 574.12 479 478.98 1.2721 1
457.32 182.51 312.91 272.87 9.1676 1
457.47 462.36 191.43 181.38 3.3709 1
463.72 465.72 172.71 183.05 3.8792 1
638.98 639 411.62 147.87 1.2652 1
471.35 473.63 124.19 134.24 3.822 1
474.1 469.09 105.39 96.643 4.0317 1
466.27 471.95 119.48 125.07 3.5497 1
453.07 460.08 209.04 225.5 4.5804 1
458.11 464.63 166.5 173.57 3.8176 1
467.11 477.48 90.127 102.14 5.1208 1
465.92 463.77 95.53 120.45 4.2299 1
142.64 459.17 102.07 127.3 5.3906 1
465.81 455.28 183.57 199.06 4.4638 1
473.2 462.5 134.36 148.85 4.2848 1
451.34 438.09 214.27 305.22 4.0712 1
458.74 451.6 225.19 240.37 3.7217 1
241.59 467.81 48.528 60.307 4.7217 1
468.59 466.46 60.249 90.451 4.0049 1
476.13 469.56 109.71 118.21 4.7211 1
486.76 575.11 0.59321 12.356 3.5451 1
580.3 497.75 15.936 5.0867 3.8453 1
639.13 581.61 16.156 15.226 3.1457 1
496.72 461.68 4.3853 1.009 2.803 1
575.37 639.15 11.712 13.009 2.9614 1
186.59 187.39 291.62 276.6 3.7447 1
152.67 185.08 134.18 265.45 2.0221 1
446.61 449.83 177.87 154.05 2.4109 1
146.7 151.88 111.61 131.56 1.6165 1
449.98 451.97 152.98 136.67 2.0281 1
440.88 443.74 224.04 199.08 2.731 1
452.15 449.37 155.44 177.75 2.0148 1
195.47 146.54 110.37 106.48 3.0852 1
266.63 209.07 115.28 111.14 2.2975 1
451.43 454.21 194.1 172.89 1.2986 1
460.32 445.45 305 307.12 3.18 1
166.34 186.94 81.274 64.517 1.8749 1
422.88 404.13 60.375 60.375 1.25 1
434.9 440.02 269.07 226.58 2.183 1
