458.95 426.07 152.56 299.97 4.2585 1
638.98 638.98 411.62 149.12 1.2503 1
137.87 572.87 479 478.98 1.27 1
426.61 297.85 300.35 349.53 7.4276 1
321.93 458.46 28.917 152.36 4.436 1
195.25 238.72 52.955 121.08 4.2349 1
259.99 240.02 0.41999 6.7695 3.3047 1
172.82 159.04 3.007 3.7286 5.32 1
227.84 321.85 46.455 29.107 4.0248 1
217.5 195.17 191.48 56.452 4.1734 1
2.0787 9.4289 5.8009 19.544 3.5371 1
225.52 260.3 12.336 5.0012 3.7935 1
38.126 42.023 0.96191 17.132 6.7053 1
17.539 11.92 23.895 1.5507 5.4587 1
240.43 220.41 7.4376 7.9556 3.6194 1
296.34 291.85 346.78 338.34 7.3499 1
87.872 112.91 7.8613 1.7847 4.8233 1
126.14 85.654 2.0528 11.564 3.8632 1
223.13 217.85 205.28 191.64 4.7783 1
155.53 126.61 7.0558 1.7135 3.5938 1
40.244 24.027 29.83 33.716 2.6717 1
14.589 2.8439 22.623 0.96403 2.7007 1
139.11 159.05 1.8258 3.6517 3.2872 1
0.7938 4.7878 35.04 25.138 3.0963 1
14.867 1.4551 63.472 73.907 4.3867 1
50.278 51.085 26.634 35.425 2.7181 1
102.91 50.554 59.272 71.165 2.8234 1
291.62 223.81 337.88 205.51 4.7737 1
27.741 44.289 36.21 30.884 2.3387 1
12.16 4.0267 27.04 34.01 4.2027 1
296.78 291.57 337.87 202.83 3.8437 1
220.34 196.63 48.853 51.652 3.1381 1
290.66 339.24 201.42 188.32 3.58 1
12.795 3.0251 54.201 43.92 3.2185 1
12.197 16.407 47.571 55.491 2.8641 1
57.892 100.39 66.698 56.703 2.8616 1
40.517 27.419 26.213 21.699 4.8485 1
26.721 19.213 24.406 26.959 6.6129 1
233.72 258.43 13.289 37.335 2.8566 1
82.067 59.528 30.278 38.926 2.5243 1
30.482 19.11 39.647 37.976 2.1457 1
423.4 453.92 297.99 161.58 2.0846 1
52.851 73.064 37.803 30.931 2.0354 1
340.13 376.6 188.29 177.78 2.3809 1
255.06 231.64 39.453 16.61 2.8378 1
294.13 316.63 1.625 1.625 1.25 1
51.624 67.871 6.5635 6.3484 1.3492 1
377.74 425.27 177.41 163.77 1.9184 1
194.22 182.96 65.793 68.264 1.9057 1
20.361 1.6012 77.631 78.713 1.6799 1
317.9 295.38 3.3811 4.3355 1.6195 1
427.88 445.34 162.89 157.77 1.9852 1
429.22 405.62 130.27 108.85 1.2665 1
266.63 254.86 160.37 141.95 1.7263 1
