137.87 574.12 479 478.98 1.2656 1
638.99 638.98 411.63 147.88 1.2524 1
170.12 135.31 210.15 52.613 5.0005 1
369.56 168.83 312.01 212.23 9.619 1
454.57 429.72 66.502 229.02 5.2187 1
137.2 368.18 53.809 125.64 7.9327 1
429.52 359.23 228.2 301.72 6.0655 1
367.38 453.12 124.63 67.62 9.4099 1
422.2 419.51 171.5 185.45 2.9289 1
428.38 425.83 122.73 135.47 2.6967 1
430.82 453.74 61.801 66.154 6.6067 1
136.79 242.83 52.135 17.738 6.205 1
367.32 360.65 129.1 255.46 3.7407 1
351.61 354.58 295.37 209.1 2.3697 1
355.24 357.88 205.41 130.38 2.4343 1
360.37 360.37 131.63 149.13 1.25 1
152.59 160.4 116.69 151.62 1.6212 1
360.27 357.59 150.37 204.11 2.4312 1
628.77 639.26 4.0304 2.5866 4.7829 1
357.2 356.37 210.36 251.62 1.25 1
396.61 370.39 307.55 308.43 4.2538 1
621.63 606.69 4.0726 2.3159 3.8703 1
354.85 353.82 266.61 294.11 1.25 1
241.06 278.52 17.74 26.668 5.2103 1
278.85 306.87 26.552 33.092 5.5601 1
595.37 544.15 11.636 1.4744 2.666 1
307.63 329.13 34.417 37.837 3.3671 1
381.64 396.66 51.381 52.262 4.5523 1
