135.37 574.12 478.99 478.98 1.2583 1
536.59 502.01 65.125 242.71 5.1602 1
638.98 638.98 412.87 146.62 1.2522 1
201.61 159.51 245.73 96.164 5.1517 1
573.69 603.82 21.797 9.6178 5.055 1
582.1 549.94 25.504 36.628 6.2707 1
539.12 574.55 32.847 26.541 4.7562 1
604.11 583.01 14.085 20.802 4.0061 1
237.55 534.57 178.28 65.282 6.3998 1
489.31 536.35 47.343 63.665 4.4589 1
474.31 433.7 17.219 5.5978 4.2892 1
504.34 282.32 244.52 364.35 11.156 1
435.14 498.03 2.4161 21.107 3.8838 1
274.4 268.71 367.31 352.1 8.7762 1
631.64 604.1 13.299 13.614 6.3352 1
207.8 201.74 268.81 246.26 4.4142 1
549.13 532.89 35.639 36.025 4.0461 1
160.06 418.51 96 18.76 6.966 1
271.26 235.06 350.71 175.44 4.3623 1
507.78 475.5 29.364 16.31 3.4246 1
526.64 538.02 30.287 31.695 3.2612 1
265.72 207.09 353.09 266.76 5.7185 1
532.85 572.88 19.796 19.252 4.208 1
560.06 526.36 21.57 25.758 4.7935 1
543.31 514.53 45.962 33.215 4.588 1
418.59 470.63 17.901 39.779 4.6092 1
534.21 606.46 38.843 59.7 3.3058 1
570.31 560.29 23.505 22.53 2.9719 1
433.55 423.05 4.5836 1.0992 4.3521 1
498 510.64 22.531 27.139 2.6671 1
587.75 544.04 58.314 45.679 3.6025 1
11.473 34.124 3.8074 1.613 4.4557 1
585.55 596.88 23.16 25.247 3.4613 1
595.44 581.73 28.806 26.102 3.9378 1
1.2736 11.236 5.5372 4.0395 6.5522 1
617.82 630.35 22.678 23.308 2.7482 1
165.28 175.84 105.4 142.74 2.0152 1
233.89 162.74 175.68 99.252 4.5082 1
622.8 587.47 65.765 58.64 4.1396 1
57.842 1.503 7.7022 18.488 4.7035 1
592.72 597.61 53.82 31.296 9.2413 1
56.421 1.4946 0.54718 10.936 2.921 1
113.96 58.065 0.42272 8.0211 4.401 1
508.44 526.86 192.99 97.921 2.1783 1
41.572 77.797 6.2551 1.0777 2.8292 1
499.41 502.94 240.43 221.64 2.1522 1
