135.37 574.12 478.99 478.98 1.2658 1
638.98 638.98 411.62 147.87 1.255 1
459.48 437.86 86.502 244.29 4.9257 1
181.56 148.36 222.89 69.998 5.6262 1
440.24 362.55 242.74 318.79 3.8009 1
150.7 367.11 69.466 140.15 7.1833 1
366.74 460.49 139.31 80.03 5.8744 1
149.76 253.17 67.293 32.496 4.4751 1
349.01 188.48 317.02 230.51 8.5872 1
432.93 429.15 137.52 150.38 3.1028 1
427.79 424.37 185.35 199.18 3.0274 1
436.61 431.21 110.37 123.96 2.7849 1
422.8 418.79 230.35 244.03 3.1024 1
372.15 348.08 326.97 315.95 9.0934 1
626.33 639.53 6.2731 3.8581 5.2633 1
414.12 426.77 189.1 184.52 3.2019 1
418.17 398.52 244.56 257.59 2.4577 1
576.63 614.13 1.5066 2.6509 2.8038 1
355.54 357.84 275.38 145.37 2.5118 1
406.46 420.68 233.65 228.74 3.1792 1
420.31 430.6 138.87 136.27 3.6362 1
423.02 407.83 153.19 160.28 2.1152 1
424.25 434.34 113.24 109.74 3.5435 1
360.38 360.38 167.88 195.38 1.25 1
556.89 511.58 7.2632 3.4253 7.5787 1
360.41 360.53 145.37 165.37 1.3359 1
446.44 449.81 159.1 135.47 1.4175 1
32.841 16.429 7.7963 14.923 3.6359 1
398.02 370.88 146.84 164.89 2.0941 1
511.49 495.37 3.1173 1.6406 3.0599 1
618.02 577.88 8.654 5.2824 3.5376 1
366.74 366.25 142.88 162.9 2.8342 1
253.86 315.01 32.752 46.962 5.2987 1
639.32 570.2 24.328 11.326 3.3309 1
393.03 372.95 327.03 325.54 6.6938 1
366.46 364.55 169.12 230.43 3.4369 1
396.5 455.1 65.868 80.244 4.3736 1
315.27 395.5 47.075 66.079 4.0654 1
368.91 398.06 162.55 143.16 2.1027 1
364.21 363.75 231.6 251.62 2.3283 1
340.35 299.27 135.44 122.43 1.5097 1
572.9 556.57 6.4299 4.5695 2.4839 1
365.69 386.25 270.73 252.45 1.6616 1
452.82 434.43 92.782 104.61 1.8015 1
381.6 365.36 252.85 267.85 1.3367 1
451.89 437.66 110.78 120.05 2.0018 1
14.277 1.6001 16.33 25.34 3.9155 1
