247.87 216.63 20.785 20.693 5.0331 1
638.98 638.98 411.62 147.87 1.2562 1
497.8 466.98 156.43 371.5 4.968 1
372.18 373.08 1.5966 59.141 3.7299 1
250.48 250.33 57.874 40.386 3.8985 1
136.62 574.12 478.99 478.99 1.2548 1
209.05 208.59 56.627 37.888 2.5294 1
244.65 243.63 56.589 41.574 3.2612 1
249.5 248.84 1.4874 11.687 3.8229 1
205.82 206.16 45.363 57.854 1.5555 1
466.96 302.06 370.41 413.3 7.7562 1
239.5 241.31 41.586 58.896 5.5655 1
593.27 602.3 32.986 1.1075 5.6728 1
246.84 247.73 40.361 54.215 2.7365 1
169.58 172.02 41.518 51.828 3.0087 1
401.4 375.98 1.5181 54.467 3.7887 1
190.88 188.01 55.497 37.854 2.8692 1
485.29 497.91 154.71 154.38 10.029 1
179.1 178.5 52.936 40.405 2.4971 1
80.232 76.823 64.165 51.918 3.0788 1
160.69 163.33 36.374 52.802 3.3061 1
166.28 164.1 49.377 35.577 4.2905 1
379.98 405.42 53.291 1.0387 3.3126 1
110.42 114.14 40.089 56.898 3.6611 1
73.548 76.352 51.473 63.905 2.7138 1
118.26 121.07 39.063 56.514 3.064 1
376.46 375.83 52.862 1.6194 3.9018 1
73.743 69.688 65.496 52.697 3.5158 1
116.79 114.76 55.353 40.289 3.5499 1
86.452 84.413 62.915 54.059 2.9973 1
496.94 495.16 1.5891 47.867 3.5081 1
111.44 105.44 57.151 40.813 4.3824 1
618.85 620.76 66.773 54.184 3.7075 1
100.43 99.475 41.628 59.212 4.5862 1
87.611 73.023 48.352 50.256 4.042 1
93.686 90.064 63.338 50.118 4.0628 1
289.19 485.09 182.12 156.89 5.0434 1
364.85 366.84 60.4 1.5478 8.9326 1
240.01 234.21 270.66 237.86 5.1413 1
280.26 295.36 2.4288 1.4419 2.7393 1
10.5 44.24 8.3355 67.091 4.5511 1
234.83 220.86 236.68 96.576 4.3401 1
92.871 77.853 4.1866 3.2187 3.5011 1
237.81 249.05 24.861 23.531 3.2172 1
249.3 262.8 23.11 12.78 4.0315 1
155.37 185.39 4.1638 4.8503 2.7566 1
295.06 292.14 281.64 219.1 2.7555 1
66.356 73.828 67.689 66.291 3.916 1
297.48 295.3 342.94 287.83 3.1204 1
197.33 220.54 13.896 25.028 4.2332 1
489.2 381.55 47.921 54.084 3.601 1
1.3412 19.18 62.085 65.046 5.1325 1
22.882 33.035 59.075 60.429 3.2212 1
375.3 494.17 57.861 51.278 3.5369 1
220.3 237.98 23.887 25.22 4.0212 1
470.9 491.51 1.388 46.677 3.6336 1
291.84 289.48 211.71 182.74 3.4322 1
48.911 58.892 70.078 68.695 3.886 1
4.6554 8.7891 45.218 59.224 3.2428 1
184.15 167.87 2.2982 1.683 1.6741 1
45.728 42.669 65.587 52.629 2.4331 1
298.85 297.63 390.38 351.59 2.6559 1
637.33 623.82 1.4743 50.291 3.7654 1
70.267 87.601 1.8632 9.7291 3.721 1
18.646 12.352 64.659 44.286 4.6898 1
494.94 475.03 45.005 1.2155 4.2424 1
34.128 22.747 56.599 55.102 3.718 1
299.89 298.64 402.92 390.3 2.8564 1
159.42 156.55 74.091 49.134 2.869 1
194.29 197 1.5887 14.042 4.3533 1
50.368 29.121 6.0479 6.2946 2.645 1
43.935 35.257 47.634 45.999 3.0602 1
31.595 51.614 3.1471 2.5326 2.9973 1
583.34 590.14 32.705 1.3032 5.6175 1
22.017 33.104 1.2811 13.924 3.1809 1
294.58 240.94 405.95 270.9 6.1369 1
49.129 34.018 82.873 57.202 2.8569 1
85.579 101.34 8.4905 3.2639 5.1514 1
354.88 485.89 85.126 149.38 4.2382 1
27.874 51.64 10.162 9.9967 4.9565 1
501.75 582.8 38.187 31.866 6.4255 1
471.66 294.2 191.85 217.13 2.813 1
206.64 159.18 86.462 81.169 3.0299 1
622.98 639.6 54.588 56.771 7.7617 1
1.0793 11.605 3.9837 9.1649 3.3471 1
295.28 287.98 397.88 216.62 2.7829 1
305.35 267.58 72.794 83.021 4.7526 1
640.16 620 69.21 64.957 10.884 1
222.79 354.21 95.613 85.224 3.5413 1
52.499 59.807 9.7043 5.6113 5.7151 1
293.72 295.07 305.39 340.39 1.5859 1
307.28 306.91 46.616 70.379 2.7683 1
426.48 407.06 186.21 192.89 3.5095 1
423.12 401.65 286.13 292.97 2.436 1
402.88 374.13 228.19 228.38 1.4267 1
596.52 588.86 0.87456 27.438 5.6823 1
94.235 122.87 92.19 86.609 2.6617 1
225.42 207.72 88.674 86.895 3.7377 1
290.37 290.37 217.88 245.38 1.25 1
296.63 296.63 367.88 395.38 1.25 1
155.37 150.14 36.438 1.4734 2.8498 1
309.12 324.14 63.75 63.425 1.5737 1
294.1 397.94 213.95 199.58 2.9516 1
23.24 38.468 13.544 33.677 2.9653 1
3.817 1.6829 16.699 7.861 2.7236 1
162.86 176.63 79.261 80.294 1.8075 1
409.42 397.85 346.21 350.3 2.0129 1
525.83 521.21 1.5124 34.066 2.3071 1
247.89 232.84 89.794 90.2 3.8836 1
81.619 50.375 99.054 101.63 4.4698 1
36.571 16.841 44.868 10.252 4.659 1
405.1 421.55 197.14 194.83 4.4307 1
291.7 293.19 260.37 282.85 1.4955 1
518.68 522.59 34.071 1.5905 2.3326 1
481.43 489.86 249.1 190.3 1.9466 1
313.69 299.2 427.2 416.14 9.2841 1
379.88 398.34 39.492 1.2471 1.9431 1
41.669 28.883 31.352 15.571 2.9137 1
457.57 468.57 375.48 384.53 6.9244 1
475.4 480.89 292.88 252.95 1.9196 1
235.88 237.67 27.81 41.652 3.7192 1
325.29 356.65 62.772 60.827 2.4178 1
121.47 89.016 89.604 96.081 2.4543 1
502.31 500.55 1.5306 35.449 4.5887 1
262.45 248.87 85.294 89.582 5.1443 1
487.75 401.68 165.66 177.04 2.5493 1
238.35 242.47 57.811 87.931 3.6628 1
399.15 376.63 293.78 294.31 1.2787 1
366.61 350.38 181.46 182.95 1.8139 1
402.87 362.87 193.17 192.88 2.6286 1
464.6 472.66 365.44 310.34 1.931 1
623.04 611.26 36.075 38.825 3.936 1
305.86 305.76 11.621 27.863 6.2571 1
329.14 309.14 65.664 66.821 2.4237 1
411.65 434.12 213.52 214.33 2.857 1
286.63 286.63 209.13 189.13 1.25 1
374.12 400.38 195.93 196.02 1.3304 1
575.68 564.3 65.599 64.066 4.4547 1
396.69 382.87 350.84 352.87 1.7817 1
422.76 482.89 195.85 186.73 2.5081 1
463.41 465.73 383.54 395.55 8.7838 1
334.13 321.61 185.45 186.44 1.8405 1
357.87 334.1 63.939 64.751 1.5909 1
411.65 430.34 277.39 278.45 2.9195 1
397.81 369.19 177.38 180.92 2.0213 1
376.63 400.39 231.76 231.21 1.0836 1
627.3 639.75 48.965 4.2994 1.8545 1
587.85 562.9 38.508 39.63 4.0831 1
340.37 315.4 339.1 344.25 1.7293 1
406.64 422.88 334.69 334.21 2.6105 1
415.44 441.61 172.16 169.01 1.7334 1
419.12 436.62 180.82 181.05 1.4425 1
296.62 296.62 252.88 276.63 1.25 1
601.63 586.6 60.234 59.66 1.6314 1
300.38 300.38 360.38 380.38 1.25 1
49.248 41.568 99.81 98.138 2.4428 1
626.47 595.26 88.427 79.527 2.7427 1
600.45 622.9 75.048 80.268 1.25 1
