200.94 167.94 256.25 97.602 4.7682 1
135.37 574.12 478.99 478.98 1.2533 1
170.09 449.23 97.237 139.7 4.9124 1
638.97 638.99 411.62 147.87 1.2686 1
481.99 481.39 104.06 124.12 6.5436 1
472.63 470.26 168.99 195.37 5.7615 1
478.69 477.46 126.53 149.1 6.0138 1
471.18 462.01 196.25 207.14 4.3279 1
464.74 463.81 220.3 242.86 5.307 1
575.37 639.14 2.0635 3.2388 3.2827 1
462.71 453.64 240.29 257.62 4.1069 1
332.87 486.43 61.642 78.385 4.6531 1
467.57 467.02 196.64 186.6 2.5648 1
570.38 536.62 1.9646 2.2276 1.5129 1
461.47 460.47 239.14 227.87 2.6006 1
479.27 411.57 14.374 9.9818 3.6948 1
486.12 482.95 78.895 103.05 4.8552 1
396.6 497.91 2.3708 5.3645 5.6255 1
448.39 435.18 167.64 279.25 4.0681 1
639.13 574.14 6.3705 5.5198 3.5206 1
451.02 449.17 139.08 165.38 3.9168 1
492.91 420.34 9.555 6.035 3.0794 1
475.35 473.31 153.94 167.94 4.4325 1
515.06 533.32 7.7247 3.5925 8.5787 1
639.23 479.07 39.7 14.491 3.6593 1
460.69 466.67 203.16 196.54 2.6039 1
455 465.76 184.44 180.08 3.507 1
531.37 570.7 13.837 7.3594 8.8222 1
406.67 381.61 8.2417 6.903 5.2596 1
433.94 431.12 300.34 316.54 7.1738 1
510.42 492.95 10.264 9.638 4.2397 1
447.88 496.62 9.0343 14.156 2.613 1
468.14 465.59 202.72 219.35 3.8962 1
419.16 406.63 5.7788 5.2855 1.4949 1
494.37 639.15 13.804 36.469 3.8113 1
425.89 208.45 319.67 261.95 9.5766 1
381.75 299.17 5.7995 0.90421 3.7338 1
452.44 460.58 248.59 239.31 2.3588 1
407.89 446.66 7.6657 9.5621 1.6423 1
526.91 511.54 12.664 11.547 7.6614 1
342.94 387.97 0.73259 4.1273 2.5177 1
570.37 530.35 14.066 17.594 4.0648 1
461.82 472.14 156.91 149.88 2.192 1
443.92 424.24 321.62 318.44 8.0021 1
469.46 459.94 138.04 146.11 3.6687 1
435.19 432.69 280.19 299.26 3.3932 1
1.5308 11.636 2.3839 1.8371 2.4963 1
472.25 458.9 153.69 163.83 4.0194 1
287.88 252.88 1.625 1.625 1.25 1
203.67 203.8 277.86 264.1 5.0582 1
456.05 452.34 130.68 138.88 2.3848 1
174.89 203.41 115.48 252.76 2.1171 1
170.86 248.12 95.006 52.064 3.2865 1
287.92 176.52 118.82 102.34 3.8589 1
454.32 437.26 258.46 300.63 3.3969 1
482.08 469.78 85.634 107 2.4647 1
451.2 460.88 158.92 139.38 2.838 1
315.42 292.82 122.54 119.5 3.1439 1
371.52 316.65 131.06 122.73 2.362 1
461.12 452.65 207.08 212.53 3.5301 1
438.52 440.29 169.18 146.62 1.6359 1
430.74 438.03 240.28 170.39 2.5627 1
249.07 312.83 52.063 59.495 2.9403 1
457.96 443.96 318.54 320.31 6.6593 1
440.26 439.1 174.11 186.62 1.8204 1
465.35 474.31 242.96 246.08 4.3629 1
200.35 222.94 109.29 112.37 1.9149 1
426.77 427.75 281.63 265.37 1.8457 1
