539.33 532.82 123.51 147.86 4.8429 1
531.54 493.22 152.52 298.89 4.6392 1
136.62 575.37 478.99 478.98 1.2592 1
638.99 638.97 411.63 146.63 1.2624 1
219.68 163.76 365 92.949 6.5971 1
614.17 639.22 86.405 91.122 3.5411 1
448.49 539.04 56.227 123.42 4.5012 1
165.67 448.1 91.518 57.198 5.9749 1
639.27 619.11 94.388 93.095 5.9971 1
502.88 222.48 300.52 368.75 9.9553 1
569.01 590.13 60.56 73.761 4.1078 1
533.71 568.01 44.985 61.347 4.6676 1
572.48 530.79 67.473 48.217 4.7985 1
587.59 573.2 77.043 67.389 4.5324 1
184.03 536.61 181.06 124.04 4.8462 1
521.77 501.17 40.019 31.459 3.6423 1
504.03 534.13 28.074 42.864 4.605 1
639.17 614.05 79.62 82.116 3.9868 1
590.06 607.58 74.752 83.475 3.3698 1
619.36 639.45 96.15 105.96 2.9525 1
500.9 485.65 31.918 23.613 4.1936 1
486.34 503.08 19.656 28.739 4.2651 1
639.7 612.99 110.56 96.243 4.4404 1
612.78 639.08 79.594 76.271 4.4773 1
614.27 607.06 96.471 89.899 3.5318 1
485.16 483.11 22.902 6.5957 3.5732 1
601.46 587.45 89.333 78.092 4.0915 1
530.82 520.03 47.184 40.226 4.645 1
482.76 472.48 7.094 1.3424 4.2334 1
129.13 1.5818 1.6646 4.9454 4.2952 1
486.64 488.52 5.5427 19.377 3.7158 1
515.61 518.89 201.68 187.82 1.5042 1
