638.98 638.98 414.12 149.12 1.2532 1
136.62 575.37 479 478.97 1.2796 1
535.77 338.62 268.01 324.25 10.757 1
615.55 533.99 95.508 265.31 6.6633 1
236.77 504.17 47.33 27.2 4.7309 1
305.21 614.27 141.76 96.33 5.4644 1
236.06 236 72.873 49.12 3.8083 1
238.38 236.37 200.41 75.339 5.3929 1
248.93 250.37 107.86 86.625 3.4868 1
249.01 250.66 139.02 117.9 3.5629 1
248.07 250.5 190.4 172.89 3.5428 1
247.71 250.32 239.1 217.87 3.7219 1
238.66 238.47 229.11 201.61 5.0178 1
298.54 289 333 337.61 6.0477 1
295.37 300.56 246.72 175.3 3.8073 1
300.51 303.57 174.14 141.69 3.9957 1
503.59 615.47 27.934 94.8 6.0317 1
288.47 254.18 335.1 262.19 5.3938 1
338.28 295.43 323.74 336.27 11.703 1
251.91 255.68 184.43 196.53 3.2858 1
268.49 255.94 100.36 94.214 3.9642 1
268.34 255.76 132.2 123.56 3.2188 1
252.89 256.35 132.14 140.49 2.5905 1
214.92 238.04 250.28 234.36 6.8387 1
313.99 303.67 147.86 262.83 2.698 1
267.92 250.55 214.07 196.44 3.6522 1
259.29 249.71 149.92 136.77 4.5991 1
252.77 244.84 259.89 241.32 6.7156 1
256.88 272.81 141.27 152.96 4.0956 1
269.44 259.58 156.14 149.68 3.4983 1
256.28 269.82 197.04 208.53 3.8119 1
309.66 310.55 167.9 151.63 1.6604 1
305.55 308.78 214.14 174.1 2.329 1
257.68 263.43 86.918 92.285 4.5666 1
254.71 250.19 113.99 106.21 4.3236 1
264.38 275.34 116.13 121.69 2.2778 1
255.6 263.98 105.19 115.75 3.5123 1
266.57 273.93 92.932 100.56 2.7302 1
303.3 299.82 267.91 306.57 2.1635 1
293.08 295.29 276.64 246.53 2.4933 1
266.68 241.12 89.089 53.238 3.4869 1
280.36 256.61 47.555 48.718 1.5542 1
529.7 525.85 276.08 289.62 5.8358 1
299.68 287.58 173.76 155.57 2.0815 1
301.56 302.9 259.12 240.38 1.8693 1
278.6 268.12 116.97 101.04 4.1774 1
259.46 264.2 220.27 224.03 3.0875 1
290.38 290.38 325.38 309.13 1.25 1
290.85 293.46 304.17 279.19 2.2818 1
