279.25 284.07 312.92 149.12 4.5632 1
284.15 284.44 144.15 116.63 4.8148 1
638.99 638.98 412.88 147.88 1.2549 1
526.29 466.92 116.52 299.22 5.5569 1
139.12 574.12 479.01 478.97 1.2844 1
283.89 398.19 116.56 18.239 4.046 1
440.31 279.13 371.81 312.87 6.0207 1
466.31 442.03 299.44 372.18 4.3724 1
286.55 506.32 116.93 174.03 4.6258 1
397.9 370.42 171.53 163.95 3.199 1
544.61 525.1 47.654 115.65 4.1459 1
371.61 387.89 202.92 206.54 2.5747 1
391.54 371.63 204.45 199.09 2.9709 1
375.52 393.13 169.83 174.38 3.2795 1
397.61 543.86 17.957 46.724 3.759 1
412.87 386.61 265.8 265.4 2.7081 1
434.08 401.5 175.86 173.06 2.7308 1
426.61 404.09 207.49 206.98 2.7267 1
277.07 282.13 335.79 315.82 7.9334 1
287.53 286.69 124.11 142.88 1.9169 1
406.61 425.38 209.9 210.3 1.5968 1
379.39 360.36 263.14 257.94 2.5217 1
415.32 431.66 177.49 178.52 2.1019 1
282.96 282.85 262.88 310.37 1.2781 1
364.09 377.75 261.74 265.8 2.2664 1
283.7 280.22 335.13 325 5.1013 1
287.02 285.3 150.39 209.12 1.6561 1
501.67 339.14 182.7 139.07 2.4527 1
459.08 427.93 196.77 187.69 2.2499 1
426.67 288.98 187.7 149.67 2.3969 1
400.39 375.33 315.08 313.7 3.0429 1
367.81 353.84 311.85 307.54 2.3006 1
385.37 400.38 317.81 317.79 1.2714 1
285.06 284.26 211.62 257.88 1.8961 1
288.82 365.32 146.45 168.08 2.8554 1
493.03 477.78 206.05 201.99 1.6109 1
355.48 433.95 146.22 167.29 2.5931 1
574.96 543.23 16.308 2.0869 3.5401 1
357.81 340.88 194.22 183.34 3.0002 1
439.24 435.15 373.5 389.07 7.1944 1
639.3 617.9 10.577 13.113 4.3126 1
282.6 280.64 352.91 336.3 6.6462 1
345.86 334.5 249.74 241.13 3.5024 1
602.99 575.37 14.064 16.62 2.9502 1
401.45 411.01 258.16 263.89 2.5916 1
