638.99 639 411.62 149.12 1.2591 1
139.12 574.12 479.01 478.97 1.2836 1
218.05 441.95 156.88 0.30641 4.973 1
77.003 236.05 81.12 0.48323 4.4622 1
452.07 449.15 1.3364 22.154 7.4514 1
449.87 434.44 21.308 167.91 6.2814 1
436.05 272.34 169.81 331.12 7.6578 1
266.54 154.71 333.76 253.31 5.9797 1
155.63 79.417 252.76 81.495 7.1036 1
264.63 250.93 330.25 275.55 3.9572 1
200.16 218.83 145.83 154.75 3.8729 1
510.36 555.35 17.941 27.98 2.9944 1
554.15 506.74 31.523 21.102 2.8575 1
639.61 625.83 25.706 46.087 3.0464 1
620.29 639.57 41.563 15.707 3.3136 1
244 222.42 248.83 165.17 3.9012 1
250.57 244.23 275.33 249.41 3.0984 1
578.05 559.12 37.1 32.897 1.7622 1
605.32 582.78 43.147 38.321 2.0099 1
625.52 607.9 47.082 43.966 2.7555 1
590.44 606.64 36.243 39.06 1.4457 1
