529.78 522.15 123.62 151.77 4.6006 1
135.37 574.12 478.99 478.98 1.2632 1
521.65 482.66 153.47 301.24 6.0746 1
638.99 638.97 412.88 147.88 1.2636 1
203.62 162.49 357.71 172.41 5.1658 1
162.6 155.71 174.24 84.004 5.0904 1
444.45 529.79 55.258 124.84 4.2178 1
620.49 639.27 89.918 94.807 3.3641 1
156.71 444.3 83.721 55.964 5.0334 1
565.13 598.11 58.303 77.476 4.876 1
523.18 564.24 34.877 60.181 4.7399 1
496.23 213.67 301.91 361.97 9.7679 1
495.12 522.32 22.143 35.269 3.299 1
593.53 546.1 77.835 53.919 4.4454 1
532.45 510.36 43.733 32.903 5.1278 1
509.57 491.38 33.321 23.319 3.2858 1
165.42 526.73 173.18 124.92 4.3913 1
639.33 624.11 98.337 96.816 5.9704 1
597.88 617.4 79.119 88.828 3.8961 1
621.87 639.64 98.66 108.17 3.4611 1
602.13 587.05 89.812 76.16 3.1782 1
612.66 593.59 89.572 80.21 2.815 1
639.09 619.11 83.881 86.477 3.5578 1
545.49 531.95 53.955 44.896 4.8578 1
617.86 639.15 84.028 80.527 3.514 1
639.27 602.74 112.65 89.34 5.0679 1
493.3 478.59 8.3403 0.31291 3.2919 1
494.86 496.97 6.3564 21.918 4.1771 1
505.38 512.73 202.88 175.34 1.6915 1
174.95 182.18 212.97 245.25 1.7658 1
519.86 524.42 148.07 130.45 1.5234 1
201.04 205.73 330.5 352.8 1.4803 1
464.15 448.18 75.341 62.494 1.5453 1
