133.95 450.38 105.13 130.3 4.8299 1
135.37 575.37 478.99 478.98 1.2653 1
177.76 133.48 271.32 104.88 5.6763 1
638.98 638.99 412.87 149.12 1.2585 1
460.78 449.18 64.03 166.77 4.8283 1
457.22 457.94 176.51 187.87 4.7517 1
448.25 443.46 173.08 210.45 5.371 1
461.89 469.84 95.215 108.2 4.7432 1
454.32 460.15 145.51 137.36 3.1999 1
466.35 457.76 130.24 148.41 5.5272 1
469.63 460.37 108.6 121.62 5.5034 1
464.32 458.01 105.04 97.759 3.7795 1
454.17 453.71 187.87 176.59 3.7468 1
459.43 464.42 122.66 129.79 4.4023 1
457.34 464.39 118.65 110.6 3.0535 1
448.94 459.17 166.88 177.83 4.6291 1
457.13 446.64 188.28 201.63 4.7037 1
448.1 453.33 212.39 228.14 4.3583 1
442.92 432.14 215.53 306.54 5.6843 1
449.14 447.01 229.12 217.8 3.1505 1
235.37 460.27 51.774 63.619 4.7341 1
451.86 447.83 227.22 237.36 3.2465 1
565.34 431.8 18.112 0.33886 3.8112 1
441.48 186.81 312.7 277.74 9.8344 1
453 519.11 0.4877 7.9849 3.4187 1
519.16 568.98 8.8776 15.255 3.3726 1
639.16 565.4 20.503 18.356 3.2264 1
447.93 441.64 236.67 244.14 3.673 1
569.13 639.15 15.113 16.628 3.4788 1
231.66 192.91 116.11 113.57 2.8804 1
194.23 138.98 113.73 110.05 4.4092 1
272.86 232.9 119.3 116.24 1.8188 1
457.8 440.32 307.37 310.03 5.2388 1
184.08 181.98 294.14 285.29 3.6482 1
146.8 183.96 94.352 65.16 2.1764 1
438.77 441.78 167.83 142.89 2.4393 1
