638.97 638.99 412.87 146.62 1.2704 1
368.17 365.98 1.5844 52.848 4.1733 1
136.62 574.12 478.99 478.99 1.2521 1
240.62 240.49 41.632 21.624 2.5836 1
234.53 237.56 15.484 39.005 4.0387 1
579.91 593.23 42.723 1.7417 5.1706 1
104.65 98.382 31.851 11.858 3.9522 1
243.27 243.97 21.61 40.381 2.5907 1
465.19 483.48 1.2202 49.37 3.0618 1
512.01 463.27 156.1 353.61 7.9118 1
200.99 201.78 26.586 39.115 3.1245 1
256.14 256.82 19.095 36.617 1.9217 1
185.44 183.52 35.482 14.179 3.1623 1
217.05 215.55 42.964 28.972 2.212 1
207.36 207.46 26.621 45.371 3.8033 1
103.72 106.66 10.252 30.371 3.7107 1
485.34 468.77 45.389 1.2877 3.5049 1
242.16 236.91 252.79 220.33 6.2437 1
358.17 362.6 51.761 1.3812 8.9639 1
160.72 159.15 30.344 12.873 4.1824 1
154.79 157.45 11.372 31.516 3.3207 1
238.1 234.98 219.15 79.106 4.5848 1
111.64 114.33 11.465 32.849 3.572 1
110.75 108.64 34.36 15.291 4.1444 1
186.29 189.42 24.211 36.551 2.4406 1
72.385 69.569 36.736 24.308 2.7144 1
490.81 486.13 1.5426 47.825 3.9682 1
65.382 60.582 36.965 19.41 3.5138 1
85.64 82.348 33.126 20.191 6.3869 1
369.72 371.99 46.655 1.5804 3.3797 1
163.29 166.69 16.531 31.61 3.6581 1
64.83 68.797 20.205 36.704 3.261 1
499.91 511.75 154.11 152.64 10.232 1
16.35 35.232 1.1162 37.297 6.0706 1
198.1 198.7 39.076 26.605 2.8578 1
78.603 75.996 35.776 24.267 2.2037 1
93.38 91.881 12.909 35.392 6.2362 1
375.15 399.5 43.996 1.1261 3.7304 1
141.31 138.43 32.946 20.249 3.0318 1
464.09 434.98 352.05 360.23 8.4636 1
300.01 302.28 34.06 21.297 4.9228 1
609.07 639.77 64.353 71.284 6.6471 1
246.68 215.38 3.8784 2.7042 5.2776 1
290.86 243.53 360.16 252.59 5.2656 1
394.48 370.23 1.1283 44.596 4.3903 1
159.09 174.3 33.089 35.521 4.0473 1
249.42 256.75 6.1225 3.1849 4.1754 1
302.85 290.84 384.14 360.74 6.1312 1
594.03 625.48 5.1673 7.9301 6.5542 1
640.54 604.03 83.366 74.423 11.175 1
629.45 609.48 1.311 60.07 3.8124 1
36.426 33.572 34.17 21.468 2.7133 1
205.44 223.35 1.4725 8.5849 4.8861 1
316.7 499.32 168.95 155.56 8.1778 1
224.13 235.52 7.8028 9.2361 3.7206 1
570.02 581.23 41.525 1.1675 5.7546 1
236.6 247.87 9.189 8.9925 2.6958 1
6.0182 1.6444 30.525 12.87 4.8533 1
588.5 575.8 0.95283 36.329 5.6415 1
34.71 46.768 37.822 41.101 5.0472 1
315.19 317.06 244.18 205.34 2.6947 1
372.87 411.63 51.812 52.241 2.7214 1
45.317 40.621 38.362 25.749 2.8045 1
492.25 491.74 50.407 40.369 1.9351 1
12.99 23.097 27.277 29.22 3.2106 1
317.77 318.34 200.4 170.41 3.0474 1
79.046 67.574 19.364 20.256 7.2835 1
491.63 569.12 39.757 39.448 5.2944 1
364.86 500.8 77.624 148.31 4.6139 1
313.74 314.82 267.92 245.35 2.4372 1
40.067 24.138 20.186 9.7655 5.152 1
260.39 316.97 106.61 166.3 3.8654 1
453.97 464.16 358.12 369.2 5.0423 1
316.37 305.79 400.77 388.4 8.6744 1
311.03 313.04 220.41 186.63 3.0037 1
412.87 461.63 52.146 52.789 2.5163 1
440.42 376.65 46.798 45.501 4.7955 1
518.57 511.58 1.514 36.615 2.4469 1
152.58 150.95 54.152 36.571 2.9517 1
573.17 551.81 75.542 69.698 3.9469 1
593.66 583.38 49.368 41.322 6.8053 1
309.55 308.61 336.68 321.74 5.1463 1
302.31 299.99 36.563 57.834 4.1335 1
306.26 308.98 381.6 336.77 6.2385 1
310.68 313.36 320.39 267.96 3.4808 1
480.4 452.87 47.686 47.425 3.738 1
495.89 492.15 1.5444 35.433 3.4369 1
508.93 515.44 35.337 1.6385 2.3389 1
303.34 301.94 1.5449 15.279 5.6112 1
478.8 462.01 45.498 1.4782 2.0728 1
606.51 592.73 48.456 47.582 4.99 1
434.96 309.14 360.85 386.68 9.1527 1
605.75 578.73 94.423 83.875 3.3827 1
236.62 306.63 80.126 79.229 4.9034 1
234.81 236.4 47.824 69.141 3.3327 1
307.57 310.84 276.61 221.65 2.4214 1
639.23 606.49 102.42 94.712 3.3645 1
24.55 20.945 8.9228 1.3536 2.8482 1
577.94 561.71 47.103 45.665 4.6497 1
299.08 280.66 61.155 63.105 5.8938 1
307.86 361.63 79.284 78.743 4.0766 1
279.96 266.46 63.775 67.253 6.4015 1
306.27 306.58 304.12 279.12 1.4199 1
451.64 442.83 47.315 47.089 3.0594 1
216.73 196.6 72.379 68.013 3.1351 1
579.99 621.51 80.257 94.458 2.3348 1
59.157 50.36 73.204 73.381 2.6501 1
234.23 217.89 72.879 71.491 6.3333 1
454.12 437.87 179.89 179.74 1.4033 1
597.88 571.62 67.148 67.525 1.5725 1
613.78 620.4 57.761 37.885 1.5819 1
76.702 60.358 71.518 72.621 2.8309 1
434.16 445.4 205.06 206.39 3.5779 1
325.39 317.1 402.83 400.15 6.716 1
435.35 450.37 173.61 174.15 2.8112 1
