638.99 638.98 411.63 149.13 1.2602 1
136.62 574.12 479 478.98 1.2631 1
489.32 455.73 168.88 315.17 4.2605 1
351.67 489.13 46.578 169.26 4.4224 1
456.52 325.4 316.34 364.53 7.4099 1
293.83 291.24 1.3051 13.786 4.9426 1
267.36 260.15 10.216 15.038 4.5069 1
286.77 279.21 18.361 20.645 3.4832 1
247.99 232.76 208.05 111.84 3.9086 1
279.09 260.27 21.488 26.196 3.0328 1
30.501 43.483 0.88559 25.048 4.586 1
214.65 195.39 16.137 24.172 7.5939 1
232.82 226.67 111.63 73.914 3.9563 1
259.28 350.61 64.91 46.566 4.4047 1
226.81 270.63 71.509 141.46 4.4927 1
279.3 273.73 16.215 13.785 3.7904 1
44.353 53.112 25.272 44.584 3.9315 1
70.993 83.11 7.6207 37.043 7.5478 1
43.975 41.941 48.016 27.843 4.1073 1
42.142 47.685 58.808 46.002 3.2102 1
59.531 53.581 41.502 21.789 3.8164 1
30.387 24.892 15.859 1.8139 3.7781 1
252.44 248.56 220.86 207.32 7.3866 1
43.511 55.954 88.505 75.949 3.5753 1
265.63 294.1 28.737 20.28 3.725 1
51.572 46.898 19.157 11.459 3.4344 1
323.9 254.23 361.74 220.94 4.806 1
24.311 1.2043 2.8418 6.3693 8.2535 1
58.05 49.214 78.013 89.195 4.129 1
290.31 280.85 10.281 16.748 4.8327 1
262.59 269.71 19.771 16.456 3.8491 1
23.273 42.686 94.222 88.487 4.3594 1
53.489 42.732 73.622 60.492 3.6004 1
121.4 154.78 28.359 18.388 6.3304 1
324.81 320.41 359.14 219.08 3.199 1
259.13 246.62 14.787 14.771 2.5095 1
320.85 409.08 218.34 193.97 3.4081 1
1.3072 20.363 98.456 95.301 3.9203 1
155.32 172.91 18.223 17.112 5.6993 1
45.891 41.22 22.034 13.654 2.5597 1
55.766 50.716 42.035 31.462 2.6431 1
65.768 69.295 1.4582 9.7728 5.0912 1
132.91 120.22 29.28 32.184 3.1344 1
54.053 47.568 48.966 55.048 3.7603 1
35.338 1.3468 97.67 103.84 6.2626 1
110.12 112.57 1.4649 16.674 4.9363 1
106.48 100.95 17.422 3.8896 2.2212 1
145.32 133.15 26.4 29.111 2.492 1
49.74 33.553 89.048 96.793 4.6073 1
46.439 64.259 4.7415 2.9835 6.4652 1
188.01 151.73 25.2 21.766 3.9175 1
160.38 202.86 8.6441 9.1487 2.7374 1
18.089 32.429 79.986 70.919 3.558 1
171.57 191.52 19.508 22.341 3.7204 1
266.98 291.09 32.514 55.922 2.691 1
141.83 94.218 76.175 88.242 3.2607 1
100.92 85.592 23.1 14.966 3.5834 1
250.23 227.95 67.018 70.836 3.2384 1
99.248 134.3 83.38 74.835 2.4889 1
171.63 157.87 12.3 12.287 1.2629 1
286.34 263.02 56.912 33.981 2.9008 1
48.074 54.819 61.464 69.814 2.9171 1
158.11 143.74 11.879 2.194 2.5357 1
35.528 1.0455 23.404 33.37 6.7262 1
467.77 484.57 249.1 175.48 1.6245 1
478.99 445.22 164.28 134.3 1.25 1
444.02 483.03 183.79 172.13 2.0226 1
114.2 100.56 51.829 57.109 2.3315 1
420.51 399.15 3.2607 10.46 1.6383 1
461.32 467.06 276.55 251.72 1.4993 1
443.99 420.17 133.03 111.86 1.25 1
453.8 460.74 309.05 279.21 1.3022 1
12.775 1.6154 19.742 17.934 2.9022 1
