638.98 638.98 412.87 147.87 1.2581 1
137.87 574.12 479 478.98 1.2653 1
259.14 227.84 15.005 13.779 4.7516 1
227.25 207.65 13.007 2.0304 5.1918 1
378.84 378.6 1.6188 59.118 5.2018 1
190.26 199.2 46.935 50.162 3.2003 1
475.21 498.42 1.1646 55.675 4.0265 1
519.82 482.4 157.31 361.08 8.0283 1
483.82 322.19 361.52 397.91 7.6485 1
244.66 249.65 26.507 49.284 4.465 1
27.926 43.01 43.897 47.271 3.2583 1
92.9 81.615 37.084 37.693 4.0142 1
505.3 521.23 140.52 148.65 5.59 1
1.5169 28.051 45.996 50.617 3.9643 1
178.01 188.06 46.027 48.294 3.6581 1
212.35 236.29 10.434 19.966 5.5596 1
498.97 479.13 48.67 1.1023 3.643 1
136.48 127.85 36.747 26.644 3.8501 1
66.697 56.458 41.37 38.464 3.3238 1
113.44 125.17 45.684 50.844 6.0867 1
55.05 66.737 55.535 56.962 4.4993 1
22.657 1.3385 30.115 25.428 4.9093 1
236.65 260.39 18.962 19.328 2.808 1
602.74 608.91 27.538 2.18 7.0249 1
251.46 241.59 251.86 85.303 7.2456 1
119.04 113.89 45.403 29.609 2.4653 1
41.606 29.077 42.978 40.632 3.2258 1
319.2 516.72 166.21 149.02 6.3371 1
174.4 173.76 40.43 29.146 3.9558 1
252.87 252.25 49.125 37.841 2.7003 1
299.04 287.86 33.082 33.995 3.5198 1
296.63 314.12 45.698 45.188 5.1072 1
201.58 211.83 48.025 50.87 4.1929 1
282.22 274.97 34.364 36.466 4.0207 1
639.91 624.72 78.523 75.792 10.063 1
1.5414 15.26 1.922 5.7829 3.6098 1
626.18 639.68 63.605 66.656 6.0963 1
259.1 274.15 52.354 52.545 6.3132 1
108 106.69 30.478 47.974 6.5121 1
370.92 373.01 59.19 1.5391 7.9663 1
596.93 601.23 44.207 28.104 6.9234 1
495.37 389.11 52.603 54.365 3.5008 1
325.87 309.84 408.82 383.21 8.6058 1
23.289 51.192 1.3962 51.864 5.5592 1
309.97 253 383.2 254.77 5.971 1
610.31 639.23 4.2189 5.5919 7.0135 1
382.87 492.87 58.509 57.476 3.9729 1
407.92 384.41 1.0123 47.384 3.9411 1
254.71 256.4 34.06 49.151 2.4846 1
504.54 500.93 1.2873 50.324 10.209 1
102.35 100.04 50.753 39.915 5.226 1
372.88 504.8 79.113 140.36 3.6843 1
388.15 414.92 52.424 1.3855 3.9015 1
81.994 84.173 40.295 50.365 2.4435 1
80.936 78.576 51.783 41.465 3.2735 1
125.4 123.36 46.789 31.56 2.8096 1
383.33 384.1 46.654 1.6031 3.6636 1
266.68 272.65 14.181 8.7504 4.4563 1
603.26 597.72 1.3732 20.331 3.9501 1
126.78 129.02 30.352 45.574 3.0186 1
505.44 586.58 43.774 41.338 6.8966 1
26.751 20.494 48.285 31.126 7.1565 1
312.44 313.44 42.825 34.047 4.0096 1
319.87 319.64 392.88 332.87 3.9522 1
639.17 591.17 98.986 83.006 3.9658 1
229.21 171.51 82.323 73.634 3.8943 1
272.88 320.09 116.62 164.41 2.8276 1
12.848 17.463 31.636 43.042 4.6614 1
317.96 346.64 197.09 195.73 3.2066 1
471.67 484.11 364.29 379.13 9.6341 1
586.51 595.92 40.046 1.1519 6.0749 1
640.14 628.3 13.152 56.742 5.7187 1
507.51 505.3 55.445 43.9 4.1524 1
321.7 320.59 195.42 166.52 4.9481 1
99.066 61.652 85.985 89.423 4.9658 1
312.59 276.37 70.265 77.912 6.0471 1
312.82 313.46 10.377 25.457 4.1714 1
598.04 639.07 82.31 94.312 2.8646 1
616.5 599.68 51.856 43.065 7.2262 1
426.7 324.21 191.12 201.26 2.7475 1
588.03 571.46 75.863 72.391 3.2159 1
321.05 321.5 269.12 202.87 5.3676 1
399.14 422.84 182.74 184.57 2.3964 1
622.92 610.15 48.861 46.757 4.513 1
267.84 371.59 83.129 79.496 3.7284 1
314.29 313.03 46.553 65.469 4.2403 1
343.98 327.03 415.7 408.22 4.7088 1
35.388 45.983 2.8666 18.718 3.1177 1
489.9 471.97 43.798 1.4777 2.2074 1
437.88 457.8 202.82 204.86 3.6026 1
45.897 29.842 30.771 1.2351 3.7002 1
320.78 320.4 327.89 266.61 6.2269 1
416.62 385.36 282.97 280.57 2.2981 1
420.34 405.32 181 180.12 2.2025 1
241.6 230.32 83.431 83.003 5.1856 1
409.13 389.12 339.86 339.66 1.4304 1
164.18 160.43 26.614 6.6149 3.9162 1
434.11 450.38 267 267.86 2.8254 1
477.8 474.23 375.35 389.15 5.7785 1
619.1 586.63 68.366 69.326 2.5358 1
37.821 20.399 83.107 79.023 2.2245 1
246.1 248.55 56.53 75.287 3.072 1
117.87 98.977 81.59 84.371 2.8374 1
347.85 402.81 195.13 189.68 2.7451 1
432.86 440.41 323.04 323.72 2.089 1
435.43 461.63 168.61 171.57 3.1859 1
595.38 571.62 48.266 48.134 3.8264 1
460.45 445.24 175.04 176.28 3.3293 1
472.97 450.46 186.31 188.66 2.0414 1
331.61 351.62 60.564 60.287 1.25 1
26.327 17.378 65.952 61.339 3.9059 1
446.63 429.14 189.2 190.59 1.7415 1
494.09 462.9 160.06 163.15 1.5 1
