638.98 638.99 412.87 147.87 1.2619 1
139.13 574.13 478.99 478.99 1.2511 1
317.74 324.09 391.67 90.427 9.5086 1
366.98 377.29 36.521 44.523 4.0542 1
323.61 317.97 412.1 391.26 9.5248 1
392.58 407.33 33.269 44.444 4.7702 1
496.6 365.36 393.42 395.35 7.3886 1
544.42 494.17 191.7 393.2 10.625 1
206.39 219.28 24.687 30.002 3.0623 1
333.74 355.86 29.794 34.233 6.3695 1
177.43 205.47 23.144 31.292 4.5345 1
539.53 545.7 182.58 191.05 5.9738 1
267.16 256.49 23.233 16.853 4.9328 1
377.74 405.37 2.1708 9.1354 5.1833 1
215.47 203.47 25.157 20.185 3.351 1
364.15 321.6 394.91 394.21 4.3857 1
327.28 333.79 24.661 30.626 3.6094 1
460.84 539.38 89.79 182.47 4.1555 1
418.99 409.18 25.623 20.273 5.0878 1
200.15 182.76 11.304 7.1194 3.9842 1
220.38 227.77 34.12 36.904 3.9742 1
236.61 219.11 26.65 14.147 3.7779 1
61.596 180.41 31.15 32.845 6.6237 1
331.8 317.94 23.958 9.0666 3.6593 1
394.96 386.73 30.627 23.75 4.1658 1
1.577 61.623 22.679 25.416 5.1623 1
325.35 540.37 189.12 190.94 7.6262 1
379.4 366.98 23.826 12.491 3.7741 1
257.95 244.17 19.151 18.737 5.2981 1
357.26 367.25 31.597 36.642 6.1535 1
337.64 327.86 15.673 7.8945 3.3127 1
363.35 352.3 21.895 16.557 7.8406 1
416.68 387.87 3.1061 1.6687 3.2445 1
396.95 397.51 20.289 30.464 4.0867 1
406.55 406.89 40.373 26.601 3.9668 1
555 546.61 0.83386 44.601 10.527 1
349.25 337.87 18.231 16.636 6.0159 1
316.53 306.81 10.874 14.608 6.5522 1
405.25 419.1 8.478 7.5666 3.824 1
457.86 439.12 18.706 18.925 5.1456 1
487.52 493.79 394.67 413.83 7.8849 1
636.63 562.88 42.344 42.076 2.5453 1
324.1 461.66 88.259 90.528 6.3935 1
415.2 400.38 306.46 304.12 2.4694 1
422.87 394.06 212.88 206.92 2.6176 1
421.59 409.04 245.57 243.32 2.2411 1
209.32 179.09 59.829 49.232 2.6031 1
562.86 620.38 50.198 51.026 2.8954 1
236.72 212.9 67.502 61.514 4.2603 1
326.62 326.62 196.63 215.38 1.25 1
559.63 563.49 20.478 1.4962 2.7195 1
383.01 340.46 68.533 58.74 5.4334 1
574.75 593.83 25.865 1.3928 3.1753 1
399.07 416.82 211.89 215.74 2.443 1
457.95 446.75 210.92 212.52 2.4751 1
340.08 324.11 58.89 54.179 3.459 1
262.89 237.83 65.68 66.548 3.5314 1
330.16 325.36 412.14 405.38 4.7999 1
398.05 383.49 72.246 68.178 5.4882 1
563.46 573.76 39.627 27.566 2.8517 1
621.63 639.13 51.224 51.612 1.4159 1
465.48 447.82 58.582 57.513 6.6917 1
35.375 14.125 27.875 27.875 1.25 1
324.13 324.13 289.13 315.38 1.25 1
440.42 430.27 60.682 62.182 4.2581 1
542.76 546.3 21.604 1.3491 4.2802 1
576.66 562.25 1.6546 19.879 2.5758 1
47.874 31.633 39.096 39.465 1.363 1
