183.64 143.59 270.19 99.912 4.9392 1
145.28 471.59 100.47 124.54 4.9256 1
463.31 460.05 187.97 203.08 4.3591 1
472.38 465.88 135.28 169.46 5.7332 1
136.62 574.12 479 478.98 1.2733 1
638.99 638.99 412.88 149.13 1.2547 1
460.13 458.75 203.9 213.01 3.7078 1
473.12 484.07 87.681 101.67 4.7949 1
459.37 462.33 213.18 223.04 4.0684 1
471.26 471.95 56.659 89.091 3.9882 1
472.13 473.1 94.057 119.07 4.4145 1
483.96 474.36 102.76 116.79 5.4839 1
468.81 464.09 181.91 189.58 4.9131 1
224.1 470.36 44.53 56.92 4.648 1
454.44 443.62 237.72 301.54 4.1754 1
462 454.1 222.49 237.28 4.999 1
464.94 255.08 309.05 284.13 9.852 1
510.41 565.36 2.6047 9.2413 3.5311 1
254.95 192.98 283.72 275.82 7.9721 1
586.69 513.99 13.386 6.9497 4.1112 1
566.6 639.15 8.7284 10.814 3.4327 1
513.03 476.75 5.4487 0.68928 3.3317 1
639.16 587.84 14.313 12.598 3.1666 1
187.74 188.59 290.28 277.84 4.336 1
148.86 184.39 107.94 259.06 1.8778 1
237.86 200.38 110.55 107.87 2.3158 1
454.98 459.76 177.82 144.22 1.9465 1
450.57 451.82 206.64 194.14 1.7385 1
199.18 155.41 108.02 105.9 4.1475 1
469.12 469.05 87.875 66.625 1.2752 1
166.88 187.68 79.414 61.396 2.3952 1
461.12 457.46 154.04 176.56 1.4647 1
414.13 392.88 56.625 56.625 1.25 1
446.92 449.59 229.16 209.19 2.0658 1
