638.97 638.99 412.87 147.87 1.2669 1
139.12 575.37 478.99 478.98 1.2604 1
566.67 503.74 157.47 344 4.5392 1
195.44 298.8 64.058 161.97 4.346 1
222.65 199.5 235.41 90.315 4.4297 1
503.71 359 344.67 429.27 8.0673 1
341.09 565.71 32.599 157.03 4.4762 1
199.31 195.41 88.066 66.394 4.5771 1
22.934 10.008 40.149 36.787 3.9975 1
142.16 116.54 29.57 37.608 8.863 1
175.34 164.06 19.884 20.759 4.0288 1
362.66 256.56 426.78 282.6 7.4657 1
41.493 51.646 41.715 40.563 2.625 1
228.32 222.67 242.59 233.81 4.5779 1
230.42 340.61 56.848 32.704 4.4657 1
115.51 80.355 37.788 34.33 3.5895 1
50.771 95.647 37.548 29.369 7.3784 1
96.509 119.01 32.683 35.158 3.1808 1
61.735 34.355 40.914 46.501 2.9989 1
0.55232 8.9359 48.555 53.215 4.3701 1
29.148 40.419 41.368 42.386 2.5395 1
216.81 196.77 60.162 63.675 3.9095 1
81.318 61.832 35.34 39.993 3.3025 1
77.906 134.16 21.938 20.809 3.5486 1
226.08 204.8 59.367 44.413 3.2621 1
16.57 69.383 105.18 90.022 3.1278 1
60.575 18.169 96.107 107.7 3.0533 1
141.55 140.65 12.882 2.8505 3.6228 1
9.7439 1.3879 36.784 32.043 3.0846 1
256.25 232.82 282.24 249.85 6.0135 1
101.69 77.798 23.863 25.484 2.8327 1
211.91 229.09 44.955 56.678 3.1464 1
16.962 8.5392 32.132 16.95 4.125 1
500.89 560.67 343.05 165.47 2.5921 1
9.8258 6.73 61.32 79.567 13.369 1
16.802 24.005 6.5735 31.296 5.6509 1
7.3133 2.7386 79.553 89.63 6.5113 1
78.214 58.625 24.372 12.447 3.6208 1
1.325 12.744 28.453 34.377 2.8363 1
361.95 327.94 12.687 23.088 2.8836 1
284.1 300.35 26.344 25.102 1.7223 1
299.42 378.05 162.56 235.18 2.3279 1
336.69 366.92 18.071 7.4606 2.6099 1
203.34 217.99 94.05 185.36 2.2246 1
255.34 266.62 29.87 29.087 1.7661 1
196.65 157.93 89.223 99.329 2.7878 1
215.49 242.76 39.572 32.428 2.1862 1
235.29 216.41 37.53 41.966 2.3603 1
384.87 362.98 0.63899 11.823 2.2986 1
156.53 196.78 96.266 85.979 2.5306 1
521.68 563.44 176.75 159.23 3.4583 1
1.6376 17.905 41.409 42.354 1.538 1
316.62 256.72 25.346 32.397 2.5565 1
378.82 325.6 231.96 182.63 2.3925 1
386.48 467.79 233.77 200.16 2.2956 1
452.99 381.46 203.15 232.48 2.1871 1
62.851 51.613 17.129 17.487 1.5279 1
72.636 61.085 89.886 95.517 2.2754 1
85.482 71.832 12.119 15.08 4.4597 1
470.33 482.67 199.03 193.66 1.7939 1
228.57 225.45 266.49 250.12 3.9178 1
322.75 309.26 180.5 167.74 1.3011 1
