136.62 575.37 478.99 478.98 1.263 1
638.98 638.98 412.88 147.88 1.2515 1
200.09 164.62 258.94 78.782 5.6302 1
288.89 584.95 21.217 104.37 4.8163 1
447.66 197.92 403.24 260.3 10.232 1
165.06 288.26 77.176 21.223 4.6618 1
566.8 554.24 155.44 190.42 3.9518 1
552.08 529.2 196.34 259.6 3.7792 1
529.2 517.57 259.94 291.19 4.1411 1
578.7 566.99 122.72 155.05 3.9704 1
585.29 579.28 104.77 118.06 6.7249 1
505.68 451.17 207.97 394.36 4.8558 1
516.51 453.1 291.55 396 4.702 1
575.94 506.86 117.05 208.36 3.9874 1
167.34 503.18 79.245 209.58 4.5694 1
27.06 117.45 126.31 84.462 3.1295 1
128.52 31.483 82.843 128.82 3.3888 1
52.552 77.738 55.953 43.841 2.4254 1
81.35 117.79 42.036 30.102 2.4788 1
117.43 49.449 82.849 58.23 3.99 1
48.852 34.267 57.427 52.457 3.9263 1
136.43 168.12 25.875 17.54 2.0367 1
58.282 128.42 56.757 82.311 4.0789 1
37.557 50.406 48.944 52.771 3.594 1
207.12 176.62 2.616 17.874 2.8002 1
121.36 89.238 32.015 41.99 2.4246 1
177.79 196.42 13.943 4.9406 1.8198 1
175.49 131.63 18.288 30.406 2.7903 1
520.27 500.43 89.486 83.925 1.25 1
