638.98 638.98 412.88 147.88 1.2515 1
500.8 468.1 196.5 413.97 5.4809 1
466.26 462.43 1.5283 65.423 3.8681 1
135.37 575.37 479 478.98 1.2674 1
276.73 275.37 225.36 216.44 3.7077 1
335.09 333.91 1.5295 20.44 4.3655 1
326.28 326.93 57.866 34.099 2.8754 1
282.72 276.74 337.95 225.3 4.917 1
290.8 290.29 32.884 57.899 2.4224 1
208.11 206.39 56.695 31.641 3.3969 1
330.09 329.66 35.37 57.885 1.5824 1
193.54 190.84 32.947 57.925 3.3245 1
321.87 323.26 35.36 57.852 4.6065 1
332.02 333.75 59.154 35.258 3.1098 1
174.49 175.34 46.607 64.127 1.8514 1
250.22 251.14 29.08 51.594 2.65 1
202.53 204.38 30.405 51.603 3.0851 1
167.96 169.42 44.014 61.601 2.4914 1
172.76 171.91 62.881 47.93 2.0853 1
286.72 288.93 56.637 39.1 2.4804 1
209.53 211.55 30.343 56.534 2.8772 1
285.41 282.62 402.98 339.03 8.3608 1
286.82 285.67 424.11 403.97 5.5984 1
292.9 293.85 57.876 32.817 2.6413 1
235.12 235.52 52.869 36.598 2.7789 1
382.09 382.77 47.893 30.371 1.7845 1
180.6 181.21 46.615 60.338 1.7461 1
255.11 253.06 51.762 29.108 3.503 1
365.23 367.44 51.605 35.316 2.2496 1
178.85 177.79 60.398 47.882 2.9124 1
336.28 334.59 41.589 57.923 2.1016 1
185.2 183.43 60.393 42.819 3.4895 1
258.34 258.72 32.864 49.135 1.5763 1
296.75 295.12 42.886 62.956 2.6951 1
166.49 164.12 61.642 43.035 2.9533 1
287.89 287.62 437.92 422.9 6.1824 1
466.27 470.08 56.687 1.5181 3.3553 1
346.44 346.79 56.623 30.361 2.4342 1
137.47 139.21 46.666 64.116 4.1045 1
201.58 197.77 50.638 31.901 3.9455 1
380.41 380.31 30.375 47.882 1.25 1
155.89 156.44 45.356 60.382 2.7759 1
276.16 274.61 54.154 29.173 3.1947 1
495.7 466.02 1.1081 54.338 4.5131 1
272.63 273.02 37.849 52.871 1.2819 1
304.68 303.9 65.397 40.382 2.8867 1
452.91 453.65 56.627 46.682 2.5858 1
343.65 344.14 30.387 49.125 0.91561 1
373.83 373.52 47.881 32.887 1.5319 1
214.88 212.72 52.922 30.511 2.8491 1
386.73 384.81 22.98 47.928 4.0271 1
369.95 368.26 36.577 51.668 2.268 1
606.38 598.69 1.3961 51.559 3.8141 1
348.12 350.97 15.167 1.4887 3.6713 1
260.95 261.14 49.117 34.119 1.4015 1
96.654 98.491 37.871 51.542 1.8527 1
265.87 266.5 46.648 32.869 1.6476 1
241.57 243.6 44.115 32.563 4.7069 1
331.66 302.88 16.319 16.155 10.135 1
468.85 501.32 56.996 0.72719 4.1616 1
119.9 117.49 57.936 39.175 3.2767 1
111.21 112.73 41.513 52.894 2.6439 1
321.69 326.56 6.9611 0.61671 4.7259 1
93.125 94.28 48.046 37.893 2.6902 1
322.11 321.16 56.552 82.858 4.9967 1
274.66 273.7 209.19 199.05 3.3142 1
457.18 459.84 50.269 1.4597 9.4168 1
104.25 106.41 41.605 55.409 2.856 1
89.177 81.177 40.107 1.2031 5.2873 1
109.83 107.11 55.455 36.735 3.1734 1
467.18 335.62 413.23 430.93 9.1278 1
273.14 272.16 198 190.31 2.9541 1
282.46 285.11 1.4639 15.186 4.1997 1
270.5 267.28 189.46 166.71 8.1375 1
99.751 104.15 1.7862 18.796 4.569 1
245.06 243.06 31.646 1.5297 2.9985 1
247.7 243.71 63.898 44.936 4.3771 1
93.959 90.38 62.915 47.874 4.8642 1
267.36 260.84 166.4 109.21 6.6034 1
277.71 489.49 215.6 200.47 9.2611 1
605.31 609.5 52.86 35.464 2.3901 1
312.82 320.53 4.0136 4.3629 6.583 1
329.87 344.04 26.572 17.733 4.6404 1
181.67 172.83 41.694 41.856 6.8963 1
153.19 160.09 9.3976 1.3833 3.263 1
122.27 134.87 21.264 47.516 4.372 1
612.29 606.18 1.5269 38.01 3.7108 1
335.4 290.28 430.7 434.07 7.422 1
134.08 152.8 11.09 9.5056 3.2097 1
285.61 300.09 14.976 23.363 4.8395 1
247.88 272.93 4.1245 5.8931 4.7235 1
301.72 317.97 25.418 26.699 3.2472 1
1.5457 91.531 65.445 62.508 8.4599 1
639.84 635.3 13.062 30.354 2.1004 1
127.3 131 1.3145 9.4097 3.214 1
166.69 181.45 1.48 8.2657 3.2249 1
395.31 392.27 1.6184 30.311 4.1243 1
112.23 109.07 16.76 1.636 3.416 1
461.57 466.97 417.35 429.53 7.3624 1
271.79 266.55 270.36 189.05 4.2637 1
392.85 391.44 46.623 66.612 3.6533 1
471.47 492.08 371.6 234.19 2.1016 1
396.27 495.31 103.38 194.3 7.7589 1
631.01 639.81 35.208 3.061 2.618 1
120.43 122.58 11.611 20.447 2.7232 1
185.71 196.37 8.3716 1.243 3.4619 1
598.88 584.32 40 1.0832 3.6454 1
493.09 494.76 226.65 212.8 1.4377 1
465.25 461.95 430.07 444.89 4.6099 1
575.03 594.53 1.2806 52.722 3.8755 1
270.32 271.97 276.92 270.15 3.3464 1
319.77 320.4 29.061 35.373 2.7327 1
366.62 382.96 3.9945 2.907 2.8288 1
466.17 470.81 406.56 374.19 1.5883 1
278.7 271.04 356.54 277.81 3.7999 1
285.31 357.99 110.48 106.09 7.7562 1
359.07 396.63 106.42 105.69 6.3713 1
602.16 605.48 47.953 25.391 1.6015 1
472.86 537.89 61.233 59.561 2.6598 1
134.6 122.14 37.683 6.9228 3.1973 1
282.88 282.88 266.63 290.38 1.25 1
541.62 475.35 47.598 49.145 2.8202 1
134.14 152.83 4.2706 2.4218 2.7339 1
615.14 627.55 39.386 36.485 9.9434 1
97.269 96.726 79.145 62.83 3.8727 1
372.67 359.09 72.218 76.506 2.8234 1
374.1 359.41 77.792 81.507 2.4115 1
