191.86 146.7 5.5736 0.92791 4.6824 1
638.98 638.99 411.62 149.12 1.2619 1
137.87 572.87 479.02 478.97 1.2984 1
179.19 215.37 1.2193 6.6285 3.3392 1
199.9 168.11 312.48 151.09 5.6861 1
219.17 244.1 7.1818 5.0749 4.5611 1
348.18 199.31 343.88 313.22 8.5383 1
356.79 351.06 303.77 341.73 8.652 1
255.47 231.71 4.4806 10.705 4.0604 1
411.42 275.19 31.975 14.298 4.8448 1
233.34 203.96 13.934 8.8301 5.782 1
368.17 355.3 194.01 302.87 4.3671 1
167.84 241.54 151.6 57.535 5.032 1
480.78 474.94 10.064 2.5268 5.4838 1
203.43 192.57 9.1717 6.738 4.6054 1
269.08 234.1 19.554 15.553 2.9465 1
477.94 455.29 15.828 13.915 3.5428 1
371.8 366.81 177.59 196.67 4.2604 1
496.45 480.24 12.403 14.028 9.0804 1
243.13 251.59 3.8004 1.5118 3.3917 1
447.42 466.61 13.036 19.172 2.9066 1
234.15 269.26 12.678 16.67 2.7664 1
471.33 462.76 2.0892 3.3395 2.9319 1
275.13 257.92 15.476 37.911 5.2577 1
170.34 367.68 151.81 185.28 4.244 1
467.85 499.15 18.544 19.837 3.9532 1
145.39 130.37 2.1765 1.7477 1.5348 1
382.16 411.73 134.28 33.422 5.6885 1
506.3 494.18 1.0992 8.7029 6.3526 1
387.59 360.57 189.06 304.17 3.9236 1
407.88 387.45 57.682 190.12 4.4618 1
459.14 411.5 61.456 56.637 2.5848 1
454.24 454.08 59.124 22.87 2.6484 1
601.71 577.88 43.483 40.325 2.5529 1
624.12 605.38 44.248 43.836 1.3046 1
378.22 372.17 155.47 176.78 2.0636 1
458.87 458.56 24.123 59.12 2.8097 1
425.45 450.35 54.808 58.087 1.9888 1
