136.62 575.37 479 478.98 1.2671 1
638.99 638.97 411.63 147.88 1.273 1
538.17 531.82 122.29 146.01 4.8929 1
530.48 503.94 150.99 250.66 5.113 1
216.98 177.98 360.3 176.07 5.0254 1
449.6 539.15 53.895 121.98 4.3822 1
537.57 588.41 43.503 68.018 4.2237 1
178.45 163.33 179.44 86.348 5.3677 1
616.52 639.31 84.617 89.534 3.402 1
503.94 491.74 250.98 297.9 5.9091 1
581.88 539.24 68.583 48.879 4.7106 1
494.01 531.85 20.645 37.356 4.2326 1
639.21 621.61 92.754 92.214 5.151 1
164.28 449.26 86.763 54.04 6.417 1
603.9 582.28 88.135 69.608 4.0671 1
529.43 491.87 39.667 23.564 3.6105 1
588.06 610.1 69.778 82.115 3.8418 1
182.67 535.42 176.54 121.91 5.4325 1
496.66 220.13 300.54 365.87 12.031 1
639.11 617.74 77.76 80.569 3.3922 1
616.47 639.24 77.969 74.981 3.5554 1
531.98 538.29 38.598 42.857 3.4706 1
620.46 639.42 93.953 103.55 2.8755 1
639.52 604.93 108.48 87.357 5.0397 1
540.89 520.74 49.117 37.247 5.1931 1
609.11 591.44 84.155 75.756 2.4846 1
488.47 491.25 1.2637 15.449 4.1846 1
487.74 480.18 6.7824 0.37869 3.9615 1
487.86 486.87 17.998 7.8507 3.1271 1
194.86 200.34 239.23 265.38 1.7364 1
214.85 219.94 334.24 357.97 1.6623 1
186.52 190.31 199.15 217.89 1.7213 1
517.67 524.67 186.57 160.52 1.5875 1
