638.98 638.99 411.62 149.12 1.2573 1
136.62 574.12 479.01 478.97 1.2822 1
390.06 370.37 175.17 326.79 4.7653 1
373.03 221.51 328.86 352.15 8.5542 1
220.5 193.5 348.88 198.79 4.9972 1
315.67 307.76 10.113 12.479 2.7533 1
327.84 315.59 6.3934 8.1183 9.0315 1
65.921 82.075 47.771 40.068 4.3564 1
193.37 188.85 199.22 100.33 4.4887 1
1.6208 65.413 51.529 48.749 4.5054 1
80.282 90.704 17.757 9.5429 3.3029 1
348.81 389.9 90.524 176.91 4.887 1
51.614 1.6106 55.879 54.784 5.327 1
84.109 68.303 42.845 51.186 4.6671 1
254.13 222.78 1.7147 4.1927 4.4278 1
306.67 285.26 13.546 12.05 3.5666 1
195.39 386.8 196.78 177.12 4.812 1
285.45 317.95 15.979 14.58 3.5853 1
287.92 187.96 38.704 44.397 4.7787 1
318.85 330.39 13.996 11.68 3.435 1
87.826 41.626 56.079 52.861 5.4222 1
104.1 121.59 20.254 16.473 2.5422 1
46.855 61.868 38.337 30.863 2.8046 1
187.63 189.66 46.578 90.408 4.499 1
97.301 96.408 12.822 1.35 4.9812 1
80.078 50.396 29.469 39.189 3.8692 1
62.768 80.265 31.125 27.364 2.7069 1
297.79 306.19 7.6669 4.2898 3.4918 1
177.88 162.86 2.0126 2.3928 1.5658 1
119.82 120.32 1.5297 11.689 4.0508 1
112.13 98.947 7.0549 11.035 6.2317 1
138.06 153.9 20.962 15.925 1.8122 1
173.03 120.54 45.182 52.749 3.0319 1
223.8 212.98 4.0962 1.2312 2.8078 1
477.8 446.71 7.5411 14.501 2.039 1
70.368 95.383 52.502 52.018 1.6371 1
139.22 166.6 47.229 42.71 2.4549 1
107.88 96.594 22.857 22.053 1.7802 1
419.13 387.88 17.875 17.875 1.25 1
382.61 385.75 206.59 182.93 1.4038 1
464.16 476.52 8.034 4.9606 1.8227 1
302.49 293.74 36.838 21.143 3.1707 1
298.68 306.99 21.186 36.425 2.4932 1
367.68 372.05 321.6 287.93 1.676 1
379.12 341.62 17.331 17.715 1.5056 1
376.64 382.17 252.88 209.19 1.696 1
386.63 416.63 15.375 15.375 1.25 1
372.71 375.85 284.11 257.93 1.4414 1
