638.98 638.98 412.87 146.62 1.2525 1
137.87 575.37 479 478.97 1.2806 1
295.99 326.97 147.09 171.19 4.6055 1
204.59 202.55 105.52 76.473 5.051 1
212.56 204.46 264.08 106.54 4.9013 1
565.84 499.56 87.057 252.05 5.1369 1
303.11 213.22 365.17 263.67 4.064 1
328.8 563.38 170.51 88.062 6.8478 1
291.68 295.63 144.05 146.8 3.4806 1
283.58 289.88 138.08 142.35 3.8062 1
203.3 439.42 76.28 29.358 6.0753 1
278.11 283.24 133.86 138.4 4.0506 1
440.12 566.18 29.683 86.361 4.4095 1
241.11 233.71 225.98 204.27 4.0092 1
241.61 234.2 275.76 251.6 3.5038 1
242.21 232.45 140.66 118.06 3.6239 1
281.89 256.54 188.37 179.37 2.8498 1
259.47 273.64 119.95 131.69 7.5086 1
240.16 233.82 167.95 150.48 3.6283 1
284.2 255.36 157.68 146.66 2.7814 1
277.97 253.92 245.14 235.91 2.3339 1
209.03 234.72 106.74 128.42 3.4347 1
261.47 282.88 152.02 160.36 1.9334 1
312.5 296.68 362 370.47 9.5624 1
206 259.35 78.307 119.22 3.767 1
274.97 245.9 293.69 279.34 2.9055 1
238.21 246.11 212.69 226.91 2.4311 1
491.77 309.88 258.46 363.96 10.769 1
236.36 251.89 203.55 209.71 3.4855 1
236.35 249.53 250.98 256.99 2.8941 1
252.92 241.89 236.58 226.34 3.0114 1
261.7 280.54 183.92 191.19 2.5156 1
236.42 251.4 148.49 153.54 3.1836 1
231.92 208.94 130.02 110.59 2.4979 1
234.79 245.59 116.88 121.06 4.6617 1
639.11 605.44 19.246 14.897 3.559 1
251.77 240.89 178.99 167.31 3.0561 1
324.13 258 180.37 127.72 2.4994 1
201.21 214.56 281.2 268.28 10.461 1
242.61 250.34 164.37 172.91 1.9427 1
262.66 276.69 242.17 247.72 2.0819 1
246.96 258.03 227.39 235.15 2.3533 1
258.38 240.19 219.47 209.46 3.6172 1
253.87 274.15 287.17 296.57 2.6304 1
321.11 260.71 203.5 153.72 2.2037 1
325.53 295.28 173.92 150.5 1.5617 1
272.97 300.95 136.5 158.4 2.0065 1
334.66 329.17 177.79 225.52 2.826 1
246.55 215.06 251.69 219.43 2.0681 1
302.48 324.19 159.64 176.54 1.764 1
328.8 319.36 226.58 301.65 2.4805 1
279.14 318.98 165.35 198.05 2.3793 1
208.82 209.73 120.38 150.39 1.2873 1
215.24 239.84 215.51 240.93 2.435 1
318.72 313.5 305.32 345.29 2.048 1
211.62 211.62 171.63 191.63 1.25 1
