136.62 574.12 479 478.98 1.2656 1
638.98 638.99 412.87 146.62 1.2544 1
214.1 180.61 295.38 108.86 4.8013 1
593.68 509.58 237 418.76 6.1125 1
507.49 212.99 421.3 297.61 11.132 1
287.59 618.86 35.466 106.62 5.422 1
180.94 287.82 108.7 35.886 5.3792 1
619.91 596.19 107.56 236.54 7.1218 1
29.424 14.033 13.835 10.847 3.9195 1
35.559 29.588 12.474 13.765 5.6797 1
24.958 27.257 1.3411 8.0856 3.9528 1
183.88 594.32 109.98 228.44 4.1778 1
71.503 1.2131 107.08 88.155 3.8077 1
1.2555 82.444 84.272 105.75 4.5092 1
82.755 1.5799 106.43 155.3 3.6388 1
29.416 72.359 133.37 108.24 3.2926 1
194.93 198 170.45 189.1 1.6397 1
31.406 85.373 57.223 39.118 2.7293 1
141.69 115.47 16.737 31.797 2.6751 1
99.552 120.7 35.128 26.134 1.957 1
3.8096 30.493 70.97 58.12 2.0863 1
113.99 76.867 32.503 46.039 2.3615 1
126.24 143.48 22.908 11.274 2.8473 1
1.421 27.467 150.03 134.68 3.0388 1
