638.99 638.98 411.63 147.88 1.2528 1
137.87 572.87 479.01 478.98 1.2773 1
427.71 404.07 146.4 296.62 4.8141 1
404.23 263.39 298.27 335.06 8.1611 1
335.35 427.59 24.14 146.2 5.0764 1
256.62 239.03 296.63 183.94 4.1268 1
190.41 215.02 28.719 106.74 3.9443 1
19.712 37.979 42.054 38.395 4.6608 1
240.28 424.17 182.37 148.1 4.6246 1
38.207 53.449 38.978 28.728 4.9012 1
85.295 68.016 1.2355 4.8064 3.1664 1
58.034 46.125 28.035 39.879 3.5551 1
49.739 46.331 18.486 7.9701 3.3941 1
13.615 38.43 29.287 17.643 4.1086 1
262.84 191.73 18.8 27.497 3.9992 1
70.33 86.704 7.7125 3.1582 2.273 1
1.5266 17.861 44.422 42.736 3.7302 1
261.23 256.04 331.87 296.9 6.8224 1
40.106 17.65 21.026 31.124 3.7643 1
41.554 5.2537 45.813 48.987 6.6004 1
143.05 89.391 31.275 41.74 3.5332 1
217.45 191.75 176.7 39.101 3.7677 1
100.49 139.25 37.12 28.426 2.6904 1
253.78 217.27 306.37 177.15 3.9216 1
56.711 41.607 46.353 47.674 2.8172 1
282.7 272.51 14.258 0.94874 3.5048 1
277.38 287.59 1.0467 14.347 2.5136 1
126.7 103.15 1.8153 11.074 2.9528 1
270.38 284.19 17.913 15.806 3.0369 1
406.53 423.41 259.11 152.96 1.7905 1
74.168 62.781 10.017 8.6608 2.3346 1
42.866 59.126 43.984 42.888 1.8356 1
