135.37 574.12 478.99 478.98 1.2555 1
185.45 160.18 283.13 167.64 4.5398 1
638.98 638.98 412.88 146.63 1.2528 1
529.22 523.16 128.48 151.03 5.3875 1
521.78 494.8 155.98 254.65 4.802 1
202.57 185.6 361.69 283.8 4.5935 1
489.93 203.37 304.43 361.62 9.8194 1
495.09 481.96 253.71 302.63 5.2418 1
572.08 603.64 62.131 81.635 4.2898 1
160.75 156.76 166.67 82.809 4.6382 1
157.93 446.41 83.441 57.934 5.8195 1
445.6 529.01 56.607 125.77 4.6469 1
611.03 579.67 95.836 69.72 5.4386 1
539.33 570.17 45.984 63.237 4.6611 1
498.55 539.73 24.044 44.131 3.809 1
578.77 545.69 71.066 54.728 3.9292 1
542.7 511.8 50.937 33.808 5.7157 1
510.81 497.91 34.681 26.563 3.9952 1
625.32 639.36 93.064 97.065 3.4324 1
498.67 478.14 11.275 1.0889 3.9402 1
603.54 617.9 82.723 90.329 3.3137 1
162.94 526.67 172.12 126.98 5.4416 1
639.38 611.69 113.74 95.27 4.171 1
485.94 499.52 0.64554 8.443 2.8116 1
497.55 495.77 26.515 11.578 3.6644 1
620.24 639.6 96.833 109.66 4.1274 1
498.83 501.55 8.7096 23.125 4.2198 1
547.6 542.17 54.635 51.676 4.489 1
639.35 629.01 101.65 99.758 4.3645 1
621.62 639.28 86.584 83.846 2.9594 1
165.2 203.98 175.41 352.91 2.0933 1
639.24 625.42 87.381 89.411 3.2003 1
511.42 517.91 181.57 157.89 1.536 1
