638.98 638.98 412.88 146.63 1.2545 1
136.62 575.37 479 478.97 1.281 1
617.22 537.05 90.738 263.16 5.0897 1
537.56 527.84 263.5 265.14 4.3081 1
235 234.22 70.423 44.085 3.5256 1
238.96 235.23 174.18 74.084 3.8935 1
240.75 238.97 224.11 175.34 4.3834 1
234.31 504.23 42.783 21.689 5.259 1
300.4 615.63 136.81 90.862 5.5865 1
249.37 250.69 235.31 214.14 3.588 1
248.46 250.27 186.68 166.62 3.7262 1
250.31 252.28 119.13 134.2 2.6409 1
246.69 248.22 101.63 81.651 4.4078 1
248.01 249.16 134.13 111.63 4.3205 1
251.14 256.45 180.55 195.44 3.2778 1
288.59 240.83 329.37 224.49 4.0804 1
504.49 617.65 21.857 89.496 5.1798 1
529.53 503.43 268.16 275 13.042 1
256.31 249.31 198.86 187.76 3.2903 1
267.63 252.33 97.02 87.507 4.3895 1
255.47 270.44 192.76 205.3 3.5456 1
250.78 265.49 82.258 88.875 4.9583 1
300.7 283.71 329 333.94 10.3 1
275.17 256.01 154.78 143.97 5.3896 1
266.92 254.38 128.75 118.81 3.7149 1
252.75 269.87 134.56 148.5 3.9905 1
255.86 249.31 143.8 134 3.8115 1
297.28 269.18 169.51 126.59 2.7763 1
273.75 254.66 211.61 198.36 5.0758 1
289.92 297.06 324.1 170.34 3.516 1
251.12 262.83 93.173 112.9 2.3873 1
297.63 299.11 164.11 135.44 3.745 1
238.07 246.6 72.743 85.391 2.1212 1
263.65 271.98 112.44 117.27 2.5076 1
274.38 282.66 99.021 119.21 2.5801 1
275.33 259.01 121.71 113.09 2.3336 1
503.39 308.38 275.14 327.59 8.9816 1
258.43 247.22 114.74 102.05 5.0115 1
223.23 241.15 241.52 229.66 8.2669 1
257.66 250.12 247.43 233.7 3.1179 1
309.91 298.48 142.85 321.58 2.6835 1
283.5 297.25 119.55 139.96 2.1172 1
265.75 238.54 87.238 48.28 3.3838 1
297.32 280.01 144.51 119.38 2.1951 1
269.33 294.77 121.5 161.21 2.4012 1
256.69 263.97 240.24 248.02 2.6211 1
277.89 265.19 115.36 98.011 3.0988 1
532.97 530.64 273.11 286.67 5.1759 1
241.46 260.66 176.71 215.23 2.2409 1
272.96 257.64 256.49 247 1.9762 1
303.88 304.74 202.87 176.6 1.4955 1
541.32 554.12 246.48 219.12 1.5153 1
300.38 300.38 264.13 245.38 1.25 1
306.01 306.56 164.11 146.62 1.604 1
256.77 241.02 212.8 181.93 2.1595 1
257.48 242.91 165.59 139.11 1.9749 1
301.66 303.13 239.13 205.39 1.8981 1
574.03 588.18 176.58 145.51 1.25 1
288.25 280.17 220.17 205.49 1.698 1
243.51 252.61 135 150.53 1.786 1
239.13 239.13 82.875 111.63 1.25 1
252.65 269 151.75 180.45 2.4875 1
242.88 242.88 196.63 221.63 1.25 1
274.09 290.59 189.15 219.01 1.6118 1
241.19 241.78 150.39 171.62 1.3538 1
