638.98 638.99 411.62 147.87 1.2621 1
139.12 574.12 479.01 478.98 1.2837 1
407.59 386.96 183.92 336.67 4.6827 1
233.54 204.92 341.5 188.98 5.0621 1
389.17 234.12 339.29 343.79 8.7856 1
389.17 381.5 10.586 12.314 4.4518 1
204.76 225.22 189.49 83.086 4.2476 1
639.11 603.83 6.5152 12.312 4.766 1
157.65 167.46 11.344 3.5979 3.8743 1
142.79 156.76 37.698 30.648 3.9605 1
604.25 639.32 8.6249 2.7772 4.7276 1
126.67 144.16 39.443 36.854 3.3881 1
381.63 355.35 13.611 13.186 3.9516 1
163.38 146.98 28.552 40.848 3.9992 1
1.6226 122.88 41.491 39.304 4.6964 1
129.13 41.626 43.856 43.803 5.0316 1
375.58 407 60.323 184.03 4.3653 1
355.38 235.38 38.203 39.796 5.4971 1
42.855 1.5957 45.787 45.285 4.802 1
352.63 374.13 14.421 17.856 2.9142 1
234.19 227.5 40.387 79.06 3.695 1
206.63 404.15 189.48 185.45 4.6919 1
375.26 400.34 16.935 13.838 3.7217 1
177.82 194.23 13.836 10.976 2.6206 1
185.59 177.89 9.0385 10.435 2.6428 1
127.15 147.82 26.865 20.196 4.0676 1
398.84 389.34 3.1943 6.081 4.7841 1
368.16 355.39 3.6976 1.5188 3.4863 1
156.49 134.24 22.248 27.137 3.8102 1
190.49 174.11 5.2524 4.5173 9.3014 1
327.88 291.63 2.0683 2.3342 2.72 1
170.38 136.6 46.239 45.526 3.67 1
385.63 385.62 340.37 357.88 2.5052 1
365.85 379.53 20.679 55.703 2.9306 1
231.72 196.7 41.262 44.829 2.5907 1
367.55 362.02 36.744 21.483 3.2021 1
204.18 235.45 41.958 37.124 2.1784 1
235.74 212.07 10.093 19.049 2.907 1
562.8 545.29 13.773 17.495 1.9254 1
384.13 399.84 334.13 216.72 2.0365 1
404.11 427.87 15.649 15.244 1.3137 1
469.15 455.39 22.631 21.494 1.7605 1
187.88 171.63 45.375 45.375 1.25 1
450.38 422.87 21.416 20.69 2.6969 1
