135.37 574.12 478.99 478.98 1.2623 1
638.97 638.98 412.87 146.62 1.2596 1
533.49 486.93 124.87 299.21 5.1321 1
159.31 446.74 85.954 56.536 4.9845 1
568.07 597.69 60.049 78.18 4.3726 1
208.94 168 352.92 163.12 6.8518 1
447.05 533.28 56.431 123.95 5.115 1
617.91 639.18 88.97 93.867 3.8384 1
535.17 559.2 44.488 57.746 4.1503 1
560.03 568.44 57.251 61.829 3.5852 1
496.51 535.63 24.381 42.321 4.4005 1
168.73 159.67 162.77 86.412 5.9747 1
599.7 566.84 85.789 63.245 5.1295 1
490.32 213.61 302.63 362.5 10.361 1
639.22 622.81 97.401 96.494 4.1581 1
529.2 498.56 42.709 29.154 4.3301 1
563.18 532.37 63.54 47.593 5.3146 1
498.54 489.32 29.477 22.609 2.3618 1
490.58 488.7 23.015 9.014 3.8047 1
172.96 530.47 174.71 124.77 4.6749 1
490.99 493.3 5.2732 19.261 4.1184 1
617.96 639.16 82.252 79.413 3.2192 1
639.23 619.08 82.418 85.041 3.2859 1
597.79 611.29 79.288 86.036 3.3559 1
639.41 599.39 112.42 87.456 4.9139 1
621.93 639.82 98.532 107.77 3.4406 1
489.15 473.62 7.8153 0.11871 3.9454 1
534.02 527.26 46.857 43.912 4.584 1
496.51 488.7 295.23 301.42 4.121 1
510.12 514.56 200.31 182.99 1.5212 1
271.59 256.63 77.578 79.183 1.6427 1
