136.62 575.37 479 478.98 1.266 1
638.98 638.99 411.62 147.87 1.254 1
196.22 155.55 299.9 121.3 5.1909 1
482.94 196.67 298.95 303.97 9.4094 1
506.79 473.4 144.85 294.24 5.2982 1
513.51 506.88 114.94 143.51 5.6132 1
191.63 467.9 52.046 48.611 4.9442 1
155.04 190.65 120.85 51.766 4.3077 1
468.94 513.33 48.824 115.9 5.0456 1
159.12 510.38 120.91 116.03 4.0617 1
602.62 640.41 33.336 54.309 5.1043 1
634.04 611.16 54.284 42.541 4.0233 1
595.46 567.64 10.056 2.502 3.6026 1
610.48 598.59 42.724 34.355 4.6936 1
571.69 583.06 1.1812 2.884 2.2873 1
582.76 604.56 1.8678 11.938 3.5764 1
602.83 593.61 15.464 10.308 3.2726 1
566.7 546.63 2.5757 1.561 2.6861 1
640.62 629.61 62.228 53.517 5.8838 1
597.99 601.53 30.006 19.093 3.2128 1
605.25 602.07 20.826 28.804 2.8579 1
166.56 176.45 154.14 197.91 1.812 1
178.97 184.43 209.16 232.81 1.4999 1
419.13 352.88 52.875 52.875 1.25 1
