136.62 574.12 478.99 478.98 1.2554 1
638.99 638.98 412.88 147.88 1.2567 1
142.5 394.05 78.328 134.44 5.4058 1
177.01 139.85 232.78 77.403 5.9733 1
448.42 437.58 146.37 230.5 4.6865 1
438.2 384.59 230.99 309.45 4.4041 1
232.9 457.52 36.495 73.779 4.5332 1
457.16 448.29 73.886 146.83 6.2043 1
570.26 611.63 6.5705 2.932 7.2116 1
379.56 184.67 312.57 240.15 9.1125 1
499.22 462.91 4.1434 1.1961 2.9288 1
491.94 639.23 -0.15448 26.014 3.686 1
639.27 496.49 29.566 3.611 4.023 1
411.83 426.05 116.84 103.51 4.2746 1
422.55 440.7 107.98 102.77 4.4722 1
420.26 430.64 180.07 176.08 3.2302 1
401.73 379.2 315.99 312.4 8.5001 1
436.32 421.81 132.16 138.31 3.1413 1
425.11 436.75 132.05 128.27 3.2141 1
145.52 231.9 74.452 37.271 3.6337 1
394.16 411.07 133.01 117.28 4.129 1
440.06 422.87 106.95 112.85 3.9875 1
434.39 433.36 176.64 190.5 3.462 1
612.8 567.93 8.0817 11.226 5.0114 1
429.18 428.7 219.13 234.15 2.8138 1
552.81 535.35 4.5481 1.7714 3.1143 1
440.03 438.51 131.89 144.2 2.926 1
569.3 551.63 4.3522 5.5173 9.2245 1
443.08 439.49 109.2 119.25 3.2824 1
423.5 426.65 235.57 225.38 2.8427 1
535.45 515.38 2.5597 1.5535 2.5594 1
404.36 390.79 151.9 163.36 3.3739 1
427.52 417.58 233.75 243.84 2.0198 1
392.71 383.86 162.79 306.69 5.1042 1
334.24 252.81 124.83 106.91 2.7579 1
251.85 146.45 106.92 82.36 2.5884 1
393.7 392.5 136.53 156.75 5.6627 1
434.92 448.32 238.78 242.54 5.9754 1
422.56 415.4 112.47 120.4 2.8747 1
396.16 419.18 154.92 131.68 1.8923 1
415.08 404.41 140.08 150.66 1.25 1
417.87 402.78 314.03 314.87 4.8539 1
355.31 335.45 129.44 125.03 1.3577 1
