626.72 610.28 17.883 16.584 3.9353 1
467.37 441.52 131.15 294.31 6.8206 1
638.98 638.98 411.63 149.13 1.2544 1
136.62 574.12 478.99 478.98 1.2638 1
442.58 334.25 294.85 355.6 6.0269 1
330.17 465.62 178.53 131.08 5.0264 1
556.75 625.21 0.69967 10.287 4.8026 1
297.83 468.38 58.768 130.88 5.7498 1
605.16 506.63 20.349 2.8564 10.756 1
206.3 184.27 231.49 84.977 6.3475 1
109.53 119.14 9.7522 5.408 4.5562 1
188.17 330.31 85.592 177.97 6.1833 1
620.68 639.54 37.244 40.308 9.8706 1
527.04 502.92 24.082 20.123 4.5486 1
77.324 101.01 15.606 2.8068 5.4363 1
639.18 621.66 26.426 27.304 3.7453 1
639.39 555.51 50.573 29.83 3.7711 1
119.92 131.04 5.4029 1.2865 4.2546 1
639.19 625.42 45.028 42.644 2.2979 1
338.21 210.69 366.29 238.81 9.7219 1
486.6 520.36 16.972 17.427 3.9686 1
539.11 599.38 24.208 36.644 3.0898 1
186.56 299.42 82.552 59.288 5.4286 1
554.33 527.63 30.585 25.386 3.2678 1
501.7 470.29 21.172 15.904 3.0933 1
445.22 485.46 4.6475 16.321 3.0237 1
409.64 391.84 287.59 297.03 1.7474 1
409.26 386.97 246.99 255.07 2.4667 1
30.357 44.164 7.8246 2.9858 3.6705 1
599.06 624.16 36.847 44.007 2.4041 1
407.99 392.91 199.61 203.03 2.3263 1
18.766 30.37 5.5725 1.6095 5.5396 1
326.19 325.58 349.13 192.87 2.7747 1
469.46 438.98 15.566 5.8326 3.3929 1
406.54 426.84 186 183.2 3.2037 1
524.29 538.1 20.982 24.498 2.4227 1
444.25 412.87 145.72 156.62 2.1516 1
380.37 332.96 187.86 205.59 2.6573 1
328.37 328.38 256.62 349.13 1.256 1
431.49 422.6 158.96 166.29 3.5194 1
1.6615 17.986 3.2267 3.8893 4.9452 1
171.09 145.24 16.466 26.28 3.9495 1
406.48 429.06 160.89 156.3 4.9 1
332.77 389.15 202.6 181.68 2.6839 1
406.55 382.94 177.69 186.78 2.0644 1
44.077 53.031 5.2074 5.6056 6.2438 1
421.11 415.03 233.81 243.92 3.4306 1
405.48 419.24 234.71 232.29 2.8944 1
328.38 328.29 206.62 254.13 1.3459 1
446.37 449.64 244.09 221.7 1.571 1
616.62 626.64 22.568 22.482 5.0425 1
172.78 196.64 4.5506 1.7298 2.1219 1
391.49 414.22 279.53 275.97 3.2447 1
359.44 339.8 369.26 363.65 6.8689 1
439.27 440.07 306.36 317.98 7.3967 1
440.26 441.94 285.36 272.92 1.573 1
332.31 330.53 352.85 309.12 3.1064 1
424.16 404.07 161.83 165 2.4028 1
378.15 389.28 173.35 166.89 3.8707 1
499.42 487.87 4.9474 2.9193 5.1408 1
142.34 132.04 29.173 33.795 2.1676 1
630.19 639.26 17.571 16.515 4.1589 1
131.39 113.21 33.68 43.492 3.3 1
214.09 186.69 2.6129 5.9406 2.1804 1
487.69 472.85 3.41 1.844 3.5359 1
111.87 99.096 41.883 43.944 4.3387 1
