137.87 574.12 479 478.98 1.2672 1
638.97 638.99 412.87 147.87 1.2638 1
563.48 521.96 86.092 233.87 5.3006 1
547.92 575.49 23.168 18.548 4.7386 1
503.34 462.02 13.962 0.42486 4.2401 1
579.16 554.94 20.535 25.91 4.0654 1
472.26 524.21 -0.1205 18.881 4.3531 1
287.62 569.6 165.95 57.851 4.9007 1
571.57 564.78 58.343 80.574 5.9416 1
193.06 446.73 79.783 6.9972 4.7518 1
229.16 193.01 253.86 79.829 5.0412 1
554.27 530.27 26.176 24.065 4.8305 1
606.39 586.7 5.851 11.863 3.5865 1
530.4 546.68 20.192 22.494 3.7009 1
582.95 606.4 9.3651 2.1319 3.7738 1
523.45 310.94 234.96 351.2 8.9794 1
548.94 570.97 47.035 56.84 5.195 1
626.64 611.62 5.0008 4.9181 4.9999 1
537.91 579.14 9.5374 11.23 3.5418 1
577.7 585.85 13.832 9.0504 3.0538 1
564.12 540.32 12.646 13.278 3.616 1
299.77 228.69 346.43 252.91 6.5679 1
585.27 575.68 15.153 19.768 4.505 1
536.83 601.63 28.482 49.097 3.3015 1
526.91 541.1 14.946 10.083 3.6477 1
601.78 541.42 52.367 33.518 3.3535 1
575.35 564.15 14.534 13.763 2.8373 1
303.42 286.65 347.94 167.76 3.9125 1
539.5 530.65 13.812 17.318 3.4861 1
588.09 601.67 14.464 17.706 3.0667 1
599.16 585.23 20.227 17.317 3.2141 1
512.73 499.49 20.69 14.592 4.4518 1
540.68 525.4 33.564 25.332 4.4018 1
607.82 636.52 13.459 16.408 2.6146 1
523.05 513.04 25.026 20.034 6.7061 1
639.11 624.35 7.9527 5.3668 8.0344 1
446.58 548.21 7.9961 47.005 3.9608 1
639.15 610.36 18.64 16.868 3.263 1
628.96 602.69 57.527 52.581 2.8315 1
198.15 205.95 89.067 126.51 1.8871 1
594.87 600.13 45.258 22.529 10.306 1
533.82 542.03 180.29 150.49 1.5781 1
266.77 232.72 146.46 115.54 2.7643 1
523.73 531.93 216.52 186.71 1.7783 1
