256.46 256.5 136.63 109.12 2.5305 1
252.71 256.62 310.4 139.07 4.8168 1
638.98 638.98 412.87 147.87 1.2504 1
482.48 422.39 138.63 337.35 5.7922 1
137.87 574.12 479 478.97 1.2743 1
256.13 313.81 108.32 9.6743 5.003 1
454.11 482.49 28.195 140.15 4.1139 1
420.36 253.83 337.99 312.28 7.8196 1
259.02 479.39 108.59 139.75 5.8127 1
315.28 451.75 9.7953 28.181 4.3249 1
252.97 255.12 331.48 314.09 7.75 1
361.75 347.82 181.03 178.15 2.4481 1
365.27 330.59 148.25 138.37 3.2708 1
340.63 365.23 144.64 153.28 3.1867 1
418.21 416.45 339.04 359.11 7.2535 1
405.38 369.08 150.31 148.94 2.9417 1
259.6 255.73 144.14 307.88 2.2923 1
348.08 358.05 182.08 184.71 2.4172 1
259.81 259.26 111.61 135.38 1.687 1
389.13 355.46 240.46 242.82 3.6534 1
397.88 364.12 182.34 182.21 2.5432 1
258.95 256.15 330.84 322.18 5.947 1
377.91 347.95 290.87 292.75 3.5073 1
447.73 417.72 6.5831 2.8676 4.0172 1
370.35 400.37 153.8 154.5 2.9675 1
448.7 455.63 240.25 216.7 1.552 1
351.62 336.6 240.42 238.01 2.6669 1
334.12 264.15 151.69 141.43 2.3588 1
639.13 611.65 4.0961 1.3469 2.115 1
486.62 461.68 1.5775 3.5749 2.3922 1
511.63 494.13 1.625 1.625 1.25 1
