287.72 325.44 12.959 17.361 3.4149 1
324.09 275.35 20.626 14.311 4.1102 1
326.51 389.12 19.883 29.142 3.5268 1
638.99 638.99 411.62 149.12 1.2546 1
427.92 451.85 36.916 33.029 3.3007 1
139.12 574.12 479.01 478.97 1.2864 1
269.2 286.86 7.6522 13.414 3.9276 1
451.75 431.65 35.941 40.465 3.7804 1
388.13 315.36 32.345 21.753 4.7446 1
271.41 239.65 321.41 164.76 6.3403 1
478.72 463.99 13.375 21.37 3.7984 1
463.9 479.46 17.408 9.7696 3.8753 1
387.54 415.08 29.371 35.476 3.6664 1
414.12 426.65 35.461 36.066 2.6178 1
448.49 458.04 32.88 28.223 2.8239 1
274.56 257.25 13.947 0.80571 3.9469 1
412.98 389.02 40.018 33.258 4.7823 1
396.54 270.91 398.47 321.99 7.5215 1
1.344 35.112 9.2819 0.60216 4.152 1
460.38 452.27 30.379 35.705 3.1343 1
238.68 415.64 164.09 47.022 5.1966 1
162.78 115.58 8.8551 24.726 3.2173 1
426.35 413.89 42.482 38.468 6.6758 1
421.39 450.32 26.552 21.33 3.8106 1
124.05 176.43 18.896 1.0433 3.0663 1
192.45 162.99 0.090931 8.2728 3.0778 1
435.16 420.07 26.094 32.104 3.7207 1
488.96 425.38 55.089 44.096 3.816 1
405.82 555.9 228.33 75.895 6.3317 1
456.63 434.13 25.653 25.858 1.4428 1
432.91 479.14 42.639 50.275 2.9179 1
508.06 505.81 1.0155 9.5677 5.4714 1
1.2321 123.19 44.736 19.369 3.9944 1
624.07 639.28 28.774 26.385 3.3677 1
552.81 460.38 74.426 55.341 4.2178 1
481.61 502.88 20.831 21.553 1.801 1
115.15 1.194 24.304 48.331 3.9788 1
507.84 481.54 14.176 14.945 9.0022 1
550.02 531.32 102.25 187.81 6.0662 1
263.28 270.74 1.0804 6.5757 3.761 1
531.11 521.93 190.26 231.41 5.1522 1
597.93 555.35 18.926 17.322 2.5923 1
569.13 604.13 15.379 15.253 3.7409 1
525.41 401.03 230.08 396.18 6.9568 1
555.94 549.12 78.59 103.22 6.0778 1
639.14 619.13 30.73 30.929 3.9356 1
47.66 1.12 0.83626 13.522 3.9505 1
477.89 466.67 27.774 26.307 2.803 1
629.28 616.82 13.643 9.7386 2.4564 1
242.42 402.77 165.2 233.13 4.0132 1
603.37 618.29 15.207 20.455 8.2538 1
620.33 639.32 8.0946 11.915 2.7049 1
614.5 599.09 24.497 17.949 3.1065 1
569.14 559.1 63.996 63.208 1.833 1
551.58 539.14 16.416 19.204 1.8144 1
547.92 584.09 58.75 63.152 2.9022 1
516.63 542.93 4.0928 5.8128 2.5525 1
558.09 540.26 62.95 59.758 2.2769 1
475.48 478.24 47.89 28.816 5.8561 1
531.58 551.66 27.731 21.729 2.5185 1
556.64 597.74 89.068 97.308 2.7026 1
616.51 630.62 14.592 18.154 3.6476 1
602.89 555.3 101.57 92.005 2.2418 1
505.38 484.13 23.576 23.77 2.6142 1
416.61 440.4 46.757 50.197 2.4743 1
551.89 533.11 25.164 30.041 2.373 1
496.6 522.86 53.446 54.42 1.4808 1
516.61 491.62 56.909 55.403 1.7739 1
639.25 607.71 108.45 102.52 2.0059 1
526.61 536.64 15.008 14.644 1.5214 1
399.13 399.13 337.88 365.38 1.25 1
