638.98 638.98 412.88 146.63 1.2529 1
137.87 575.37 479 478.97 1.2738 1
602.08 527.61 103.24 275.97 5.0444 1
220.36 493 56.396 35.8 4.8646 1
527.42 330.71 277.2 328.11 11.788 1
230.4 220.66 234.12 87.773 4.5646 1
275.32 600.56 148.73 104.2 5.7503 1
228.82 233.22 141.55 123.6 4.2893 1
220.33 218.95 82.946 57.816 4.7056 1
236.67 236.15 184.13 197.86 2.2008 1
233.95 232.76 131.61 144.11 2.0071 1
234.49 238.28 237.98 224.24 3.8213 1
226.09 231.4 112.72 94.06 3.4406 1
231.83 235.58 194.18 179.18 3.6407 1
238.93 238.37 231.62 244.15 2.6652 1
232.69 230 100.34 112.79 2.9723 1
493.28 601.63 35.975 102.87 4.6613 1
234.07 245.49 95.479 101.39 5.0545 1
261.51 230.94 312.92 234.39 5.4487 1
237.22 229.38 156.29 142.18 3.6415 1
251.59 236.64 142.92 130.35 4.5228 1
245.65 235.13 107.44 100.75 4.2187 1
283.49 270.42 338.37 343.01 8.3219 1
239.29 231.22 214.06 193.79 4.8803 1
235.04 251.13 198.18 215.83 4.2931 1
234.8 250.35 147.31 160.4 4.023 1
330.34 289.45 327.73 337.92 9.4246 1
272.8 272.5 194.14 164.12 6.1509 1
255.13 237.85 167.53 156.67 5.9885 1
272.8 272.84 162.88 147.87 3.7779 1
272.95 272.95 230.38 195.37 3.7507 1
254.9 238.61 222.25 209.8 4.5542 1
239.1 250.14 121.66 129.46 4.3861 1
272.95 268.66 338.64 326.79 8.4304 1
244.18 220.94 98.584 59.535 4.0914 1
215.05 230.22 248.54 240.1 6.9156 1
272.84 272.89 326.63 230.38 5.0441 1
528.96 568.08 265.3 174.21 1.9581 1
522.6 523 282.77 295.41 6.1291 1
267.29 262.11 326.85 313.16 4.8345 1
223.35 228.41 85.768 95.738 1.7307 1
299.08 252.91 53.593 57.101 1.6406 1
569.26 576.81 171.68 154.2 1.25 1
249.17 240.77 194.08 186.2 3.7044 1
272.52 261.1 146.83 126.93 3.4123 1
254.34 248.91 115.21 108.04 2.7475 1
250.34 222.8 57.357 59.146 2.0089 1
241.64 249.18 250.36 257.82 1.8045 1
284.12 284.12 192.88 211.63 1.25 1
251.64 242.38 124.12 107.46 1.945 1
254.85 249.24 207.54 195.32 2.4593 1
271.57 261.59 344.17 344.59 4.9956 1
