460.74 427.15 162.68 313.27 4.2248 1
638.98 639 411.62 146.62 1.2747 1
139.12 574.12 479.01 478.98 1.2788 1
325.37 460.01 41.768 163.41 6.0763 1
428.85 298.05 307.94 357.55 8.261 1
253.01 240.47 11.433 2.7321 5.847 1
8.6577 16.556 14.346 31.067 3.9246 1
220.58 199.06 200.34 66.434 3.9446 1
199.34 239.61 63.991 127.57 4.7874 1
239.3 233.33 4.3193 9.6315 4.4635 1
39.813 49.507 0.47671 27.388 7.7644 1
7.26 4.5611 34.207 13.901 4.8702 1
23.253 22.051 27.813 20.51 3.4971 1
21.928 12.365 20.227 0.65295 4.5182 1
19.083 4.5666 27.898 1.3832 2.7931 1
11.377 18.99 75.153 67.736 3.6043 1
185.95 160.72 9.5352 17.685 8.3265 1
6.963 9.8193 47.031 35.873 3.6618 1
261.65 251.2 10.433 14.201 7.6729 1
228.82 220.3 219.26 199.86 7.0046 1
298.91 291.57 353 340.41 7.5565 1
250.92 244.87 15.168 18.079 3.4228 1
1.3821 12.723 79.799 75.015 3.2751 1
21.579 6.8851 71.567 83.203 4.86 1
299.45 294.02 345.41 211.63 3.2395 1
233.07 325.57 57.731 41.487 5.4412 1
17.424 5.6257 62.228 47.672 3.9354 1
239.24 267.87 23.282 15.367 4.1532 1
107.68 146.28 12.589 7.658 6.4126 1
244.15 225.38 18.261 18.521 3.9232 1
236.31 242.59 13.294 10.882 3.9489 1
291.59 229.69 339.79 219.44 4.9543 1
1.2611 6.4262 1.8146 11.729 2.6542 1
87.862 99.147 17.634 17.039 3.4812 1
69.622 53.109 13.266 3.7194 3.1283 1
234.26 220.4 7.3715 8.2753 3.5793 1
426.1 457.12 304.29 165.49 2.1399 1
99.467 108.69 16.556 13.884 5.1504 1
37.144 25.337 31.623 36.535 7.977 1
121.45 94.382 15.799 21.577 3.0633 1
160.55 124.21 17.644 13.428 3.9583 1
295.38 332.89 210.38 200.44 4.4084 1
154.11 172.88 2.0859 2.529 1.6627 1
105.45 61.619 69.472 79.098 3.0978 1
142.92 162.9 11.285 13.972 3.2164 1
219.24 201.61 59.8 62.765 4.3198 1
257.61 236.09 49.395 28.392 2.8989 1
64.288 99.253 74.871 67.21 2.3254 1
141.63 129.1 4.0289 3.2331 2.5742 1
239 264.16 25.502 50.355 2.6353 1
14.133 1.6048 87.64 87.203 1.5542 1
