288.03 325.28 31.978 38.417 4.2422 1
265.85 241.14 343.86 185.06 4.609 1
314.04 270.49 39.643 32.195 4.0855 1
325.21 410.58 39.92 58.148 4.5599 1
369.08 326.54 51.893 44.648 4.0897 1
638.98 639 411.62 149.12 1.2687 1
139.12 575.37 479.01 478.98 1.2764 1
265.15 287.6 26.154 32.57 4.4638 1
442.95 369.55 73.891 51.494 4.8438 1
240.63 416.69 184.52 71.729 4.4243 1
553.26 514.58 107.32 255.49 4.7789 1
408.06 554.88 255.59 104.86 5.0024 1
256.82 229.02 18.426 10.772 4.3669 1
237.89 258.82 9.0726 16.262 3.2491 1
419.11 440.37 60.161 58.987 2.7031 1
270.41 255.52 31.923 20.195 4.2238 1
461.34 461.27 10.388 1.6076 5.0507 1
441.57 424.19 62.205 63.628 3.7375 1
393.33 265.36 421.34 342.9 7.5634 1
438.7 450.34 58.694 54.031 3.9509 1
453.86 440.54 56.031 61.998 3.6966 1
501.66 498.27 20.159 39.195 5.4934 1
1.2262 56.467 13.641 0.93789 4.6904 1
227.89 202.88 11.296 11.768 2.8534 1
470.52 466.21 0.80064 13.104 5.6669 1
546.32 547.32 17.96 6.8009 4.5301 1
255.97 266.44 15.892 24.357 3.5159 1
195.34 236.62 9.3166 8.6081 3.6851 1
187.79 117.99 13.829 33.282 3.77 1
515.48 426.73 256.7 379.55 5.642 1
556.05 555.86 25.365 36.612 3.2119 1
473.39 481.94 38.958 1.1308 9.8704 1
455.18 471.78 43.712 35.704 4.0413 1
464.07 444.04 76.926 73.347 2.6809 1
109.1 154.01 32.775 19.989 3.589 1
204.09 189 12.563 14.201 3.0538 1
154.13 194.34 19.147 10.081 3.3119 1
472.63 458.11 39.793 45.941 3.6289 1
504.43 500.86 1.436 19.223 4.1688 1
526.1 544.68 20.855 41.113 2.7635 1
327.56 313.15 44.15 40.543 4.2434 1
424.01 465.57 65.936 74.415 3.2239 1
449.07 420.3 49.697 51.831 3.6947 1
117.85 1.3384 33.951 53.683 4.1841 1
497.87 475.34 41.131 41.394 7.6896 1
419.03 450.39 48.739 46.883 3.5219 1
426.09 403.38 379.64 411.09 4.7854 1
551.14 454.26 104.86 81.076 4.5794 1
476.63 492.87 47.517 47.884 1.4752 1
242.87 407.35 185.38 259.05 3.9247 1
535.89 521.46 36.005 19.266 3.1345 1
513.26 514.72 1.588 16.808 5.8636 1
1.4813 107.99 49.482 32.356 3.6833 1
403 398.06 411.4 418.02 7.0101 1
413.53 421.5 52.67 47.681 3.0486 1
639.19 609.09 65.184 64.486 5.2595 1
71.474 1.4121 1.0131 18.26 4.6679 1
485.37 501.64 1.7449 2.1453 1.5879 1
611.62 626.72 60.252 59.234 4.0778 1
463.81 459.76 17.775 11.232 4.3511 1
590.07 603.64 46.778 52.223 7.8915 1
571.45 546.67 50.223 46.326 3.5799 1
556.58 590.29 44.842 46.837 4.7697 1
610.34 591.1 64.17 50.593 4.0235 1
244.74 261.77 187.78 297.85 2.4975 1
537.29 528.25 5.6458 11.012 6.4495 1
492.92 463.01 82.631 77.164 2.1159 1
466.84 470.92 72.923 54.931 6.486 1
524.09 535.58 32.962 37.336 2.2237 1
563.35 557.34 6.7713 26.462 3.5865 1
618.05 631.27 43.744 49.884 2.1689 1
497.91 477.89 50.156 50.789 1.518 1
543.02 562.92 86.935 90.091 2.7243 1
530.39 542.91 15.147 16.177 3.1065 1
565.27 543.91 94.643 90.162 2.1301 1
604.02 616.62 48.248 51.652 3.3919 1
407.74 394.97 262.86 412.84 3.0214 1
417.79 431.55 72.092 74.524 1.8094 1
631.61 604.04 35.512 32.344 3.4826 1
540.46 530.22 21.831 20.965 6.7542 1
