135.37 575.37 478.99 478.98 1.2651 1
638.98 638.97 412.88 146.63 1.2622 1
197.56 159.39 287.94 103.81 5.3912 1
592.88 478.71 109.91 415.22 5.4726 1
275.04 592.44 35.58 108.53 4.6712 1
476.33 194.68 417.28 289.16 10.454 1
159.33 274.85 103.23 35.358 4.4618 1
50.366 39.083 13.899 14.371 4.0081 1
164.18 546.95 105.19 224.33 3.9362 1
76.238 1.12 104.19 82.092 3.8784 1
1.5323 87.472 78.196 103.02 4.1889 1
87.046 1.027 103.89 151.8 3.6496 1
1.5824 76.182 146.55 105.81 3.2776 1
21.699 54.136 65.547 51.65 2.2967 1
90.571 120.76 41.006 31.614 2.5462 1
133.13 155.75 25.806 12.243 2.36 1
55.396 87.827 51.691 41.474 2.1398 1
153.22 133.39 17.211 28.754 2.2414 1
133.99 100.35 28.769 41.566 2.5018 1
169.59 152.69 2.1279 17.777 2.4801 1
57.631 36.743 53.517 61.918 2.0798 1
156.32 166.32 11.319 1.3185 1.25 1
