638.98 638.97 414.13 146.63 1.2592 1
136.62 574.12 479.01 478.97 1.2852 1
561.03 488.22 120.88 302.51 5.3315 1
158.48 171.37 83.458 70.128 4.6396 1
180.32 487.82 29.914 38.646 4.6306 1
170.43 161.44 75.731 87.739 3.7512 1
486.78 181.69 304.85 319.23 11.435 1
159.65 159.37 96.64 82.896 5.1522 1
191.63 162.87 314.31 120.01 6.0444 1
163.68 163.41 86.573 95.392 3.8257 1
487.22 561.73 38.46 121.41 5.4948 1
166.31 160.52 105.21 96.901 4.5968 1
166.62 559.12 119.99 122.12 4.4018 1
162.59 165.56 120.56 104.93 5.6135 1
167.45 170.66 96.315 78.946 4.6896 1
171.99 179.42 70.209 30.666 5.0705 1
487.73 520.74 295.32 213.02 1.874 1
481.94 473.01 313.61 329.88 4.4904 1
521.78 528.65 210.44 192.69 1.617 1
402.87 330.38 39.139 37.534 1.7201 1
244.13 209.13 34.125 34.125 1.25 1
325.38 294.13 36.625 36.625 1.25 1
455.38 416.63 40.375 40.375 1.25 1
