638.99 638.99 411.62 147.87 1.2518 1
221.83 192.65 350.1 197.44 4.5503 1
137.87 574.12 479.02 478.97 1.2902 1
396.89 376.9 198.99 349.33 4.5741 1
192.28 222.79 197.19 94.1 4.3148 1
1.585 136.65 41.67 43.793 4.7833 1
385.58 378.63 12.001 15.706 3.3464 1
377.28 396.67 76.718 200.17 3.918 1
116.69 74.119 46.674 45.601 4.6205 1
72.895 1.5696 46.975 45.425 5.7595 1
401.88 393.95 22.609 24.697 5.4714 1
172.21 182.68 16.208 8.8483 3.8979 1
139.38 165.6 44.173 39.047 3.9482 1
339.99 326.37 9.1344 11.229 7.2229 1
172.68 154.5 38.669 46.262 3.8523 1
187.06 186.65 11.608 1.5232 5.0463 1
208.91 209.43 1.4922 10.43 6.4572 1
417.83 411.56 1.1239 17.369 5.2977 1
325.54 307.84 10.829 12.524 3.9042 1
237.08 226.99 48.002 84.228 3.7496 1
189.19 209.14 19.854 18.086 2.2697 1
394.13 371.63 25.418 25.504 3.8262 1
367.86 237.85 50.093 47.79 5.2206 1
289.68 308.91 1.3629 8.4629 4.204 1
374.12 221.63 353.25 351.83 9.506 1
155.35 117.82 49.596 47.643 4.5892 1
209.15 189.1 12.635 12.344 11.321 1
172.17 171 32.925 16.404 4.9875 1
307.29 288.3 11.03 4.1968 3.3415 1
377.89 412.9 29.331 26.971 3.7415 1
378.74 369.08 14.903 13.093 2.7532 1
254.12 289.14 4.0898 1.817 3.1425 1
196.6 394.15 197.1 199.73 4.7663 1
287.92 266.52 4.8832 6.2484 2.7079 1
265.41 247.82 7.2875 6.3326 3.3775 1
168.92 141.36 27.089 34.353 3.8793 1
137.4 168.98 32.436 23.597 4.3337 1
196.62 150.37 51.803 50.68 2.5903 1
155.38 185.38 47.77 48.855 2.7242 1
383.71 373.64 67.998 33.9 3.1871 1
377.49 388.44 32.994 68.09 3.1934 1
249.5 229.36 17.683 24.79 2.2194 1
361.55 362.54 20.368 9.0955 2.1574 1
375.94 375.57 355.36 370.38 1.4955 1
205.39 195.37 21.978 22.069 2.4999 1
234.14 209.08 49.396 50.693 2.0443 1
198.73 202.05 211.7 229.04 1.5152 1
376.38 385.88 329.09 256.69 1.7092 1
386.44 392.06 252.85 210.43 1.8956 1
373.78 375.95 348 331.7 1.6559 1
217.94 235.46 48.382 46.04 1.8156 1
470.39 439.16 36.5 33.774 2.1645 1
