638.98 638.99 411.62 149.12 1.2523 1
137.87 574.12 479.01 478.97 1.2836 1
225.52 196.08 351.6 198.75 4.6548 1
400.06 380.15 194.08 349.1 4.6691 1
195.62 222.66 199.82 90.323 4.5397 1
374.35 399.63 70.331 197.53 4.1801 1
1.6231 129.12 46.409 45.271 5.4909 1
130.57 160.5 46.26 39.681 4.4414 1
169.05 161.43 32.805 41.45 3.1473 1
162.78 145.86 41.373 47.893 3.7664 1
377.91 226.62 351.78 353.88 7.965 1
409.3 404.27 1.1427 12.38 4.3241 1
164.31 173.86 16.883 10.011 3.6502 1
107.88 47.824 48.127 49.817 3.7997 1
46.645 1.587 50.651 49.727 4.794 1
163.36 164.7 26.696 17.591 4.0741 1
332.02 319.05 5.8312 8.8041 7.1085 1
197.88 396.64 198.43 197.15 4.3383 1
319.33 307.99 7.8633 9.7874 5.3476 1
201.15 202.59 1.3422 11.665 5.1248 1
398.75 384.29 16.61 20.916 8.6149 1
235.53 205.36 47.905 51.47 3.1375 1
156.25 130.8 28.172 38.305 4.2034 1
136.64 106.65 50.365 49.937 6.4632 1
130.41 153.87 34.226 25.903 3.8374 1
360.38 236.62 47.049 47.384 6.2669 1
179.66 178.69 10.316 1.3995 5.2419 1
233.37 225.9 50.201 82.709 3.294 1
384.09 360.28 22.128 20.701 3.5189 1
372.84 405.47 26.364 22.453 3.8721 1
184.11 201.56 20.291 17.452 2.2667 1
202.85 181.54 13.168 11.342 11.636 1
389.58 385.12 16.003 12.76 4.5032 1
260.42 245.39 5.3624 5.8632 2.5403 1
194.12 140.36 52.169 51.622 2.5381 1
150.38 176.63 48.802 49.068 1.3766 1
246.61 274.11 2.5796 1.3781 1.7944 1
284.14 261.58 3.1403 4.75 2.4937 1
307.46 284.92 11.638 4.2473 3.9337 1
378.91 378.94 352.87 375.38 2.5219 1
299.1 309.1 6.3623 6.5921 2.6717 1
378.45 365.64 65.184 26.536 3.5665 1
284.34 299.04 0.77515 4.4721 2.7294 1
370.63 382.78 28.212 64.156 2.8707 1
200.95 211.95 206.75 264.06 1.8464 1
392.58 395.77 226.59 202.93 1.3105 1
386.65 390.19 274.13 242.85 1.6641 1
