535.86 501.36 69.98 246.33 5.4952 1
135.37 574.12 478.99 478.98 1.2537 1
638.97 638.98 411.62 146.62 1.2585 1
207.23 159.74 271.46 101.1 4.3943 1
238.57 533.37 182.67 70.414 5.9644 1
160.8 418.48 100.55 23.645 5.9832 1
489.23 535.15 52.58 68.523 4.8705 1
504.18 275.76 247.97 371.28 10.082 1
274.97 269.99 371.33 357.2 8.3198 1
525.48 569.36 37.551 32.353 6.2239 1
575.05 548.14 31.915 41.149 5.4707 1
600.52 608.58 17.942 0.23965 9.7209 1
592.84 577.98 21.516 26.908 4.1692 1
569.42 600.95 27.306 13.8 5.7475 1
267.37 206.93 358.22 271.03 4.9954 1
637.79 632.67 1.2028 17.416 4.7049 1
272.04 236.45 355.54 180.41 4.4725 1
547.9 529.11 40.419 40.062 2.7605 1
440.86 399.62 12.516 0.0088224 4.8616 1
441.57 471.29 10.573 19.064 3.0905 1
555.37 522.62 26.568 31.047 5.0182 1
480.38 441.32 24.097 14.056 3.0095 1
1.0733 43.064 9.2295 2.8743 11.31 1
43.977 56.589 2.9753 1.3484 2.9592 1
471.71 487.61 18.849 23.724 2.5642 1
487.88 513.91 24.111 34.654 3.0647 1
516.43 481.45 38.376 24.58 3.2102 1
416.12 441.47 -0.29586 9.5169 4.5116 1
91.464 1.2764 6.9169 22.047 4.4932 1
76.476 1.4103 0.86179 15.526 4.1313 1
630.65 614.19 19.59 17.362 9.5741 1
145.29 88.945 0.93815 7.6079 3.7747 1
418.37 448.75 23.408 36.254 5.5789 1
527.61 546.85 26.503 22.798 4.3457 1
549.3 523.01 53.649 43.768 4.0919 1
1.538 76.468 18.62 5.7113 3.0954 1
235.45 162.34 180.31 103.39 4.3956 1
561.6 550.27 56.72 53.211 3.2119 1
76.661 119.03 5.6826 0.77211 3.1127 1
589.57 594.64 57.457 32.473 9.0726 1
165.32 171.76 109.14 132.84 2.1905 1
586.4 561.96 63.662 56.701 3.4393 1
604.24 624.2 26.52 28.224 5.1946 1
532.97 588.05 43.811 59.755 4.0453 1
591.63 579.35 34.103 31.704 3.7088 1
566.59 556.55 28.605 28.092 2.5605 1
518.14 523.13 142.67 119.18 1.9658 1
639.62 631.59 27.642 31.553 3.7924 1
625.16 585.42 71.513 63.905 3.7883 1
547.76 571.54 22.875 25.036 3.9616 1
172.54 178.05 135.47 155.33 1.8732 1
508.14 516.85 195.43 150.42 2.5319 1
583.02 594.23 28.082 29.588 2.8105 1
449.16 467.68 36.549 44.579 2.7909 1
