586.2 507.62 134.63 310.96 5.064 1
638.97 638.99 412.87 147.87 1.2636 1
136.62 572.87 479 478.97 1.2705 1
205.15 195 91.99 108.9 4.7178 1
206.17 202.11 182.76 198.93 4.5408 1
201.77 197.88 127.61 144.13 4.2948 1
195.56 201.18 110.28 121.21 4.447 1
212.97 206.95 224.17 235.55 3.3149 1
194 198.98 142.07 125.81 5.8036 1
198.92 208.51 143.84 158.28 4.1568 1
198.38 209.76 190.68 172.01 5.2846 1
190.45 205.23 105.44 87.947 4.9894 1
213.77 211.65 211.73 180.46 4.5654 1
194.21 191.61 120.36 105.38 5.3038 1
506.94 212.65 312.29 341.93 11.453 1
202.16 210.48 236.92 221.68 4.7883 1
209.15 198.56 215.78 199.92 5.5545 1
203.21 210.64 199.18 211.46 4.5287 1
216 214 239.31 218.89 4.6114 1
200.49 198.63 201.83 191.49 3.568 1
212.01 210.51 176.7 160.48 4.1957 1
209.45 194.46 163.85 146.15 5.502 1
206.96 207.1 236.62 247.87 2.5613 1
209.51 208.38 146.7 133.04 4.7764 1
200.83 195.4 126.11 120.26 3.7966 1
207.54 205.67 122.99 96.693 4.4478 1
205.01 202.67 87.979 51.558 4.3822 1
204.85 202.77 252.78 236.64 4.4795 1
214.12 584.19 145.26 135.1 5.0118 1
498.26 587.21 53.827 134.85 5.8688 1
204.11 497.88 51.796 54.309 4.8191 1
207.6 215.23 247.53 260.46 3.3696 1
221.88 215.81 336.69 240.27 4.5272 1
215.82 205.56 266.3 252.41 4.8119 1
502.55 496.73 321.46 332.94 6.1409 1
506.9 576.8 305.5 147.95 1.8775 1
222.37 227.54 152.84 257.83 2.5191 1
222.86 222.38 220.38 196.64 1.5053 1
215.37 215.37 179.13 199.13 1.25 1
190.58 201.12 245.7 239.06 5.9531 1
224.84 223.93 260.39 231.63 1.5644 1
410.38 300.38 56.625 56.625 1.25 1
580.39 560.37 138.22 138.86 1.7276 1
527.88 487.88 140.39 140.41 1.259 1
