135.37 575.37 478.99 478.98 1.2521 1
638.99 638.97 412.88 147.88 1.2623 1
543.06 518.45 121.35 217.7 5.1538 1
550.29 542.88 92.237 122.26 5.7854 1
225.34 548.28 167.73 92.087 4.8034 1
446.96 550.87 34.533 91.745 4.2787 1
495.98 535.45 23.236 38.924 3.4554 1
177.99 446.99 83.487 34.915 4.9894 1
449 500.55 3.2226 22.402 4.0064 1
518.19 508.67 218.88 255.58 4.8861 1
484.45 463.18 19.431 12.008 3.2938 1
521.82 493.39 37.401 25.943 4.6191 1
554.11 522.87 50.413 36.633 4.1369 1
510.58 257.36 268.48 355.02 9.9714 1
586.7 630.46 61.741 59.418 5.5123 1
632.94 585.51 62.518 65.942 5.6298 1
536.34 567.62 38.416 54.61 3.5659 1
462.61 446.72 12.222 5.1545 3.4308 1
508.5 506.15 256.21 266.8 6.3724 1
253.95 248.41 352.28 330.56 8.4795 1
182.39 177.26 98.85 84.693 8.7546 1
250.5 223.27 329.32 170.09 5.2219 1
629 639.11 52.653 53.214 2.7695 1
611.3 562.47 82.307 58.722 4.2728 1
585.13 639.28 67.246 88.736 3.6705 1
215.73 180.29 265.57 100.12 5.4174 1
582.86 616.62 49.66 48.888 3.6062 1
629.14 584.17 53.775 51.801 4.4043 1
616.73 628.08 49.742 51.603 2.8922 1
639.31 630.69 57.183 60.061 5.1386 1
639.36 612.07 92.274 81.717 3.6083 1
493.4 484.34 25.871 19.535 4.704 1
221.98 184.85 165.86 97.589 5.265 1
245.04 217.24 331.25 263.65 4.7555 1
79.127 1.5708 1.6659 5.5403 3.9959 1
1.6244 20.367 1.6563 2.0216 1.4446 1
