638.98 638.99 411.62 149.12 1.2629 1
137.87 574.12 479.01 478.98 1.2742 1
392.53 375.17 165.34 316.6 4.52 1
226.81 195.9 342.84 192.51 4.6602 1
376.74 227.88 318.54 345.4 8.1373 1
344.84 391.46 75.651 165.46 4.1408 1
283 324.16 6.4705 1.932 3.874 1
60.29 76.969 42.298 32.193 3.9176 1
46.477 61.491 44.774 41.079 3.0629 1
196.16 186.91 194.28 90.35 4.0676 1
306.64 280.42 2.203 3.0453 3.0204 1
71.714 81.669 11.726 2.9248 3.9628 1
50.378 1.6153 51.158 50.891 5.1299 1
197.92 389.11 191.95 167.77 4.7023 1
1.5997 40.39 47.091 45.838 3.7884 1
92.964 112.72 14.495 9.7335 2.4742 1
183.47 187.73 38.956 85.388 3.7343 1
77.615 60.963 36.198 46.341 4.5517 1
284.18 184.2 29.78 37.574 4.8073 1
112.83 90.502 5.6172 6.712 10.355 1
37.154 62.612 33.776 22.293 4.0003 1
73.129 72.586 22.983 11.699 3.6256 1
62.81 47.915 26.443 31.739 2.9315 1
85.364 50.356 50.248 49.921 3.7381 1
164.24 115.5 38.584 46.177 3.2712 1
62.87 94.079 47.8 45.881 1.9583 1
130.51 155.37 41.105 36.571 2.3511 1
151.66 134.22 9.2325 15.627 2.2675 1
292.12 301.68 10.815 27.111 3.3474 1
297.58 287.74 28.043 10.984 3.0022 1
406.62 381.63 5.3641 5.525 1.3224 1
372.59 388.13 310.34 175.4 2.1072 1
201.21 206.59 201.71 229.13 1.4904 1
332.88 357.88 1.625 1.625 1.25 1
97.888 86.606 48.199 48.662 1.608 1
336.74 325.76 62.816 40.807 1.6745 1
380.38 402.88 2.875 2.875 1.25 1
