178.29 138.66 269.97 106.43 4.998 1
136.62 574.12 479 478.98 1.2698 1
444.11 449.17 220.38 239.11 4.0771 1
638.98 638.99 412.87 147.87 1.2599 1
448.01 454.57 175.87 190.73 4.2007 1
460.09 459.52 140.43 150.33 3.7438 1
455.18 443.69 191.51 210.86 4.7733 1
453.85 461.28 129.3 140.6 3.4926 1
457.26 464.72 103.24 115.77 4.2967 1
438.37 177.4 325.39 272.72 10.318 1
140.07 438.94 105.6 139.5 6.0438 1
440.51 428.32 137.75 250.29 4.8244 1
462.57 458.93 75.052 92.574 6.5789 1
458.59 450.2 148.45 158.98 4.5039 1
447.57 439.65 238.46 251.17 4.6446 1
460.54 459.38 94.001 104.15 3.0474 1
424.98 421.34 287.82 316.59 6.5141 1
286.61 461.51 60.55 74.31 5.4595 1
482.6 510.45 5.579 2.2822 5.6189 1
433.45 440.73 224.31 219.69 2.8251 1
440.55 448.26 205.56 198.28 2.8275 1
452.33 450.15 157.67 176.6 3.8207 1
428.21 424.3 250.41 286.78 3.6774 1
451.65 367.88 2.7105 1.1374 2.8281 1
445.88 444.6 209.03 219.18 3.1086 1
447.47 443.41 116.91 128.88 3.1696 1
455.86 452.04 92.623 104.26 3.1358 1
416.64 321.6 7.6749 2.1229 5.0644 1
480.49 461.59 3.764 4.8221 6.5197 1
446.62 417.78 10.442 7.518 3.244 1
517.93 481.73 5.8606 10.025 4.253 1
586.64 639.18 27.682 30.565 3.5918 1
594.12 446.89 31.65 9.8624 4.1311 1
417.84 449.17 4.4678 7.3842 2.4892 1
449.13 443.86 136.16 150.28 3.5131 1
450.34 586.63 6.8795 26.624 4.1266 1
639.18 594.16 34.116 32.088 3.5324 1
320.4 305.38 1.8232 1.5136 1.2755 1
141.66 202.81 102.93 62.777 3.0399 1
160.99 176.52 184.28 249.15 1.6607 1
423.96 427.57 201.61 162.85 2.6919 1
297.79 144.01 127.35 110.16 2.5782 1
418.78 423.8 256.59 202.84 2.3404 1
435.84 429.19 259.23 287.89 3.0003 1
152.64 160.36 150.43 181.63 1.2762 1
436.59 427.82 318.86 319.97 2.1668 1
427.31 429.63 161.72 145.45 1.1434 1
377.86 416.62 3.3924 4.2963 1.6285 1
417.17 417.73 275.4 262.87 1.6374 1
415.38 415.83 296.63 281.64 1.4342 1
241.61 254.14 57.118 57.603 1.6353 1
