136.62 574.12 478.99 478.98 1.2634 1
638.98 638.99 412.87 149.12 1.2556 1
532.31 489.37 142.44 320.43 5.3655 1
203.17 159.28 356.26 172.54 4.9292 1
159.95 174.98 175.07 93.033 4.5704 1
498.1 205.81 323.39 360.1 10.046 1
175.56 461.77 92.975 72.343 5.7522 1
461.65 532.74 71.593 143.01 5.1594 1
599.27 639.88 70.086 90.093 3.999 1
557.81 587.98 45.511 60.167 4.0786 1
640.96 612.23 95.677 80.343 5.9546 1
587.89 598.71 61.6 69.677 3.5126 1
581.52 561.23 60.612 51.236 4.1863 1
611.23 579.06 81.032 61.741 6.008 1
545.92 557.1 37.561 45.995 3.7635 1
149.18 186.64 3.8694 1.9755 5.0567 1
501.62 370.38 11.608 12.523 4.1943 1
560.98 544.2 51.899 41.509 4.4026 1
544.53 545.1 40.438 25.365 2.6884 1
548.19 548.23 22.874 36.628 3.7688 1
369.13 506.62 9.1905 8.6276 4.3129 1
541.56 523.35 21.813 15.305 3.4467 1
164.14 529.24 175.53 142.95 4.7771 1
528.46 546.21 12.859 21.056 3.7523 1
272.83 367.9 4.1855 7.1454 3.1647 1
369.16 231.62 10.163 6.6348 4.1341 1
522.9 501.87 15.174 12.315 3.379 1
507.79 527.87 9.6142 12.928 3.0774 1
312.87 295.35 1.6242 2.3677 1.7259 1
230.42 157.81 7.3861 11.81 4.7313 1
187.84 204.11 2.1336 1.3912 1.4766 1
156.68 82.842 10.694 13.122 5.1206 1
227.78 159.16 1.71 7.014 2.6794 1
257.88 235.38 1.625 1.625 1.25 1
202.84 259.12 5.527 3.8469 2.9465 1
136.74 130 6.1174 2.2767 2.9318 1
24.215 8.8426 14.903 16.677 5.9698 1
9.1388 20.378 9.5664 9.4745 3.801 1
164.88 205.31 181.74 351.64 2.0841 1
26.663 137.84 12.428 7.1174 3.8689 1
81.675 25.373 13.929 16.574 4.5507 1
505.35 513.39 241.62 207.7 1.4689 1
514.45 522.23 202.96 171.78 1.8351 1
8.0745 1.3243 17.521 19.023 3.932 1
351.61 334.09 83.823 84.859 1.3217 1
