136.62 574.12 478.99 478.98 1.26 1
203.43 158.94 358.69 176.36 4.8868 1
638.99 638.98 412.88 147.88 1.2543 1
529.81 524.87 144.96 166.79 4.6443 1
523.67 500.4 172.48 273.46 4.6911 1
176.61 460.48 95.217 73.004 4.8888 1
159.04 175.62 178.62 94.418 5.1277 1
461.07 530.46 72.17 142.77 4.5027 1
500.36 489.31 273.83 321.67 4.5987 1
498.12 204.44 324.79 362.82 10.23 1
595.79 639.92 67.076 88.746 4.2607 1
387.86 435.38 10.72 11.218 2.9706 1
429.12 284.14 14.296 8.7831 4.0133 1
151.55 219.13 6.9024 1.71 5.9458 1
304.12 321.63 7.364 7.5363 1.4098 1
492.87 437.84 11.435 12.696 2.6425 1
321.61 386.65 6.8816 9.868 3.23 1
562.66 588.04 47.098 58.772 3.4977 1
436.6 509.12 9.6516 8.9103 3.5326 1
639.34 593.97 92.419 70.688 4.6042 1
264.13 216.63 9.2694 9.6741 2.5212 1
181.63 101.64 13.065 14.776 3.0875 1
269.11 225.3 1.3386 4.196 3.6337 1
216.62 181.57 10.366 13.515 3.3995 1
224.16 160.42 4.5091 9.7166 2.6421 1
548.92 562.03 39.48 47.194 3.3605 1
587.56 564.86 63.466 51.477 5.4644 1
282.88 259.12 9.3896 9.7023 2.7301 1
563.99 545.31 51.87 41.751 3.7102 1
534.41 494.18 17.217 11.284 4.1769 1
513.19 536.91 10.179 15.305 3.4689 1
536.25 550.48 14.799 22.681 3.2805 1
185.37 207.92 10.37 8.3446 1.7071 1
547.52 535.23 24.782 18.141 3.7154 1
587.42 595.8 59.386 66.094 3.5152 1
102.88 81.564 15.494 16.34 2.7955 1
220.35 236.62 1.9511 1.4443 1.3272 1
161.62 527.91 177.85 143.26 4.2097 1
206.6 296.62 7.3308 6.2236 3.4115 1
436.65 426.61 13.57 13.094 2.853 1
320.36 272.86 3.1931 2.7717 3.9494 1
30.447 152.91 16.664 9.7851 3.4912 1
162.88 184.13 10.708 10.424 1.4501 1
597.57 586.21 70.96 65.033 5.0113 1
547.1 547.02 41.637 26.616 3.7428 1
135.29 107.81 4.9808 2.2584 3.1155 1
37.868 1.4124 17.819 22.452 5.4538 1
80.474 39.074 17.091 19.491 3.7617 1
12.897 24.14 13.756 13.471 3.8436 1
550.78 550.77 24.124 36.624 3.7582 1
1.5672 11.648 18.866 18.479 2.4982 1
168.79 198.29 202.96 324.02 1.9594 1
336.59 290.38 86.086 89.249 1.8447 1
198.8 205.58 326.71 354.07 1.8479 1
364.11 339.12 83.896 85.366 1.8352 1
508.94 516.92 222.83 187.94 1.6383 1
498.93 508.36 266.58 225.49 1.7984 1
285.37 270.38 90.304 90.516 1.2676 1
522.14 526.15 165.48 146.52 1.6714 1
500.28 460.77 116.71 76.241 1.6192 1
77.876 57.872 3.2635 3.3348 2.549 1
56.687 1.5736 2.9264 5.5405 5.177 1
106.63 77.938 1.7988 3.0611 2.8821 1
