436.01 432.62 47.806 139.16 4.4432 1
638.98 639 411.62 149.12 1.2703 1
139.12 574.12 479.01 478.97 1.2818 1
437.58 435.66 14.034 46.642 5.4318 1
432.97 431.12 140.33 186.65 4.7971 1
77.257 289.3 125.19 -0.19896 7.1384 1
431.34 276.35 186.08 361.38 7.4288 1
163.51 77.261 287.72 126.86 8.8928 1
215.37 438.79 191.62 14.352 8.4405 1
275.77 162.1 356.3 286.32 10.41 1
430.43 432.69 124.13 47.869 1.9906 1
357.65 376.88 2.7215 6.6386 4.4232 1
341.67 356.76 1.2508 2.9475 2.7637 1
376.35 394.35 5.3648 9.3784 6.3722 1
622.37 613.68 34.539 50.125 3.1495 1
227.78 217.62 217.92 194.94 3.19 1
429.12 429.12 169.13 130.38 1.25 1
608.76 628.42 45.14 14.916 3.7221 1
635.94 623.99 14.948 34.041 3.1786 1
