137.87 575.37 478.99 478.98 1.2618 1
638.98 638.98 412.88 147.88 1.2523 1
211.41 179.82 246.88 67.533 6.1123 1
305.09 597.52 13.831 101.57 4.676 1
448.7 208.98 397.3 248.1 10.612 1
179.43 304.59 67.334 13.959 4.6661 1
458.58 451.17 376.82 393.24 10.032 1
588.92 552.15 125.3 220.58 4.5624 1
552 526.57 221.01 286.6 4.2329 1
20.501 7.8779 25.241 24.094 4.1874 1
508.77 456 203.15 375.18 4.4415 1
8.0319 21.78 20.819 19.545 4.6566 1
597.51 591.18 103.35 116.45 8.9662 1
592.04 589.09 117.27 124.88 4.4004 1
526.68 462.19 285.8 378.65 4.7897 1
182.49 506.55 68.802 204.31 4.3217 1
142.75 59.238 74.429 41.34 3.8382 1
61.43 149.8 38.372 73.098 3.5271 1
587.18 509.83 114.77 203.65 4.0028 1
147.26 130.82 73.995 81.361 4.0517 1
130.32 51.814 81.507 117.04 3.2005 1
49.384 138.59 113.46 74.161 3.3119 1
101.39 147.61 33.354 19.481 2.3993 1
2.6949 7.5478 0.77518 6.8849 5.0674 1
150.41 187.85 19.28 10.267 2.2278 1
141.64 111.61 24.162 32.835 2.2684 1
187.91 170.37 13.009 17.863 1.7427 1
219.01 189.21 1.3234 13.089 2.1106 1
