197.84 157.09 301.35 119.99 4.7397 1
136.62 574.12 478.99 478.98 1.2548 1
638.99 638.98 411.63 147.88 1.2513 1
516.3 475.56 115.02 294.17 4.9897 1
191.65 470.4 50.865 47.014 4.382 1
156.71 191.64 120.42 51.011 4.0498 1
470.42 516.69 46.19 114.92 4.8663 1
160.36 512.91 120.51 114.88 4.0664 1
491.69 206.59 298.09 305.05 9.7212 1
602.98 640.39 31.433 51.808 4.7928 1
634.37 618.64 52.421 43.763 3.9979 1
600.76 566.06 10.398 -0.55045 4.2709 1
592.64 607.21 2.7245 13.321 3.8612 1
617.63 597.38 44.494 31.117 4.8794 1
606.75 602.74 15.012 27.425 3.6361 1
598.16 602.82 29.222 15.356 4.3507 1
640.51 632.43 60.252 52.081 5.331 1
188.81 199.92 246.7 296.45 2.1433 1
161.28 188.29 124.2 244.03 2.0439 1
441.62 366.62 49.948 51.609 1.4988 1
317.87 297.88 52.725 52.913 1.2851 1
