638.98 638.99 411.62 147.87 1.2632 1
131.67 143.99 22.006 20.5 4.508 1
136.62 574.12 479 478.98 1.268 1
197.09 306.86 61.15 168.88 3.817 1
222.7 199.48 230.4 86.567 4.4064 1
562.56 501.34 156.11 342.37 4.8749 1
199.19 195.61 84.114 62.627 4.5214 1
342.29 562.31 30.149 155.12 4.5648 1
180.4 169.16 17.09 16.75 3.824 1
501.92 361.06 342.14 421.87 8.9684 1
150.29 131.17 23.545 31.827 8.4893 1
357.03 222.14 419.72 230.54 7.0895 1
223.97 196.86 54.481 59.236 3.6936 1
166.55 151.48 14.464 11.033 3.5473 1
15.403 1.5571 77.364 76.592 2.8439 1
233 341.74 52.21 29.664 4.1795 1
2.9234 17.582 102.95 93.041 3.4147 1
81.408 43.13 31.991 41.41 3.3236 1
146.93 145.95 9.2452 1.5517 3.1114 1
101.39 119.04 28.172 30.902 2.8408 1
122.92 81.72 33.496 30.37 4.1003 1
41.707 83.851 38.181 26.855 6.9185 1
212.58 197.48 80.669 65.777 1.25 1
84.136 104.2 26.91 26.151 6.4818 1
15.03 2.4964 88.739 99.952 4.7564 1
2.8463 22.245 32.703 55.71 7.7581 1
31.287 13.576 60.502 88.321 6.5199 1
85.37 137.89 17.491 16.843 2.8855 1
226.45 200.99 53.967 34.564 3.4551 1
15.86 1.155 32.017 23.707 3.4065 1
101.62 82.886 20.759 20.57 2.5756 1
22.099 13.523 27.032 10.691 3.4303 1
213.26 230.25 39.827 51.809 3.0641 1
21.453 37.573 99.721 95.477 3.0541 1
83.74 68.167 19.813 11.103 3.6242 1
27.013 27.281 14.056 20.452 3.9025 1
37.955 76.669 95.62 83.011 2.737 1
68.045 34.261 89.705 99.59 2.8392 1
212.61 217.94 147.92 181.61 2.0214 1
1.1755 17.847 19.936 29.175 2.911 1
202.97 212.41 89.11 146.7 2.2845 1
14.543 36.034 93.223 67.383 4.006 1
244.04 261.68 29.869 26.968 2.0775 1
21.585 26.271 2.8933 13.039 2.8803 1
308.1 365.26 170.14 224.25 2.578 1
221.73 240.53 35.798 30.979 1.8318 1
330.56 362.85 18.497 9.0502 1.9917 1
196.79 160.36 86.01 95.329 2.7601 1
358.01 340.52 13.357 18.374 1.8907 1
227.15 224.2 256.73 235.37 3.6748 1
340.36 305.51 19.01 24.911 2.0476 1
483.06 558.87 188.31 157.25 3.1093 1
159.3 196.65 92.326 82.963 2.121 1
235.32 216.72 35.145 39.51 1.8629 1
284.14 299.14 24.317 23.119 1.7434 1
349.99 320.57 205.78 177.67 2.2095 1
284.13 267.88 27.875 27.875 1.25 1
302.87 285.29 25.365 26.523 2.3303 1
378.94 470.14 229.92 193.55 2.3354 1
385.21 358.83 1.2783 13.483 2.0844 1
98.982 76.642 6.9665 10.484 3.3155 1
519.01 526.76 277.84 254.17 1.2685 1
505.8 516.73 318.02 285.41 1.5977 1
401.52 375.27 217.61 227.61 2.0585 1
527.7 535.51 251.57 227.92 1.25 1
367.88 351.62 222.87 207.88 1.7663 1
118.33 111.6 9.8324 4.1543 2.8666 1
