638.98 638.98 412.88 146.63 1.2506 1
137.87 574.12 479 478.97 1.2786 1
587.21 512.49 114.56 290.93 5.2672 1
211 216.35 245.52 223.11 4.283 1
203.21 207.21 146.44 126.24 5.8995 1
207.53 212.72 196.53 177.83 4.4843 1
216.64 208.9 216.04 201.75 6.6865 1
208.79 208.55 201.58 196.53 3.8047 1
207.86 199.68 126.71 111.33 5.3771 1
199.82 206.12 111.42 93.942 6.8653 1
512.31 303.01 292.61 333.55 11.788 1
215.75 202.74 162.59 145.48 5.5356 1
215.01 211.82 183.08 196.67 3.9364 1
211.15 223.53 198.21 215.79 5.039 1
211.58 207.09 127.86 141.78 3.6063 1
218.75 214.78 229.36 243.96 3.1849 1
208.91 204.52 99.029 108.74 4.6635 1
201.68 486.7 54.242 42.057 5.2207 1
236.5 585.45 149.08 116.21 5.3924 1
220.22 211.56 262.95 244.75 4.6766 1
204.07 201.29 70.152 55.204 6.9162 1
214.95 226.26 245.18 263.1 4.0016 1
204.86 212.78 112.86 124.19 3.9852 1
207.66 212.8 141.61 152.91 4.8642 1
487.03 587.06 41.52 115.23 4.2903 1
239.66 233.72 285.46 155.39 5.0458 1
204.32 202.09 95.246 70.333 4.4014 1
216.3 225.87 177.13 183.37 2.9854 1
213.37 221.92 152.47 160.05 3.7412 1
211.1 208.89 179.05 156.53 4.3413 1
213.6 222.56 123.52 130.77 2.8666 1
227.08 218.67 222.31 215.62 4.4912 1
226.24 218.43 125.51 103.12 2.8279 1
213.75 214.3 225.44 217.8 2.7617 1
222.25 212.48 137.19 128.31 5.1304 1
241.65 238.39 340.37 315.64 7.8589 1
224.31 214.73 167.68 158.56 4.4401 1
214.9 206.92 93.04 70.271 3.0167 1
241.05 239.94 314.15 286.59 3.1536 1
235.01 222.31 315.46 262.71 4.2758 1
226.18 219.21 204.29 184.89 3.5291 1
302.66 247.57 333.01 343.84 12.948 1
508.24 504.73 301.34 312.27 6.759 1
511.53 552.85 285.34 187.86 1.8209 1
220.82 213.75 123.98 102.59 1.9809 1
222.08 216.11 142.57 133.64 3.1234 1
193.39 209.93 252.33 240.22 6.7896 1
553.91 571.72 185.29 142.92 1.5196 1
245.88 247.19 156.61 210.36 2.2858 1
223.83 221.85 152.94 144.08 2.4399 1
244.32 244.15 210.37 187.87 1.3462 1
248.41 249.28 230.36 274.12 1.6707 1
