638.97 639 411.62 149.12 1.2688 1
241.22 217.89 344 189.99 4.6828 1
139.12 572.87 479 478.98 1.2732 1
418.81 393.49 182.82 339.02 4.5412 1
639.25 612.49 44.855 49.253 5.1018 1
1.6231 124.12 41.472 39.985 4.6052 1
391.69 241.6 341.03 345.96 8.2465 1
157.65 168.02 12.597 4.3096 4.0981 1
612.85 639.26 45.212 41.287 4.3944 1
117.89 1.6063 43.557 45.513 5.7561 1
375.96 418.08 40.569 186.21 4.0672 1
141.92 156.64 38.632 32.923 3.877 1
402.39 392.06 1.1635 12.038 5.3469 1
595.26 566.47 16.17 18.17 4.8674 1
217.82 233.67 190.18 85.496 4.4202 1
127.83 141.56 39.928 38.494 3.0057 1
399.27 366.57 12.601 17.489 4.5754 1
326.59 296.47 2.3631 4.4148 5.8381 1
161.34 142.33 33.555 43.044 4.4785 1
567.88 596.69 14.322 12.932 4.288 1
241.08 235.23 42.802 86.605 3.7169 1
220.37 415.42 190.02 186.68 4.8496 1
355.38 241.64 40.406 41.024 4.2521 1
126.65 156.3 27.958 19.268 3.8669 1
610.55 595.34 28.908 16.669 6.0335 1
144.23 116.81 45.775 44.357 6.8873 1
151.38 129.2 23.361 30.609 4.0221 1
597.5 611.78 13.567 21.339 4.9893 1
367.88 399.06 20.46 17.28 4.34 1
177.85 194.25 15.219 12.316 2.5382 1
395.24 385.32 7.3928 10.183 3.6098 1
196.63 175.37 7.4336 6.9696 10.243 1
355.5 368.13 17.373 20.641 2.1498 1
608.98 615.42 19.99 30.344 4.2459 1
365.65 355.38 16.843 14.118 3.3041 1
177.88 145.37 47.065 47.233 1.3855 1
610.62 608.79 49.102 28.928 5.0928 1
615.07 615.46 29.169 42.873 4.9628 1
565.89 566.04 11.653 1.5962 3.8478 1
295.64 286.85 4.7462 1.079 2.7886 1
145.38 171.63 43.678 43.915 1.408 1
571.57 570.63 1.5046 11.649 4.0791 1
235.53 216.92 12.052 18.712 2.6007 1
239.05 239.35 1.5789 9.1651 2.6937 1
367.97 362.45 39.086 25.049 3.0322 1
236.69 195.5 42.197 46.589 2.8509 1
232.49 242.01 265.43 329.07 1.8092 1
365.91 372.19 21.436 39.364 2.8326 1
212.95 236.73 42.142 38.561 2.4721 1
221.43 228.08 192.9 236.59 1.9879 1
400.89 409.79 272.96 217.98 1.9403 1
394.04 400.31 315.36 276.62 1.6686 1
410.62 413.87 215.41 192.84 1.2539 1
446.62 426.62 24.368 24.185 1.3413 1
