538.21 502.26 124.85 272.42 4.8749 1
545.05 538.39 97.47 123.33 4.9874 1
135.37 575.37 479 478.98 1.2669 1
638.99 638.97 412.88 146.63 1.2702 1
170.83 443.18 89.107 39.539 4.9413 1
585.42 634.17 64.581 63.328 4.8378 1
493.41 548.19 23.369 45.861 4.2495 1
214.09 543.28 173.99 97.104 4.7088 1
443.43 544.72 39.102 96.522 4.2738 1
637.88 590.43 65.45 69.715 5.0777 1
452.49 493.79 6.4295 21.311 3.5812 1
528.66 499.15 41.581 30.305 4.9461 1
553.44 529.32 51.559 41.164 3.3047 1
246.58 239.32 357.23 329.35 8.5183 1
489.15 461.44 22.786 13.408 3.2058 1
177.7 171.13 108.85 90.891 7.4735 1
462.29 449.06 14.197 6.7383 3.209 1
241.13 210.83 327.97 172.79 4.4065 1
548.18 572.54 45.959 58.533 3.7251 1
505.09 255.77 274.53 359.11 9.4403 1
203.84 175.18 236.97 110.14 4.0061 1
625.4 595.37 56.307 54.199 2.7564 1
210.33 179.99 172.3 108.66 4.1993 1
592.87 622.9 52.124 52.665 3.6369 1
623.81 639.4 52.91 56.785 3.3446 1
110.33 46.464 1.284 9.0497 3.8057 1
594.14 568.75 76.597 62.551 4.1429 1
588.92 639.39 70.879 90.96 3.4479 1
567.7 549.95 63.126 50.466 3.4814 1
639.41 594.51 94.65 76.893 3.8086 1
29.105 46.596 2.6223 1.2553 2.6872 1
634.13 620.38 57.431 57.263 1.9357 1
57.919 77.952 4.5231 2.3292 1.9408 1
596.27 582.79 55.267 58.783 3.1018 1
45.405 1.5761 8.5058 10.601 3.6314 1
217.46 203.08 283.87 237.81 4.781 1
25.367 10.368 2.8086 2.8975 2.5815 1
66.574 37.878 1.1395 4.1582 2.5509 1
500.02 485.72 29.797 22.222 4.9377 1
236.07 218.32 330.89 283.96 4.4832 1
1.615 29.124 6.7781 6.5278 2.5681 1
37.884 59.097 5.5804 4.6955 1.4573 1
511.87 534.28 220.44 127.91 1.7389 1
536.38 540.36 119.07 101.62 1.3899 1
