638.98 638.98 412.88 147.88 1.2504 1
519.21 494.15 188.14 312.63 4.9579 1
261.65 230.4 18.343 17.28 4.4022 1
524.16 520.74 161.39 179.2 4.104 1
519.7 519.52 181.57 187.89 7.6367 1
383.78 382.68 1.5962 62.849 4.0206 1
257.04 256.75 52.866 39.122 2.6835 1
137.88 572.88 478.99 478.99 1.2522 1
262.68 263.24 54.159 36.597 1.8737 1
493.95 484.33 312.84 361.17 5.1745 1
600.74 614.55 46.736 1.3738 5.2509 1
203.05 201.31 50.481 32.906 4.2246 1
263 263.63 1.5388 11.656 3.8211 1
259.61 260.49 37.847 52.868 2.7155 1
510.39 525.39 149.35 149.63 10.068 1
92.843 91.423 54.13 45.208 2.7206 1
251.09 253.77 32.766 50.428 4.4573 1
176.66 191.75 48.818 50.35 2.9737 1
204.02 207.28 40.404 52.701 2.737 1
253.2 246.25 244.17 87.892 4.0794 1
99.497 97.347 53.058 42.725 2.7022 1
173.67 175.67 30.284 47.697 3.0556 1
415.74 387.21 1.1585 55.023 3.3137 1
124.38 119.2 49.04 33.262 3.9692 1
87.106 89.802 41.523 54.246 2.7776 1
178.89 177.47 44.151 31.53 4.1465 1
215.07 216.42 51.584 41.597 3.145 1
478.06 500.27 1.0268 54.171 3.4773 1
324.2 509.23 167.55 151.61 4.6884 1
96.641 86.61 40.4 40.269 2.5977 1
222.43 221.37 52.917 41.649 3.0756 1
503.01 481.95 52.303 1.4893 3.4146 1
389.81 419.66 56.993 1.2401 3.5072 1
86.749 83.63 55.653 42.997 3.6411 1
386.25 387.71 56.648 1.5876 3.9805 1
106.65 103.73 53.179 41.413 4.8454 1
294.1 309.12 2.1228 1.6243 1.6224 1
501.61 391.61 56.733 57.876 3.2299 1
251.68 262.88 22.399 21.655 3.8247 1
123.9 127.09 31.442 49.266 3.6913 1
614.08 639.18 7.9011 8.7108 4.1914 1
506.76 505.84 28.982 44.229 8.1664 1
230.25 251.79 20.183 22.677 3.7778 1
11.522 32.962 49.678 53.654 3.9151 1
113.98 112.53 34.113 51.699 3.84 1
101.03 102.51 44.226 52.937 2.4646 1
485.27 323.28 361.13 397.19 8.0384 1
50.842 57.026 41.426 55.921 4.7677 1
630.12 639.44 66.9 68.428 4.1255 1
131.7 134.03 31.45 49.137 3.2281 1
374.87 378.38 62.918 1.5111 8.7339 1
401.62 415.38 60.939 60.773 1.4161 1
416.61 455.37 60.794 60.165 2.5402 1
130.18 128.14 50.532 31.732 3.4313 1
265.44 276.66 19.222 11.673 4.5265 1
504.61 504.69 45.364 57.871 2.5735 1
20.682 5.2788 30.813 28.522 2.4592 1
385.37 400.38 61.022 60.929 1.3428 1
640.33 624 81.195 76.476 8.9402 1
509.15 507.21 1.3048 31.421 8.7319 1
35.486 46.801 47.291 49.452 2.9801 1
212.43 231.15 10.124 20.182 4.0595 1
7.7821 20.461 5.7687 8.7603 3.3627 1
57.859 69.13 58.653 58.886 3.2014 1
640.09 632.21 35.64 64.286 3.0733 1
316.1 318.54 46.533 32.772 4.5655 1
320.93 325.45 394.17 202.88 3.5123 1
509.15 591.64 47.299 44.453 4.3943 1
18.478 22.918 32.712 49.113 3.6197 1
240.34 250.49 1.9017 3.2434 3.2973 1
455.38 495.38 60.079 59.74 1.5885 1
31.451 27.024 51.959 33.075 6.0092 1
317.85 255.72 396.64 255.92 5.396 1
1.1628 3.7211 32.97 45.458 2.5767 1
59.686 56.692 55.523 41.611 2.181 1
171.53 169.35 69.134 46.483 3.253 1
277.62 278.92 10.696 1.5958 2.7219 1
60.613 63.018 46.568 56.591 2.7716 1
208.87 211.88 1.2912 10.29 4.3467 1
609.83 596.21 1.0012 40.232 6.4113 1
9.525 14.092 31.516 48.226 2.9582 1
591.12 601.94 43.68 1.0696 5.7136 1
325.47 325.18 196.64 169.11 2.7535 1
509.85 510.28 56.656 46.729 4.0174 1
316.31 277.58 72.73 81.573 4.8357 1
638.98 597.45 99.598 86.747 3.6408 1
595.36 570.43 79.173 73.86 3.4279 1
321.23 320.1 271.62 327.87 1.3251 1
571.52 626.67 70.246 65.901 3.0512 1
376.7 510.97 81.469 143.05 3.7417 1
317.57 321.03 350.37 174.14 2.502 1
333.75 318.11 412 396.39 7.0853 1
496.6 509.16 60.25 58.107 3.4864 1
229.29 173.02 84.327 75.657 3.1392 1
601.02 639.14 84.838 96.566 3.5849 1
626.64 579.14 69.412 71.839 2.8794 1
459.44 435.44 176.51 183.12 2.7422 1
446.7 434.15 214.57 216.74 2.6769 1
322.92 321.63 202.88 264.13 2.0671 1
28.619 49.597 0.59926 41.382 4.9861 1
517.85 389.19 160.1 171.12 2.8828 1
629.05 605.32 52.782 51.334 4.4578 1
51.262 34.27 33.727 1.5485 4.7935 1
579.08 596.7 73.112 76.225 2.3935 1
267.84 376.58 85.703 81.643 3.4209 1
512.82 327.85 183.61 202.59 2.9024 1
320.36 372.87 64.071 63.541 2.4999 1
537.08 529.63 1.4864 44.212 2.3472 1
90.39 55.342 90.59 90.071 3.6756 1
168.68 165.43 31.673 1.6185 3.0573 1
400.38 427.86 183.99 185.64 1.8454 1
252.39 252.52 66.608 82.878 3.7189 1
444.31 425.4 277.42 281.75 2.716 1
505.32 510.86 241.61 214.22 1.7519 1
473.73 486.8 364.6 379.09 8.2771 1
269.22 323.95 110.28 165.56 2.7518 1
39.466 53.067 2.2272 22.748 3.8163 1
316.34 316.5 386.62 352.87 1.3501 1
59.483 44.637 23.577 4.7057 3.1568 1
511.49 514.64 211.6 194.22 1.6765 1
405.35 425.37 219.99 220.54 1.3525 1
517.69 520.86 177.84 162.98 1.4834 1
245.2 230.19 86.45 84.063 4.4885 1
318.91 316.99 46.603 65.412 3.9844 1
430.37 401.61 218 217.01 1.8549 1
495.71 504.76 289.19 244.25 1.7377 1
526.99 533.92 44.184 1.5918 2.4675 1
327.77 512.92 199.27 180.88 2.9331 1
140.27 116.51 80.926 84.612 2.1934 1
372.89 320.36 65.95 67.136 2.0196 1
427.88 400.39 182.75 181.28 2.3632 1
442.72 466.54 170.29 173.52 3.6099 1
318.61 317.59 9.0987 29.047 4.0624 1
459.18 516.68 162.26 157.3 2.3832 1
496.81 474.88 54.047 1.3111 2.2167 1
104.66 91.222 86.487 90.143 5.481 1
357.88 340.38 174.13 174.13 1.25 1
429.08 452.84 267.62 268.7 2.1005 1
439.1 462.84 204.6 205.93 2.9154 1
597.88 574.12 50.975 51.318 6.3758 1
31.633 3.0626 82.834 76.962 3.2375 1
455.45 434.18 210.93 208.65 2.7524 1
63.258 54.595 73.904 58.855 1.9028 1
437.9 456.63 164.46 162.97 1.5425 1
505.36 437.88 62.077 63.037 1.7299 1
389.94 400.23 43.311 24.05 1.6158 1
256.22 255.88 77.883 60.365 2.6704 1
419.1 434.12 170.95 170.37 1.589 1
162.8 144.07 77.323 79.998 1.7677 1
419.11 387.91 283.13 281.12 2.1741 1
453.56 445.35 270.83 276.59 3.8807 1
386.62 369.1 171.47 172.33 1.615 1
15.143 14.597 61.639 52.846 1.6352 1
326.63 326.63 247.88 264.13 1.25 1
