137.87 574.12 479 478.98 1.2748 1
281.9 552.36 175.97 51.967 5.0072 1
638.98 638.98 411.62 146.62 1.2509 1
552.28 545.55 52.376 77.246 5.1247 1
544.65 508.57 81.131 225.24 4.8675 1
511.54 539.13 17.345 12.908 3.789 1
543.98 512.87 14.729 21.587 4.4892 1
472.85 443.27 10.447 0.46159 4.0276 1
218.41 177.32 263.05 92.406 4.739 1
177.18 421.49 90.746 7.4864 4.7467 1
565.07 551.57 0.70258 5.2246 3.5556 1
453.25 492.88 0.52633 14.119 3.815 1
510.8 310.85 227.27 358.01 9.3757 1
493.96 510.59 14.004 16.39 3.3568 1
550.01 542.17 8.565 13.701 3.8592 1
304.68 217.27 360.01 262.3 6.4706 1
512.59 496.54 20.446 17.038 2.3434 1
534.13 522.86 6.8893 7.0424 1.3857 1
549.22 501.41 38.789 24.845 3.5996 1
500.24 476.05 22.008 13.21 7.0483 1
511.63 540.39 4.0072 4.4024 2.7918 1
505.4 570.13 22.772 41.226 3.4427 1
521.51 497.71 6.049 10.794 3.926 1
496.82 516.47 8.4993 2.3743 3.6575 1
591.47 549.39 48.569 39.179 3.6803 1
572.81 599.11 6.4407 8.1149 2.7562 1
564.14 550.37 12.806 10.38 3.2591 1
444.2 548.01 13.919 49.984 4.102 1
552.95 565.45 7.5154 9.9889 3.1936 1
303.27 282.66 355.47 176.51 4.2138 1
607.95 598.98 8.0914 11.217 2.7721 1
639.46 618.31 96.78 90.226 3.3807 1
620.25 639.45 87.008 93.097 2.8763 1
561.33 565.97 36.568 12.507 9.2573 1
182.63 198.12 100.43 165.32 1.8295 1
597.92 575.35 10.853 9.5192 3.1592 1
517.76 536.9 175.35 97.944 1.8779 1
639.2 611.65 20.218 22.004 2.0905 1
636.57 620.43 47.605 50.645 2.9913 1
511.51 516.99 200.34 179.22 1.7914 1
620.45 639.33 19.597 16.787 2.6056 1
639.23 626.66 59.759 57.676 2.0576 1
241.74 225.7 141.48 128.72 1.5797 1
