135.37 574.12 478.99 478.98 1.2609 1
197.42 156.82 311.18 126.31 4.9797 1
638.98 638.99 412.87 146.62 1.2602 1
520.93 477.56 117.41 298.75 5.2335 1
469.95 520.87 47.853 117.51 5.5037 1
156.75 188.51 127.4 53.145 4.5749 1
489.26 196.68 302.38 314.29 10.602 1
189.11 470.44 54.577 48.35 6.4421 1
160.34 517.91 127.88 117.98 5.7178 1
639.65 611.97 67.232 44.672 5.0243 1
611.9 587 46.141 32.212 4.3091 1
592.98 623.82 30.17 45.964 4.4504 1
624.29 639.91 46.344 60.777 5.2294 1
595.28 591.34 12.849 26.897 3.4196 1
586.92 591.08 29.489 11.792 3.9366 1
171.06 183.92 175.5 234.17 1.9749 1
581.45 565.29 7.1702 1.8911 3.1528 1
184.8 190.1 238 262.93 1.6659 1
589.28 579.9 12.656 6.0534 3.7861 1
579.66 593.01 0.60066 7.6141 3.7887 1
491.37 484.36 294.86 298.34 4.4775 1
