135.37 574.12 479 478.97 1.2723 1
638.98 638.99 412.87 147.87 1.2572 1
197.62 160.39 269.18 88.863 5.5208 1
464.95 457.48 386.04 407.3 7.9047 1
515.08 478.52 219.9 338.07 4.1655 1
527.92 514.92 197.38 219.59 4.8663 1
161.27 282.48 87.214 28.312 5.4318 1
206.94 195.85 274.72 269.39 4.5062 1
456.45 396.07 406.97 376.48 11.765 1
478.24 463.85 338.85 385.29 4.0704 1
282.42 583.83 28.385 106.51 6.6756 1
569.95 563.14 150.66 170.03 4.1732 1
572.52 570.24 143.16 150.33 3.6258 1
585 576.85 108.41 126.87 8.3756 1
562.93 520.06 170.4 289.01 4.079 1
578.28 572.83 128.02 142.86 4.0226 1
574.21 528.32 124.64 197.37 4.1778 1
396.25 212.54 376.33 279.88 8.6055 1
32.775 16.461 66.966 62.183 3.2469 1
38.504 116.1 65.984 91.932 3.9378 1
520.01 468.07 288.34 386.73 4.7866 1
107.79 33.201 93.123 68.152 3.9013 1
18.885 35.626 58.528 64.694 3.1476 1
162.86 515.1 89.177 214.89 4.6772 1
114.9 15.333 91.916 141.54 3.3773 1
11.9 103.82 138.44 93.494 3.0923 1
87.948 108.08 43.129 37.325 1.9614 1
212.95 202.32 290.3 279.68 1.7768 1
64.191 86.77 51.8 43.258 1.927 1
122.91 147.87 33.015 26.615 2.2043 1
150.38 121.76 29.152 37.114 2.2728 1
