136.62 574.12 479 478.97 1.2705 1
638.98 639 412.87 147.87 1.2686 1
456.79 439.85 103.99 237.97 4.5745 1
460.38 458.07 76.376 87.914 4.3901 1
183.85 148.62 217.65 66.451 4.7983 1
365.44 458.82 134.23 76.91 4.7334 1
458.52 456.67 88.115 102.72 5.1173 1
440.91 363.91 238.38 312.65 4.54 1
151.02 364.7 66.003 134.83 6.257 1
149.55 254.23 64.151 29.429 3.6866 1
255.19 460.06 29.916 76.748 4.3871 1
321.22 191.05 295.05 225.36 7.5341 1
359.6 321.59 314.42 295.45 8.3875 1
433.69 428.96 131.48 145.32 2.7414 1
386.35 359.19 321.53 315.1 8.227 1
427.93 424.54 182.89 195.49 2.8324 1
427.71 404.05 146.23 156.46 2.4199 1
423.4 411.76 194.88 203.07 2.1587 1
401.69 364.44 139.22 163.35 2.2306 1
419.22 399.69 239.28 251.3 2.1295 1
419.3 431.83 134.72 131.09 3.097 1
411.67 425.75 184.28 180.56 3.3058 1
419.09 434.51 110.28 105.33 3.5705 1
627.92 597.81 4.9338 4.0775 6.354 1
406.08 421.83 228.72 223.5 3.9705 1
367.35 405.03 158.33 133.61 2.3827 1
582.94 516.68 8.5232 1.1086 4.6733 1
596.69 572.9 3.3126 1.2804 3.1293 1
422.83 403.98 122.72 128.66 1.6322 1
639.32 582.62 19.233 9.303 3.7563 1
37.989 21.634 5.632 12.896 3.5548 1
366.19 365.74 136.62 156.66 2.5276 1
452.95 436.53 105.49 116.48 1.7565 1
444.36 445.73 180.4 166.66 1.3682 1
454.09 426.73 87.81 104.29 2.1682 1
355.24 244.18 135.8 100.2 2.2433 1
366.05 364.66 164.11 214.14 3.5029 1
584.16 625.4 5.144 11.453 2.3838 1
355.91 356.31 306.63 164.12 2.4858 1
383.84 397.65 250.06 237.63 2.1342 1
626.64 639.2 11.559 13.711 2.288 1
20.787 10.996 13.581 19.297 3.6004 1
364.81 364.26 220.35 231.63 1.6192 1
