588.31 508.6 130.7 308.89 5.0156 1
638.98 638.99 412.87 146.62 1.2623 1
137.87 575.37 479 478.97 1.272 1
203.43 198.77 123.91 139.02 3.9518 1
198.71 196.35 98.036 110.32 4.2038 1
214.7 212 216.67 175.43 5.129 1
209.85 202.66 175.16 192.79 3.9884 1
194.69 200.65 136.86 122.47 4.5014 1
206.34 199.64 90.151 98.541 3.9069 1
213.52 206.88 221.94 235.5 2.8641 1
199.92 201.91 198.81 180.41 6.0436 1
202.88 212.39 180.38 168.73 4.3081 1
508.13 211.53 310.51 339.44 11.344 1
201.62 212.09 236.62 218.67 4.227 1
192.39 206.39 101.22 84.157 4.9311 1
211.39 208.61 169.14 127.99 5.8326 1
222.1 215.21 335.27 222.96 4.7449 1
194.55 192.48 116.57 101.51 5.6358 1
206.38 194.05 159.26 137.92 5.1724 1
206.15 204.06 252.93 233.01 4.7129 1
203.23 211.44 193.34 209.22 4.9772 1
199.35 207.83 139.16 154.15 4.7795 1
212.9 199.58 215.36 198.76 5.4512 1
196.75 202.86 107.92 119.13 4.8919 1
207.92 206.54 116.7 92.952 4.539 1
206.13 204.15 84.223 49.053 4.2914 1
200.74 195.64 122.36 116.19 4.4835 1
207.13 208.53 236.53 244.23 3.1329 1
205.36 501.62 48.271 50.149 6.3925 1
214.1 587.94 142.13 131.59 6.1584 1
500.99 588.19 49.919 130.14 6.4392 1
208.65 214.86 244.95 256.22 3.8878 1
216.31 207.47 263.4 251.94 4.4108 1
507.58 560.41 303.99 185.39 1.8058 1
502.71 498.03 318.82 330.44 5.5541 1
222.62 225.82 152.89 215.35 2.2409 1
222.97 222.44 212.87 194.14 1.5304 1
214.98 217.3 175.4 209.16 1.5884 1
563.82 570.4 177.74 162.89 1.5203 1
226.63 227.24 219.12 252.89 1.6097 1
224.35 224.24 247.87 230.37 1.3042 1
191.77 200.87 240.91 238.47 5.7997 1
