638.98 638.99 412.87 146.62 1.259 1
137.87 574.12 479 478.97 1.2784 1
284.08 294.56 306.77 132.75 5.6081 1
519.53 453.17 133.43 332.14 5.9673 1
294.47 295.49 132.97 101.67 5.2413 1
451.7 286.2 333.61 308.15 6.9391 1
287.4 284.51 324.38 305.13 9.9515 1
295.27 336.95 102.28 6.7679 4.7084 1
476.88 519.66 24.513 134.4 5.7618 1
297.7 516.7 102.85 133.56 4.4611 1
337.77 476.52 6.1357 24.923 3.5609 1
398.96 376.5 176.09 170.91 2.5307 1
435.38 399.13 177.13 177.33 2.6671 1
411.68 375.41 286.43 288.46 2.5724 1
400.36 429.12 179.79 180.64 1.3601 1
424.16 386.66 236.25 237.66 3.4374 1
402.86 364.24 142.93 131.23 3.1916 1
442.84 404.05 144.97 143.57 3.1588 1
370.6 400.27 135.94 145.68 2.8355 1
382.91 396.61 176.37 178.02 1.8398 1
349.27 297.86 143.15 135.47 2.6014 1
385.56 367.8 235.77 231.96 2.2716 1
404.14 435.38 146.23 147.68 2.0355 1
502.87 350.26 165.43 143.67 2.4828 1
511.71 409.17 142.28 127.53 2.5082 1
447.37 447.38 334.12 357.87 8.7519 1
297.39 294.4 140.35 194.14 1.6643 1
297.89 361.54 132.81 142.17 2.5105 1
350.27 314.12 118.52 112.88 2.0063 1
464.12 430.36 3.4668 3.0201 2.8967 1
379.11 352.89 122.99 119.02 2.2106 1
375.38 394.13 290.38 290.38 1.25 1
294.05 290.84 201.62 251.65 1.6162 1
405.36 394.14 126.77 125.29 1.7312 1
290.5 288.71 254.13 292.86 1.25 1
461.6 497.82 156.83 162.04 1.6133 1
298.64 298.18 115.36 130.38 1.6327 1
412.66 423.97 228.37 233.23 2.4644 1
