322.28 330.26 290.48 147.73 5.1247 1
316.28 322.23 390.43 291.59 4.2879 1
638.99 638.98 411.63 149.13 1.2506 1
136.62 574.12 479 478.98 1.2699 1
554.05 491.86 182.85 400.98 6.527 1
585.19 572.55 1.2357 47.785 4.6928 1
432.34 438.94 30.252 1.5814 2.6303 1
435.78 430.22 1.4287 25.339 3.0014 1
426.59 431.84 27.869 1.4193 3.4463 1
427.42 423.34 4.0336 24.219 3.4418 1
394.57 390.01 1.4523 22.797 2.4449 1
441.69 435.5 2.8901 27.906 2.4537 1
468.33 475.89 25.122 1.3917 2.3296 1
331.43 342.45 146.77 64.235 3.8825 1
393.41 397.42 21.482 1.5328 2.4511 1
400.76 394.37 1.4257 29.182 2.8134 1
453.54 460.48 27.693 5.4084 2.3086 1
295.23 292.66 1.3435 14.082 3.4371 1
487.06 492.53 23.927 1.5396 2.3994 1
464.15 457.61 1.6328 24.047 2.2508 1
387.3 391.81 21.497 1.3864 2.3136 1
437.67 442.58 29.071 10.299 2.1589 1
286.33 287.7 15.345 1.4838 3.3618 1
449.11 452.9 20.373 1.6297 1.9799 1
495.92 490.14 1.4235 21.559 2.9255 1
309.54 310.5 12.805 1.5296 2.8079 1
274.13 275.59 16.625 1.5248 2.6086 1
280.36 281.44 14.124 1.5026 2.3846 1
478.65 471.81 1.4824 24.181 2.7716 1
322.48 318.48 406.69 382.35 9.6646 1
278.77 276.75 1.5772 16.641 2.0191 1
336.91 338.55 12.916 1.5424 3.1882 1
354.02 352.18 1.6087 12.965 2.4677 1
514.69 552.78 132.5 190.93 12.381 1
268.34 269.08 16.586 1.5609 2.6819 1
578.34 589.99 40.514 1.1411 3.7644 1
403.87 407.94 27.836 1.4423 2.7543 1
495.46 501.15 21.658 6.4489 4.8263 1
255.47 256.62 16.632 1.5292 2.5435 1
423.24 418.86 24.511 42.813 3.8323 1
477.67 481.91 24.075 6.6935 2.398 1
376.48 378.93 20.356 1.5997 2.7473 1
600.55 580.9 6.7446 34.866 4.8275 1
412.83 416.95 26.615 6.6922 2.9546 1
331.54 320.26 177.94 375.37 2.4623 1
566.43 569.46 29.514 21.289 4.508 1
411.39 408.35 1.5787 16.721 2.2107 1
561.48 566.62 42.817 29.875 3.7252 1
607.14 601.77 0.95971 6.8702 3.6996 1
384.04 378.85 1.6006 20.298 2.6541 1
582.13 614.1 39.77 0.58706 4.255 1
570.68 576.76 27.372 0.79771 9.5713 1
487.31 489.21 404.23 414.34 6.3733 1
346.85 348.19 26.645 11.767 2.9404 1
394.02 466.86 181.85 187.07 10.155 1
487.98 482.65 413.49 425.27 6.7248 1
332.98 393.11 177.69 182.16 8.1273 1
464.05 525.4 186.71 189.96 10.191 1
525.55 544.02 190.19 192.48 7.9042 1
500.54 493.99 19.171 42.839 4.4858 1
501.23 513.96 114.77 132.64 9.0239 1
364.15 344.16 388.73 387.41 3.5764 1
401.64 389.12 392.04 391.87 1.3736 1
381.62 365.38 390.46 389.12 2.3891 1
483.37 494.68 89.552 109.52 3.9168 1
429.18 413.95 394.85 393.34 3.9795 1
