289.45 295.03 291.7 180.3 4.9955 1
638.98 638.98 412.88 146.63 1.2546 1
295.21 296.32 181.7 145.37 5.1506 1
286.83 289.33 346.69 290.27 4.8034 1
522.26 458.17 201 393.39 4.7755 1
137.87 574.12 479 478.98 1.2762 1
527.23 521.62 191.26 201.09 4.4962 1
295.75 382.83 146.06 44.087 4.905 1
526.31 525.37 67.854 194.14 6.4446 1
536.55 605.39 4.9442 1.9085 5.0502 1
456.52 288.21 394.49 347.39 7.6709 1
510.09 524.09 3.2273 1.3876 3.5552 1
298.82 522.94 146.85 192.57 6.5992 1
446.63 422.86 197.7 197.06 1.7239 1
403.93 382.89 193.46 186.58 3.1762 1
298.4 289.88 177.84 341.6 2.6762 1
384.27 527.64 44.468 68.037 4.9674 1
285.25 289.57 372.85 349.99 8.992 1
437.88 406.6 229.98 229.43 2.4776 1
400.25 382.75 227.07 222.06 3.0907 1
606.62 626.63 2.1732 1.8898 1.4976 1
382.8 401.69 191.86 197.66 4.0469 1
299.94 298.58 150.42 172.84 2.0414 1
415.38 395.37 339.51 339.75 1.4514 1
426.67 406.61 288.32 290.27 2.9722 1
391.63 420.37 5.4069 5.2268 1.3048 1
453.97 451.3 395.35 415.66 6.7512 1
389.1 351.62 8.8 7.9683 3.86 1
621.65 560.34 32.208 34.356 4.0979 1
293.15 290.66 373.69 363.1 6.7265 1
545.39 522.77 37.492 36.426 3.5105 1
410.33 425.38 293.78 291.67 2.3024 1
421.62 437.87 234.12 232.81 1.8503 1
411.63 390.38 7.875 7.875 1.25 1
