467.55 443.37 156.56 284.22 4.6914 1
471.28 467.4 135.08 156.31 5.1603 1
443.35 441.04 285.22 296.5 4.1757 1
638.98 638.98 411.63 146.63 1.2509 1
136.62 574.12 478.99 478.98 1.2635 1
440.64 324.33 297.18 352.06 5.4447 1
207.27 186.45 218.86 70.224 4.7795 1
321.13 471.11 172.42 129.17 5.9824 1
586.74 639.4 0.66282 6.7295 7.1646 1
190.42 322.45 71.57 171.37 6.4231 1
333.37 308.99 363.96 343.03 8.954 1
309.41 212.08 342.84 226.65 8.1236 1
613.12 547.51 15.323 3.1244 11.69 1
639.37 612.67 20.202 15.592 9.8102 1
321.38 321.7 350.38 304.12 2.7986 1
315.96 316.88 345.37 176.63 2.6637 1
187.82 308.09 68.797 49.221 5.8249 1
307.64 470.99 49.607 127.96 5.6714 1
438.66 464.12 294.04 157.87 2.2069 1
415.56 389.26 193.52 200.86 3.3313 1
551.93 525.49 21.821 18.273 5.3634 1
407.22 384.38 286.66 297.17 3.0458 1
416.85 393.16 166.2 172.66 2.6298 1
547.05 531.51 4.3048 3.2232 8.7289 1
414.33 390.75 242.16 251.34 2.9104 1
318.93 318.97 276.63 299.13 1.2784 1
318.48 318.41 302.87 345.38 1.3245 1
439.85 435.1 307.23 329.33 6.0182 1
420.44 414.68 232.92 241.14 2.1399 1
401.48 430.54 158.02 154.15 3.7173 1
550.47 639.41 18.722 39.144 3.1317 1
639.6 552.73 43.295 23.525 5.0858 1
324.18 381.64 196.8 179.18 2.6958 1
382.92 325.19 181.78 199.77 2.5424 1
397.87 411.64 276.32 276.04 2.6755 1
125.83 130.59 1.2493 22.828 3.4119 1
404.11 417.89 232.55 232.06 1.6025 1
406.64 425.47 183.02 181.53 2.5905 1
320.09 319.43 200.37 249.13 1.846 1
525.64 494.14 19.011 12.785 3.7076 1
493.78 466.52 12.51 1.9049 4.0766 1
497.86 534.09 9.1952 15.585 2.6055 1
322.21 322.33 299.12 256.62 1.3715 1
322.48 322.9 250.37 201.63 1.6045 1
475.45 497.63 1.3833 8.6153 2.3509 1
192.34 186.93 2.5856 6.6 5.7323 1
346.96 334.47 366.76 362.97 5.9811 1
178.87 162.49 7.2879 14.501 4.5758 1
186.5 179.28 5.9954 7.4122 5.1471 1
530.68 519.13 3.7179 1.5982 3.914 1
130.38 116.63 27.055 26.994 5.0445 1
