136.62 575.37 479 478.98 1.2648 1
638.98 638.98 412.87 147.87 1.2517 1
214.18 183.32 304.32 116.35 4.8615 1
287.67 622.37 41.332 112.74 4.7446 1
183.15 287.23 117.01 41.206 4.2639 1
514.65 211.81 425.96 306.15 10.946 1
612.66 517.23 235.25 423.8 6.6777 1
622.58 612.37 114 236.79 6.226 1
10.538 1.6194 15.643 14.159 3.6991 1
4.9964 7.4706 2.5306 8.7908 3.7034 1
186.63 609.29 117.87 236.04 4.1294 1
1.5027 69.986 93.359 110.67 4.3401 1
57.806 1.1619 111.89 97.156 3.7971 1
63.886 37.39 114.97 130.81 2.7992 1
6.3578 58.696 144.53 113.4 3.7759 1
194.88 197.92 166.7 186.62 1.6135 1
8.9649 88.206 62.387 36.383 2.6547 1
37.155 1.2152 131.23 153.46 3.3867 1
109.2 125.33 26.738 16.561 1.6097 1
126.95 95.71 19.703 37.223 2.5267 1
89.046 107.82 36.455 27.75 1.9395 1
91.777 73.155 38.305 44.914 1.7854 1
