477.94 430.41 143.82 330.07 5.3546 1
638.98 638.98 411.62 147.87 1.2512 1
135.37 574.12 479 478.98 1.2695 1
431.27 301.43 327.93 373.57 9.3053 1
608.54 596.3 0.86093 30.239 4.6161 1
592.28 603.56 29.388 1.3982 4.8983 1
202.44 194.53 221.52 66.541 5.7318 1
222.31 200.47 258.8 215.99 11.272 1
300.26 222.8 387.45 258.92 9.9338 1
307.41 477.65 179.01 148.63 12.392 1
295.66 308.11 370.39 184.14 3.0659 1
290.75 302.8 365.4 182.87 3.1998 1
305.16 293.15 185.36 365.39 2.4945 1
526.67 531.39 20.7 1.8796 3.9482 1
444.04 465.21 264.1 181.58 1.9915 1
429.29 438.12 322.92 287.94 1.5744 1
241.93 309.41 110.08 178.89 9.9384 1
536.29 592.46 7.6689 25.434 12.927 1
599.28 640.31 26.82 38.799 13.848 1
427.59 423.9 341.29 358.1 6.3726 1
640.45 526.29 52.126 18.526 12.926 1
197.71 237.87 62.463 60.212 8.6663 1
239.12 254.35 61.584 59.462 4.2317 1
310.86 301.6 389.81 381.87 6.5064 1
422.83 437.67 117.37 127.61 7.9839 1
437.33 447.59 124.54 135.64 6.9269 1
393.23 400.44 99.903 105.29 5.2489 1
400.85 422.99 103.8 116.9 9.4836 1
255.3 319.04 60.49 56.499 3.5035 1
365.48 375.31 83.623 89.242 4.344 1
376.35 387.1 89.093 97.251 5.7343 1
330.86 354.8 62.057 76.333 5.3681 1
451.7 465.24 136.48 143.15 6.7634 1
