137.87 572.87 478.99 478.99 1.2506 1
638.98 638.98 412.88 147.88 1.2511 1
152.36 359.43 61.803 135.77 5.1338 1
182.81 150.1 214.41 61.417 4.8051 1
456.77 435.91 88.976 243.86 5.2182 1
367.83 180.76 326.34 216.86 8.651 1
359.2 457.59 134.26 79.619 5.4614 1
436.14 356.52 243.58 314.16 5.5723 1
593.06 502.83 15.355 1.9523 4.064 1
150.76 257.99 60.424 28.265 3.953 1
639.21 529.12 13.362 1.6965 4.3301 1
576.51 632.91 3.1536 7.3488 8.0357 1
639.34 594.06 24.218 15.733 3.303 1
547.9 575.44 1.3216 3.182 3.084 1
551.75 624.34 5.8606 17.823 3.1179 1
520.34 550.32 1.8465 6.927 2.2969 1
625.28 639.25 18.398 20.907 2.7765 1
258.87 453.87 28.862 78.866 3.7847 1
407.84 421.78 186.44 183.66 3.4335 1
407.78 426.73 138.7 134.64 3.3185 1
423.38 420.59 185.19 196.68 3.3153 1
416.37 430.44 111.92 108.1 3.395 1
425.1 395.62 121.98 131.16 2.6789 1
402.69 415.57 230.98 227.29 3.7811 1
414.36 398.01 152.27 158.23 2.1301 1
355.36 221.62 137.93 90.375 2.9842 1
388.99 363.98 323.01 320.67 6.1059 1
53.752 37.34 1.8168 7.6092 3.7443 1
421.78 409.18 139.69 143.08 3.0641 1
446.41 449.66 144.1 119.19 1.25 1
428.02 416.64 113.9 115.5 2.1991 1
349.71 349.9 185.38 141.62 1.4365 1
358.29 358.15 141.62 156.64 2.6282 1
367.8 392.98 154 139.3 1.9806 1
394.28 367.78 141.89 157.72 2.1194 1
358.52 358.04 164.1 176.63 1.5889 1
357.69 357.14 179.12 210.38 2.7614 1
347.8 348.19 289.12 272.88 1.3408 1
348.24 348.43 239.13 220.37 1.4047 1
348.17 348.9 252.89 241.61 1.7367 1
