638.98 638.99 411.62 147.87 1.2618 1
136.62 572.87 479.02 478.97 1.2929 1
431.41 296.73 18.306 0.80261 4.5108 1
213.92 183.78 297.45 136.22 5.9138 1
360.36 213 332.92 298.57 8.8607 1
369.39 362.69 293.72 330.57 9.2793 1
183.02 262.23 136.52 39.622 5.1146 1
524.13 481.63 2.6544 2.7399 2.578 1
286.62 247.87 6.6407 1.7016 2.9781 1
383.26 367.16 166.36 293.1 4.6283 1
186.4 381.51 136.6 172.28 4.4062 1
475.21 496.39 2.3084 7.5636 3.6302 1
260.41 287.82 1.1999 3.5484 2.5976 1
396.39 431.88 125.72 20.04 5.6394 1
496.65 525.37 6.6528 7.1429 3.8988 1
293.97 277.93 1.5042 21.666 4.6906 1
404.47 373.38 179.56 294.26 4.4069 1
427.65 404.61 45.123 180.03 4.8057 1
467.76 445.32 48.738 45.761 1.8968 1
639.16 619.09 31.1 29.674 2.4937 1
442.89 474.17 42.714 46.217 1.7987 1
482.91 466.57 50.009 48.543 2.9369 1
624.27 595.24 30.64 26.247 2.6181 1
476.63 478.48 46.625 10.342 3.9996 1
483.22 481.71 10.337 46.628 3.433 1
581.74 565.41 23.572 20.188 2.1943 1
395.38 422.88 11.625 11.625 1.25 1
