638.98 638.98 412.87 146.62 1.2526 1
135.37 575.37 478.99 478.98 1.2593 1
194.66 166.16 339.04 148.82 5.4306 1
607.3 512.9 235.69 419.75 4.9908 1
250.2 580.24 63.904 118.71 4.7804 1
580.68 608.34 119.35 235.56 4.5817 1
165.98 249.99 148.47 63.73 4.7929 1
511.6 186.74 421.74 339.9 11.173 1
170.36 605.37 149.18 235.4 3.9535 1
564.12 485.47 119.17 106.08 1.8537 1
174.18 180.29 181.62 222.89 1.6914 1
171.08 173.66 159.2 176.69 1.744 1
181.1 184.2 225.44 250.37 1.8557 1
482.86 462.94 105.44 102.43 1.61 1
560.44 575.44 320.41 290.41 1.25 1
584.51 579.93 149.04 129.23 1.4014 1
13.221 39.377 57.138 39.499 2.3622 1
576.85 592.8 287.99 256.59 1.6272 1
41.383 21.73 41.29 55.52 2.2348 1
514.01 529.48 410.31 380.56 1.25 1
18.072 2.6812 57.003 65.002 1.6856 1
