584.59 510.84 119.51 292.54 4.9761 1
638.98 638.98 412.87 147.87 1.2514 1
136.62 575.37 479 478.97 1.2773 1
203.41 211.16 195.58 175.68 4.7217 1
199.56 201.97 146.5 130.24 5.4484 1
206.82 214.96 245.02 220.66 5.1303 1
195.37 204.66 109.12 93.19 5.2182 1
199.18 487.93 54.487 44.596 4.681 1
208.48 208.64 190.37 201.63 1.4133 1
203.3 204.86 139.05 147.74 2.9014 1
207.92 203.29 129.15 139.44 3.8189 1
206.52 204.29 204.47 195.65 4.2483 1
214.7 211.79 229.01 246.44 2.8633 1
204.2 195.77 126.58 112.64 5.3731 1
222.07 204.44 222.45 203.82 5.4482 1
207.37 201.13 97.131 106.29 3.4735 1
211.35 198.24 161.84 145.09 5.1777 1
201.23 207.84 114.42 123.21 3.2523 1
229.08 582.99 148.63 119.24 4.7677 1
487.59 585.08 44.504 118.27 5.0752 1
202.83 199.22 78.942 55.171 8.1655 1
208.72 220.47 201.82 215.29 4.1087 1
205.22 216.49 148.03 159.26 3.5548 1
211.6 222.72 246.64 261.74 3.2308 1
217.4 225.14 223.49 229.43 2.7437 1
233.58 227.88 270.41 172.8 4.8546 1
215.26 207.77 260.42 242.72 5.4476 1
227.93 227.67 171.65 156.63 3.983 1
501.87 227.77 297.12 344.76 11.27 1
215.31 208.42 135.43 127.22 4.3414 1
201.97 200.82 95.253 80.245 3.9303 1
236.72 233.15 339.11 307.56 8.0136 1
220.16 215.4 199.19 182.87 2.3501 1
208.8 207.21 177.8 159.08 4.4788 1
227.74 227 156.78 150.33 2.6267 1
226.08 216.49 269.64 260.46 3.6508 1
210.95 206.29 93.089 78.375 3.3919 1
212.4 211.29 224.04 214.02 2.8998 1
220.82 217.88 125.61 115.74 3.2382 1
205.62 204.35 115.77 104.38 5.9339 1
226.36 222.95 149.44 133.12 3.4154 1
219.45 214.82 151.9 136.42 2.875 1
235.26 233.7 306.69 271.59 3.2746 1
509.51 570.73 288.04 144.28 1.9185 1
506.59 499.89 303.37 317.65 7.5753 1
229.35 220.16 307.83 266.4 3.3906 1
319.12 275.36 53.893 54.622 1.4787 1
188.13 206.38 249.69 241.3 5.4037 1
495.39 474.12 130.86 130.49 1.533 1
355.38 326.63 52.875 52.875 1.25 1
239.03 242.14 155.32 226.66 2.3319 1
242.87 243 230.38 262.87 1.2931 1
541.63 524.13 126.63 126.63 1.25 1
521.64 497.89 128.07 129.33 1.7762 1
571.58 546.54 123.55 125.59 1.9828 1
250.39 221.63 56.28 56.777 1.25 1
236.63 236.63 175.38 157.88 1.25 1
243.79 245.48 287.91 304.11 1.3729 1
417.88 394.13 50.375 50.375 1.25 1
