261.59 269.06 290.43 131.62 5.1827 1
269.16 270.14 126.67 99.206 4.3711 1
638.98 638.98 412.88 147.88 1.2537 1
135.37 575.37 479 478.97 1.2752 1
404.14 260.95 371.6 291.85 5.3088 1
269.25 425.65 99.38 22.18 4.2881 1
272.57 468.4 99.887 177.22 4.5697 1
567 501.84 65.027 228.95 5.059 1
457.48 444.44 210.25 251.72 3.806 1
465.13 458.88 186.54 204.48 3.6494 1
444.25 435.99 252.06 278.07 5.0314 1
417.56 413.07 333.17 347.54 3.2829 1
435.68 417.7 278.81 332.82 4.3511 1
412.16 410.31 350.14 355.76 3.1562 1
374.11 338.87 199.17 188.75 3.0225 1
343.97 374.19 159.62 168.92 3.6754 1
426.44 566.58 22.265 63.035 3.9499 1
347.77 371.6 194.47 201.71 2.8605 1
256.29 266.13 307.58 296.35 7.301 1
382.89 347.57 166.57 157.88 3.4025 1
338.15 357.86 252.1 259.16 2.2655 1
363.88 326.47 258.53 244.55 2.9106 1
259.27 261.2 328.19 303.99 11.71 1
503.37 489.62 226.12 246.55 6.6209 1
463.04 358.9 184.95 143.43 2.3147 1
272.98 272.61 102.88 126.62 1.3076 1
269.61 266.85 191.65 237.81 2.1223 1
266.76 264.72 242.88 290.35 2.3016 1
271.53 269.62 134.12 187.89 2.3116 1
353.79 326.56 306.33 296.81 2.5319 1
489.33 415.47 246.76 358.36 4.9679 1
327.99 349.09 300.06 307.96 2.199 1
400.36 390.44 170.59 169.68 2.1494 1
455.73 274.06 208.27 133.02 2.7964 1
338.12 321.76 152.58 138.96 3.3665 1
275.06 344.6 129.86 159.26 2.527 1
335.01 317.82 185.78 170.44 3.0985 1
638.89 582.08 34.551 3.3019 3.1768 1
326.12 311 243.35 227.29 3.4807 1
351.67 325.07 140.26 129.91 1.7504 1
268.04 304.4 240.06 258.59 1.897 1
319.49 309.46 292.55 281.33 1.973 1
295.59 279.31 257.47 248.77 1.7678 1
313.95 329 226.09 229.67 2.156 1
379 391.48 154.44 159.49 1.8762 1
321.57 334.17 169.48 171.33 3.1999 1
344.21 378.06 140.16 153.67 1.8538 1
400.29 383 251.82 243.86 1.4066 1
324.13 336.63 138.55 138.53 3.7482 1
365.29 382.96 143.08 150.17 1.4017 1
369.01 379.1 249.26 257.91 2.576 1
