459.4 427.67 156.41 301.58 4.2173 1
638.98 638.99 411.62 149.12 1.2618 1
137.87 574.12 479 478.98 1.2722 1
323.2 459.88 32.646 155.92 4.6234 1
427.88 300.14 302.88 352.25 7.5829 1
196.69 239.58 56.583 123.83 4.506 1
218.94 196.92 195.2 61.577 4.2418 1
251.97 238.99 6.274 11.262 3.0524 1
229.05 323.05 49.965 32.548 3.9548 1
1.5311 10.402 4.1765 20.36 2.6875 1
184.89 166.98 2.2854 6.9634 7.8342 1
239.05 221.57 11.354 10.732 3.0318 1
85.379 100.45 11.658 9.7158 2.518 1
38.561 44.703 0.66074 20.957 8.1544 1
1.9586 15.481 74.517 62.999 3.4193 1
18.932 16.537 20.794 12.538 6.1952 1
297.58 218.4 349.28 195.14 5.7421 1
16.506 11.46 12.247 1.1325 3.7218 1
129.19 84.467 5.6514 15.655 3.4989 1
227.96 265.51 15.761 7.2401 3.7183 1
99.518 132.87 7.5763 1.6222 6.7243 1
18.806 10.876 62.644 73.582 3.9469 1
13.967 3.3849 20.462 1.3428 2.6757 1
20.679 17.267 32.789 20.736 6.3542 1
3.0071 10.051 36.743 28.836 3.5297 1
29.097 46.426 40.288 34.753 2.3316 1
133.86 160.23 3.3099 7.5115 3.5613 1
155.62 130.34 10.351 5.5809 2.8272 1
221.69 197.88 52.091 55.395 3.199 1
298.95 292.62 347.88 205.33 3.7463 1
106.75 51.857 62.139 75.108 2.9411 1
294.15 358.15 204.22 186.36 3.612 1
10.907 1.596 72.568 77.824 4.2141 1
63.706 55.535 5.035 1.2762 2.8844 1
65.33 95.182 68.931 62.038 2.9054 1
11.684 17.373 24.085 32.361 3.4125 1
14.033 6.6658 31.366 37.921 4.2574 1
14.199 2.3851 57.814 43.498 3.4723 1
424.84 455.49 300.53 160.4 2.024 1
255.93 233 42.348 20.243 3.1173 1
59.083 84.222 40.265 30.627 2.1783 1
84.516 60.35 33.939 42.807 2.7345 1
241.57 261.01 22.934 42.245 1.8526 1
411.76 429.28 170.86 165.91 1.8835 1
20.351 1.5186 81.29 82.627 2.5823 1
51.625 70.373 10.371 10.173 1.329 1
284.13 304.13 5.375 5.375 1.25 1
334.11 317.85 5.1437 6.1996 1.5713 1
266.62 258.88 161.63 149.28 1.4549 1
316.63 332.89 4.2562 3.1322 1.9367 1
307.88 287.88 7.875 7.875 1.25 1
