469.12 450.41 133.98 295.23 5.7061 1
638.97 638.99 411.62 146.62 1.2669 1
135.37 574.12 478.99 478.98 1.2569 1
212.34 185.35 245.48 103.89 4.5006 1
208.75 212.57 1.423 17.945 4.8709 1
593.12 581.35 20.344 18.083 7.0808 1
321.45 211.43 338.34 246.86 8.4883 1
42.816 60.676 36.737 46.047 3.4195 1
344.58 467.62 186 133.98 7.4326 1
501.84 592.6 3.5389 13.977 7.0659 1
10.079 22.895 35.078 39.062 4.694 1
70.378 50.365 22.64 22.374 3.8994 1
188.95 345.29 105.72 185.53 6.299 1
83.286 87.422 22.689 31.83 5.6943 1
470.41 499.27 1.2048 3.5548 3.9405 1
205.04 201.84 20.431 1.3788 4.931 1
581.5 438.78 24.373 5.452 12.838 1
293.76 468.26 75.233 132.96 4.7309 1
90.598 87.348 30.659 18.925 3.2066 1
41.162 44.195 25.166 36.606 3.6247 1
450.36 352.87 292.85 356.61 7.7651 1
215.16 315.27 16.477 0.91819 3.7813 1
589.29 592.58 29.548 37.992 5.3709 1
639.19 605.28 2.9646 4.5783 6.2429 1
90.09 94.067 16.352 30.391 2.746 1
186.9 294.19 103.92 75.609 4.9016 1
218.81 221.98 10.691 1.3216 3.9708 1
23.04 15.753 35.769 15.692 4.9088 1
48.808 44.505 36.732 23.997 2.7848 1
295.19 220.23 0.44883 11.929 3.8185 1
593.17 639.36 38.829 42.236 9.6355 1
596.62 600.26 9.6509 1.0475 4.7407 1
617.19 617.4 25.387 15.392 3.2053 1
499.16 476.59 29.555 28.67 4.8982 1
21.975 27.827 25.175 35.402 2.9474 1
346.93 321.79 357.85 338.39 8.3214 1
146 144.11 12.979 1.6275 3.2877 1
355.28 345.59 364.23 355.24 8.1823 1
7.4444 3.3097 34.297 23.951 3.0162 1
344.23 339.57 351.62 190.36 3.0989 1
486.55 494.13 23.627 23.917 3.2653 1
416.34 445.24 13.886 22.096 3.1164 1
475.44 425.24 30.012 21.157 4.4915 1
342.28 345.55 190.39 305.41 2.2917 1
406.53 392.77 9.0473 7.9181 2.9196 1
458.15 461.49 201.66 172.86 1.6738 1
639.39 499.33 55.131 30.441 5.5867 1
346.49 346.66 321.63 350.37 1.2933 1
150.87 119.69 41.318 56.462 4.9151 1
446.58 481.58 22.069 25.829 2.4857 1
639.18 601.59 29.107 27.603 4.1468 1
376.37 355.66 367.93 363.91 6.9542 1
74.128 1.6265 70.216 69.03 3.586 1
450.75 449.43 303.78 316.78 6.3221 1
499.18 564.14 27.487 36.54 2.4458 1
147.43 151.48 16.402 31.103 5.7811 1
204.89 207.87 189.21 206.63 1.6537 1
397.89 409.17 5.1904 5.9635 1.5034 1
564.26 585.43 37.188 41.367 2.437 1
454.14 455.79 236.63 221.67 1.3792 1
152.92 201.54 29.403 21.126 2.2548 1
412.88 399.14 1.6679 3.0065 1.8501 1
422.99 434.28 163.23 159.61 3.1904 1
84.933 92.84 38.026 61.21 4.0622 1
95.376 75.376 69.516 69.489 4.9934 1
187.82 167.81 27.451 29.86 1.5856 1
108.8 99.094 64.653 69.057 3.3098 1
75.187 78.575 4.1966 13.085 3.6716 1
