97.787 145.18 10.207 14.055 4.8133 1
174.2 116.54 19.211 15.386 5.0781 1
206.58 261.72 18.267 24.53 4.318 1
139.12 574.12 479 478.98 1.2648 1
638.99 638.98 410.38 147.88 1.2526 1
145.37 205.44 12.915 19.793 4.4653 1
115.74 96.994 16.527 11.5 3.4741 1
277.81 297.71 25.14 19.755 3.5924 1
230.79 194.2 328.73 173.52 5.2228 1
256.97 209.15 27.794 21.454 4.806 1
207.96 174.17 22.486 20.706 4.0724 1
300.06 279.48 21.949 28.923 3.6105 1
84.588 99.008 0.7206 8.104 3.3647 1
97.543 76.162 11.025 0.087016 3.985 1
399.4 448.27 179.23 49.273 4.4089 1
193.03 288.46 174.06 60.872 4.5548 1
305.15 299.82 15.173 21.13 2.7951 1
573.54 562.94 18.362 9.0504 4.8343 1
324.15 341.61 5.5982 3.974 1.8234 1
471.71 456.6 5.302 5.8477 7.3147 1
547.92 592.91 30.784 25.645 4.4724 1
552.97 525.34 11.902 13.65 5.1479 1
380.76 378.38 357.94 372.95 5.3296 1
562.01 554.27 10.078 13.226 5.5734 1
376.81 229.36 367.14 329.45 8.1951 1
300.22 271.33 10.807 16.326 3.5186 1
369.19 321.62 39.584 35.427 5.1986 1
270.07 295.24 13.986 8.5087 3.7215 1
628.07 633.19 16.691 1.3135 3.5582 1
280.64 257.72 30.712 27.918 7.232 1
561.22 559.91 1.3024 8.0283 3.9201 1
588.02 550.5 21.285 27.369 3.969 1
307.89 280.47 35.23 32.996 3.2302 1
449.81 445.67 51.472 66.705 2.7404 1
282.86 311.58 30.554 32.353 2.4951 1
311.37 299.34 33.924 49.297 3.5094 1
430.54 369.29 46.238 40.016 5.839 1
445.69 430.02 69.167 186.74 3.801 1
585.45 566.62 31.405 30.404 2.6292 1
524.14 507.68 14.013 11.83 3.7933 1
325.33 312.81 35.19 34.714 3.7473 1
390.63 381.95 209.05 327.99 4.1953 1
595.94 593.52 1.3374 17.599 6.9182 1
340.38 321.74 1.6722 3.1255 2.8812 1
553.82 563.23 19.288 16.616 3.2184 1
382.09 380.49 329.04 344.27 3.7294 1
510.35 547.86 16.326 17.32 3.583 1
550.03 538.89 26.331 22.263 3.3192 1
383.4 380.9 344.75 357.73 8.5462 1
431.44 386.46 188.18 344.97 4.92 1
586.39 572.93 15.018 16.997 5.1287 1
446.62 431.52 47.928 46.378 3.6028 1
199.07 388.97 174.44 208.73 4.1859 1
344.19 325.47 5.8393 8.5397 3.7116 1
502.82 505.33 71.622 32.872 3.5 1
509.08 530.31 7.3264 5.7772 4.5589 1
509.83 508.33 32.855 72.845 4.0756 1
359.51 381.78 10.362 3.3819 2.5453 1
385.47 369.35 4.3583 10.923 2.6132 1
507.88 471.57 74.034 71.011 2.2849 1
374.12 386.65 23.912 23.494 2.4986 1
384.1 371.61 35.667 35.98 2.6248 1
455.38 500.37 66.56 70.457 2.2749 1
488.95 491.01 14.096 1.3238 3.7022 1
470.45 454.1 70.791 69.384 1.6329 1
211.12 215.74 229.24 250.3 1.3709 1
322.83 320.96 27.88 12.802 2.6352 1
350.36 372.85 35.133 33.787 1.25 1
