638.99 638.98 412.88 147.88 1.2622 1
139.12 574.12 479.01 478.97 1.2822 1
469.07 301.37 330.79 307.18 6.9459 1
299.27 311.2 304.31 131.51 6.6216 1
302.19 299.82 322.64 304.04 12.109 1
537.49 469.11 129.38 328.26 7.4308 1
310.92 312.31 130.25 109.01 6.7522 1
310.46 324.71 108.28 61.806 7.6173 1
315.26 534.1 101.24 129.36 4.7057 1
485.62 537.52 21.456 129.89 6.7168 1
430.34 393.91 175.56 169.07 3.1672 1
425.47 391.69 284.31 286.45 3.4267 1
462.87 421.58 141.87 140.86 3.5049 1
420.45 383.22 140.14 129.19 2.9618 1
391.63 420.38 288.3 288.16 1.375 1
346.52 485.29 3.7028 21.019 3.7278 1
325.18 344.87 61.559 4.3823 4.5158 1
414.12 451.63 144.58 144.38 2.6711 1
425.35 314.15 149.34 133.96 2.6875 1
386.85 405.35 133.41 139.2 2.9037 1
451.63 431.6 172.94 175.17 2.8971 1
435.42 416.6 233.43 235.09 2.3805 1
415.35 383.98 235.49 229.92 2.818 1
417.87 446.62 177.07 177.32 1.4664 1
529.1 432.86 138.04 125.46 2.374 1
520.4 426.61 161.41 149.27 2.2022 1
462.5 465.77 331.13 345.28 7.2158 1
389.07 375.42 284.39 281.42 2.1769 1
463.42 457.54 341.91 353.34 7.273 1
329.07 307.85 254.53 251.81 2.0364 1
325.4 380.41 132.69 140.1 2.3108 1
340.46 320.31 112.16 109.63 1.7083 1
312.87 312.87 156.63 174.13 1.25 1
430.39 439.37 226.57 229.68 1.7825 1
305.24 303.83 269.12 297.86 1.6765 1
309.15 308.98 212.88 231.62 1.2944 1
