203.53 162.16 292.42 119.95 4.867 1
137.87 574.12 478.99 478.98 1.2545 1
638.98 638.98 412.88 147.88 1.251 1
508.59 474.27 116.28 293.91 5.3415 1
161.52 192.9 120.31 72.079 4.8223 1
500.3 508.35 101.03 117.02 5.0608 1
164.12 505.38 120.13 117.44 5.9144 1
474.07 499.34 51.108 95.958 6.7341 1
205.34 474.16 55.688 51.295 5.6083 1
500.21 500.77 95.261 100.6 3.3648 1
193.27 204.21 71.883 54.991 4.2574 1
487.85 212.87 298.48 296.69 10.427 1
631.72 596.84 11.192 3.1803 4.1326 1
639.29 629.28 42.682 33.952 4.2274 1
616.74 639.74 2.6153 12.727 4.3895 1
596.63 470.37 2.8071 1.8025 3.6803 1
592.93 615.47 1.0091 3.1122 2.6053 1
629.61 636.1 33.096 18.887 3.8327 1
166.92 205.89 125.31 289 1.9111 1
491.62 479.42 290.37 296.02 3.4863 1
491.66 494.55 189.13 171.7 1.25 1
