638.98 638.99 411.62 147.87 1.2637 1
136.62 572.87 479.01 478.98 1.2731 1
222.53 189.78 310.18 154.97 5.3961 1
394.25 375.33 171.49 324.43 4.8368 1
397.9 394.02 97.876 173 4.7354 1
262.6 239.77 7.1015 53.829 3.5999 1
372.8 220.39 327.37 311.46 8.4566 1
188.76 207.7 155.2 117.16 5.5853 1
151.63 87.877 2.494 2.287 2.6867 1
175.34 144.24 6.9364 3.1698 5.2643 1
212.81 197.84 1.3791 5.2215 3.3535 1
208 232.97 116.68 65.42 3.5735 1
184.1 199.13 2.4317 1.6845 1.6831 1
191.57 391.69 154.81 170.85 5.0402 1
400.31 263.99 15.331 7.846 5.7317 1
206.76 175.6 10.688 6.2583 6.182 1
156.62 180.39 1.8643 2.4444 1.7071 1
90.398 69.135 2.387 2.1086 2.4998 1
395.18 400.69 96.612 15.312 3.5085 1
374.87 370.99 329.02 348 2.2256 1
235.36 207.85 12.049 10.942 2.9 1
427.43 422.44 36.688 1.5089 3.3719 1
426.53 432.37 1.4334 36.709 3.0977 1
399.28 398.06 71.632 96.634 1.857 1
202.86 226.63 7.0038 7.8352 2.6296 1
206.64 210.25 217.87 236.65 1.4636 1
378.57 385.88 271.56 211.69 1.635 1
376.61 378.24 289.12 275.42 1.3887 1
372.73 375.98 317.86 291.7 1.5569 1
