638.98 638.98 412.88 147.88 1.2561 1
521.45 480.65 253.8 432.65 4.7888 1
336.7 307.83 48.095 45.926 4.7695 1
470.56 460.37 1.5094 95.239 4.2146 1
332.12 325.36 6.898 19.114 5.3315 1
527.2 525.64 225.67 235.42 4.3451 1
525.35 521.24 235.66 253.08 4.7976 1
329.86 340.04 30.034 14.735 9.0139 1
136.62 574.12 479.01 478.99 1.2642 1
346.93 350.76 38.038 1.5344 4.774 1
353.7 353.19 1.5795 20.384 3.7825 1
342.44 339.41 12.969 39.302 4.9673 1
305.6 318.8 11.014 32.299 6.1165 1
373.95 386.45 6.1957 1.1776 3.0926 1
298.98 299.92 286.64 214.14 6.0241 1
205.25 201.91 71.655 57.805 4.2314 1
333.16 332.54 67.889 80.359 2.9283 1
294.68 296.79 6.5668 26.608 4.3835 1
302.83 304.91 28.858 9.0763 5.3641 1
278.65 278.8 76.621 59.112 2.6386 1
335.01 336.81 81.73 66.499 2.4166 1
280.44 263.98 26.113 23.997 2.2851 1
292.02 292.38 32.894 1.6193 3.807 1
188.04 186.85 75.489 64.102 4.9726 1
206.13 207.52 55.311 71.655 2.915 1
329 330 80.464 67.846 3.1835 1
411.07 528.48 124.84 217.11 4.2827 1
294.59 292.92 456.86 433.94 6.9591 1
323.71 325.92 54.162 78.966 4.1778 1
175.48 186.48 11.458 18.117 3.3194 1
210.75 210.41 72.893 56.624 2.7823 1
462.88 594.15 94.079 98.492 3.5704 1
106.49 121.89 68.567 71.481 4.6145 1
468.92 527.73 89.812 0.70164 3.7554 1
387.94 372.75 7.0655 13.844 7.8678 1
168.93 167.97 75.528 66.482 3.2006 1
184.2 170.52 61.521 62.45 4.3338 1
369.98 370.54 9.0778 19.185 5.0612 1
213.5 214.01 55.355 71.628 2.8532 1
363.61 364.65 17.975 10.278 4.0512 1
170.65 172.08 62.686 74.223 3.1079 1
196.82 193.35 56.665 73.236 5.15 1
523.16 466.02 0.98655 87.475 3.7086 1
175.14 174.47 75.393 66.599 1.7234 1
123 142.82 22.362 75.397 5.2876 1
555.5 588.87 1.1308 94.216 3.597 1
238.42 244.24 24.264 1.3377 4.5942 1
254.08 279.31 25.723 28.863 3.5722 1
117.99 100.22 52.334 48.631 3.9261 1
252.9 254.22 55.265 70.475 3.0914 1
317.58 323.2 26.195 28.238 4.0575 1
372.85 380.79 80.264 78.447 4.249 1
218.23 224.43 1.1651 22.789 3.7734 1
326.57 339.03 51.91 51.189 3.1454 1
157.88 137.86 21.411 20.964 2.8065 1
280.26 282.36 66.648 76.733 2.702 1
196.63 185.36 21.408 21.274 1.9491 1
297.84 298.65 307.97 286.7 4.7095 1
264.4 275.49 20.158 22.261 6.8393 1
287.21 286.76 11.655 1.563 2.2087 1
389.13 370.39 29.681 29.962 1.5122 1
279.54 265.12 5.8045 2.9274 8.0887 1
592.19 559.73 92.674 1.4109 3.6912 1
294.86 297.88 401.69 309.08 5.7708 1
341.03 353.55 49.021 41.861 4.1833 1
291.29 309.36 38.888 49.989 4.4279 1
464.89 474.4 89.208 1.5188 3.5325 1
371.61 387.77 26.35 25.601 8.0703 1
250.77 252.15 4.0625 12.792 3.8991 1
310.29 326.48 49.885 51.672 3.8645 1
113.15 117.68 54.443 68.346 4.3667 1
186.54 195.91 18.879 15.688 8.3345 1
169.18 180.94 10.186 23.485 3.7456 1
206.18 210.96 16.484 1.4137 4.7081 1
587.93 470.4 95.149 90.909 3.78 1
364.78 365.21 9.1618 1.5454 2.8467 1
370.33 387.91 33.218 32.391 3.1431 1
301.61 526.63 221.58 218.31 6.0987 1
451.36 452.35 95.453 82.933 4.1324 1
181.64 197.9 23.857 25.069 4.3905 1
140.48 161.13 18.585 15.607 8.6605 1
609.04 591.78 1.3799 95.174 4.6027 1
99.39 100.29 52.848 61.633 2.0972 1
113.74 122.1 5.6811 16.251 3.4471 1
354.37 355.36 41.509 32.873 3.4399 1
105.07 108.89 17.974 29.611 3.1904 1
397.84 401.05 25.2 1.5475 4.2209 1
1.5752 92.93 72.072 74.754 4.7778 1
141.62 159.13 24.584 24.861 2.6184 1
294.93 294.96 410.38 402.87 7.5213 1
132.49 141.08 14.359 28.703 2.7916 1
289.74 288.53 1.5972 29.154 2.1159 1
369.73 368.2 19.383 30.42 3.8864 1
94.465 95.622 1.5047 16.796 4.7028 1
122.6 119.86 71.848 53.133 4.072 1
600.36 639.14 84.994 85.61 3.9878 1
94.115 87.786 73.184 21.79 5.5125 1
165.03 169.56 22.756 9.7094 2.7993 1
454.67 464.8 84.192 1.2496 9.0551 1
197.11 205.84 24.674 16.982 3.1483 1
273.29 274.66 284.13 122.88 4.3464 1
294.06 291.07 433.16 406.27 10.353 1
276.62 411.65 123.26 125.28 3.8618 1
479.54 380.36 434.11 445.2 8.9657 1
96.355 95.402 61.517 52.872 2.2707 1
297.81 277.78 214.14 134.15 2.4442 1
137.25 140.44 2.731 16.609 3.1794 1
87.915 85.528 21.62 1.3131 5.8433 1
161.42 149.34 3.9851 1.7234 5.1447 1
287.16 273.55 406.56 290.3 4.352 1
248.77 248.12 54.129 1.622 2.5308 1
389.09 348.94 102.66 109.27 4.4958 1
599.56 600.65 96.535 86.655 3.0323 1
304.31 278.88 110.76 105.23 2.9194 1
145.91 137.36 44.531 29.414 2.6981 1
139.27 128.51 55.325 24.339 3.4933 1
132.79 142.57 27.925 45.547 2.7925 1
380.27 296.53 444.92 450.16 7.2484 1
277.97 249.24 104.93 98.584 3.1226 1
175.29 154.03 107.46 108.62 3.9114 1
472.36 479.82 438.3 456.34 7.4082 1
248.34 248.59 91.633 76.616 1.5017 1
330.31 311.38 114.73 112.78 5.7067 1
141.6 154.13 6.0825 6.4544 2.5731 1
393.41 390.59 79.035 101.5 4.8052 1
153.23 142.64 108.86 106.37 3.9366 1
615.42 599.5 1.3897 82.948 4.1594 1
322.72 322.67 86.628 105.37 2.5294 1
429.11 441.64 248.84 248.11 1.756 1
505.36 518.37 310.37 252.99 1.837 1
395.97 394.32 47.78 59.153 5.8447 1
394.13 441.62 94.015 95.447 1.8896 1
145.18 137.29 90.455 71.349 2.1838 1
302.88 302.88 224.13 250.38 1.25 1
310.49 303.75 112.31 110.93 5.4005 1
638.91 624.83 34.064 83.077 2.6256 1
411.65 426.61 248.61 249.44 2.7737 1
190.39 175.28 105.49 106.91 3.851 1
347.84 330.09 110.23 114.06 4.6238 1
391.62 304.12 255.21 256.38 2.3322 1
510.38 489.13 97.875 97.875 1.25 1
302.88 302.88 257.88 276.63 1.25 1
447.89 394.11 98.581 97.036 2.2477 1
475.99 473.78 451.7 469.24 4.6477 1
631.28 635.73 49.354 31.714 2.1378 1
425.39 410.37 244.9 244.55 1.5409 1
451.47 430.27 240.81 244.84 3.4513 1
476.62 410.38 253.98 254.13 1.323 1
575.55 551.88 66.561 1.5332 2.0349 1
300.43 300.39 322.88 351.63 1.2669 1
575.38 552.88 100.37 100.37 1.25 1
101.8 100.95 35.365 21.59 1.5538 1
623 630.62 76.662 50.086 2.2346 1
300.26 308.79 91.711 103.12 1.377 1
308.68 298.73 469.11 462.78 3.8809 1
384.12 421.63 232.78 231.83 1.8853 1
299.13 299.13 389.13 407.88 1.25 1
