136.62 574.12 479 478.98 1.2678 1
193.93 153.42 291.11 111.22 4.8561 1
638.97 638.99 412.87 149.12 1.2694 1
507.07 467.84 110.2 289.12 4.8513 1
467.99 507.09 43.542 110.1 5.3356 1
153.34 192.47 112.42 44.613 4.0821 1
192.88 467.89 45.293 43.363 4.7235 1
487.89 192.88 293.61 294.89 10.052 1
156.62 504.13 112.41 110.53 4.074 1
610.75 639.35 29.668 44.956 4.5407 1
639.54 610.34 49.588 34.188 4.4225 1
610.45 586 8.9305 -0.069365 4.3248 1
600.94 614.21 0.56723 7.7099 3.726 1
606.11 610.53 26.941 16.692 3.1297 1
615.78 611.09 13.777 25.153 3.2647 1
161.09 196.12 130.5 286.46 1.8651 1
479.55 472.8 287.31 291.5 4.5045 1
432.88 389.13 46.625 46.625 1.25 1
242.88 194.13 47.875 47.875 1.25 1
