638.98 638.97 412.88 146.63 1.2596 1
581.98 504.92 131.93 307.13 5.1273 1
136.62 575.37 478.99 478.98 1.2647 1
198.74 196.03 132.78 143.98 4.2715 1
204.73 199.88 182.68 198.98 4.1794 1
202.14 192.92 95.304 109.16 4.1726 1
210.94 205.24 225.04 236.56 2.821 1
188.58 201.71 107.18 90.695 4.8712 1
191.26 197.58 142 127.22 4.4401 1
200.48 210.4 199.36 215.36 4.8696 1
195.66 206.43 194.27 174.02 5.2136 1
196.55 199.32 143.64 150.29 3.9426 1
504.56 286.73 307.6 334.94 11.007 1
198.06 209.13 244.88 220.95 4.2831 1
192.41 189.09 122.7 107.61 5.3003 1
193.02 198.89 110.31 122.98 4.6209 1
202.53 196.61 211.78 198.44 5.1966 1
199.13 491.63 53.741 53.089 4.1962 1
199.84 208.25 150.73 160.04 4.2795 1
206.76 190.26 165.27 144.22 5.397 1
198.49 193.48 127.26 122.27 4.4212 1
211.8 202.92 220.2 211.55 3.6277 1
212.78 211.86 182.97 170.27 3.5584 1
215.64 212.51 221.71 184.05 4.4614 1
212.86 580.43 147.49 131.67 4.814 1
212.04 212.01 169.13 157.87 2.5306 1
492.06 583.37 52.567 131.25 5.3364 1
203.92 213.64 244.23 263.13 4.0329 1
202.12 201.57 250.49 240.45 3.7444 1
216.94 215.37 241.77 231.44 6.5547 1
209.81 206.52 157.05 133.61 10.4 1
202.09 198.45 91.82 53.949 5.3853 1
218.37 216.34 264.2 242.78 3.7332 1
222.54 217.6 339.06 264.14 6.441 1
215.62 201.99 269.87 251.36 4.2915 1
206.86 202.58 125.74 99.376 7.0027 1
286.54 229.44 334.66 341.68 12.387 1
209.17 207.47 210.53 182.98 5.0841 1
207.59 213.62 239.78 236.84 3.7149 1
206.03 205.94 174.12 165.37 1.3281 1
503.3 538.45 303.06 223.13 1.6553 1
500.22 493.89 315.07 330.79 6.5061 1
441.63 219.13 56.625 56.625 1.25 1
226.94 227.21 219.12 250.38 1.4743 1
222.76 222.26 211.63 180.36 1.5937 1
223.05 226.2 154.12 216.65 2.5033 1
553.97 564.18 187.81 164.15 1.25 1
224.53 224.15 247.89 217.87 1.4548 1
559.12 524.13 136.6 136.7 1.2646 1
229.13 229.13 267.88 285.38 1.25 1
216.49 217.53 191.63 212.89 1.7376 1
497.87 471.62 139.04 139.12 1.278 1
