638.98 638.99 412.87 147.87 1.2529 1
280.88 292.59 305.48 101.75 5.74 1
136.62 575.37 478.99 478.98 1.2605 1
515.8 449.68 134.68 332.64 5.6199 1
449.09 283.67 334.36 308.28 6.7318 1
291.87 335.55 101.74 6.7076 4.5431 1
475.77 516.15 25.69 134.77 4.5598 1
294 513.05 102.47 134.14 4.4603 1
336.55 475.38 5.8974 25.374 3.7764 1
410.52 396.66 236.96 238.23 2.5882 1
420.41 409.13 177.49 177.99 2.3325 1
368.01 396.49 136.22 145.77 2.7737 1
409.19 373.87 178.83 171.61 3.0322 1
399.05 364.33 143.12 132.23 2.9716 1
406.6 381.6 286.41 288.85 2.6095 1
397.88 426.62 180.32 180.4 1.2611 1
396.51 293.98 151.11 135.06 2.5781 1
439.13 400.34 145.26 143.71 2.3986 1
400.4 432.82 146.24 148.62 2.7327 1
396.68 362.79 238.86 232.04 2.4753 1
377.91 391.7 175.23 178.82 2.4195 1
386.63 410.38 240.24 240.37 1.3668 1
500.45 431.52 166.09 156.06 2.3406 1
509.12 415.37 142.93 129.14 2.6183 1
386.59 404.17 291.21 289.7 2.1687 1
281.35 282.45 321.8 308.14 7.9766 1
293.93 290.39 139.11 196.63 1.8817 1
296.64 371.57 132.8 144.46 2.196 1
336.6 296.63 116.77 110.34 2.1158 1
444.43 444.99 335.29 354.1 6.6956 1
430.46 399.16 156.06 151.42 2.1533 1
287 284.39 254.15 301.64 1.7287 1
420.31 410.27 235.77 236.54 2.397 1
294.86 294.21 114.1 130.38 1.7492 1
376.58 339.04 123.17 117.15 2.1165 1
464.13 429.14 3.9631 3.2143 3.6421 1
442.95 440.56 345.41 351.7 5.7274 1
290.23 287.95 201.62 247.88 1.4767 1
288.22 284.16 326.97 316.31 7.1755 1
415.44 439.06 151.19 154.6 1.1331 1
492.84 470.28 1.148 2.8493 2.3989 1
409.23 420.19 228.88 233.32 2.7864 1
