482.96 433.41 114.71 293.58 6.5777 1
638.98 638.98 411.62 147.87 1.2531 1
136.62 574.12 479.01 478.97 1.2787 1
432.89 299.13 294.18 336.63 6.4425 1
307.87 480.59 139.07 114.35 5.3063 1
328.77 482.49 18.45 113.5 3.9692 1
207.72 204.25 190.77 156.49 7.0835 1
204.65 197.8 155.48 25.313 5.3225 1
201.84 309.1 27.663 137.9 4.2129 1
199.15 329.06 23.577 18.705 4.5748 1
300.32 289.77 343.84 329.57 8.5224 1
296.6 307.52 334.21 171.6 3.5099 1
291.96 304.03 327.9 142.87 2.8219 1
289.62 209.26 330.6 194.04 6.5875 1
391.58 422.84 153.87 148.91 2.2142 1
413.01 391.73 175.98 180.84 2.6486 1
304.86 297.62 169.17 279.11 2.3148 1
640.07 574.27 17.925 1.0753 12.612 1
387.82 310.36 157.55 170.28 2.6528 1
297.2 294.39 282.91 327.89 2.0275 1
620.62 639.69 2.4318 5.1485 7.6013 1
386.61 364.16 180.59 178.75 2.4916 1
422.87 390.23 151.59 156.98 2.4783 1
372.84 390.53 150.63 152.91 2.2009 1
391.86 373.21 278.55 285.09 2.7111 1
395.72 381.6 233.03 236.53 2.4481 1
309.07 387.79 167.53 154.86 2.7692 1
392.88 369.14 150.31 147.76 2.4857 1
366.61 381.64 181.99 182.49 1.6604 1
475.53 420.28 122.68 130.99 2.4073 1
374.07 355.38 236.32 235.31 2.4964 1
308.27 308.55 164.13 140.38 1.5269 1
396.57 412.84 219.47 220.06 3.3003 1
367.86 347.88 284.48 283.9 2.281 1
431.67 441.95 289.14 251.72 1.6288 1
430.96 425.52 305.38 319.18 6.3073 1
608.81 591.93 31.184 24.597 5.311 1
376.57 337.85 137.45 142.65 2.0522 1
385.4 402.85 266.15 267.11 2.8399 1
391.64 432.88 135.97 136.3 3.9549 1
402.85 425.31 164.48 166.18 2.7758 1
448.88 453.28 226.56 209.23 1.539 1
322.05 299.81 354.6 343.94 6.9039 1
434.06 420.63 140.06 142.86 2.7298 1
427.4 417.68 167.19 173.84 3.15 1
415.01 405.86 221.23 229.65 3.6058 1
529 566.39 1.9659 16 2.7826 1
550.74 520.5 15.868 1.3686 4.3234 1
420.45 441.61 128.39 125.26 1.7856 1
572.93 560.36 2.5493 2.1206 2.5412 1
591.57 600.9 18.023 21.427 4.3796 1
363.46 376.45 176.55 170.03 2.175 1
605.43 626.5 25.218 32 1.997 1
420.36 407.86 169.94 169.66 2.5276 1
460.31 465.36 184.11 165.37 1.4373 1
399.17 387.89 223.35 224.33 1.5691 1
619.49 609.01 35.573 31.967 3.3659 1
389.12 367.88 184.08 184.35 1.3149 1
572.09 551.66 22.578 15.289 4.5373 1
