217.04 216.35 115.4 90.314 3.7828 1
638.98 638.99 412.87 146.62 1.2572 1
137.87 575.37 479.01 478.97 1.2894 1
221 217.4 275.36 120.33 4.7397 1
364.95 563.28 180.71 87.478 4.9797 1
219.11 364.76 90.399 180.61 5.3612 1
216.94 433.87 89.1 33.133 4.8002 1
328.09 220.95 372.64 275.99 4.356 1
565.99 499.57 85.851 247.54 5.0568 1
499.38 492.96 247.11 250.54 4.5601 1
279.13 310.1 160.37 171.16 3.0244 1
268.26 251.86 153.48 129.83 3.5481 1
342.84 333.49 365.32 371.34 7.358 1
302.94 268.71 256.46 244.03 2.6717 1
312.58 275.19 168.74 155.92 3.2086 1
260.05 251.2 236.77 216.81 3.5469 1
310.1 272.59 199.95 187.49 3.1528 1
433.58 566.12 33.01 85.39 4.4064 1
256.91 250.25 282.01 265.42 3.4884 1
266.18 255.26 183.2 167.95 3.0615 1
493.26 341.29 253.77 366.56 8.8112 1
279.2 309.17 192.66 202.73 2.3973 1
298.73 264.7 305.05 290.74 3.1026 1
371.35 337.42 186.57 365.29 3.1852 1
272.72 302.81 248.31 259.32 2.2605 1
249.12 258.77 136.63 144.56 2.5532 1
267.42 296.48 295.24 306.99 2.8351 1
222.82 223.81 231.63 275.38 1.9009 1
210.54 224.84 291.86 281.63 7.6958 1
256.79 222.63 146.38 123.23 2.5052 1
220.54 221.49 124.12 177.88 2.3679 1
222.6 247.79 119.52 136.75 2.4434 1
256.39 269.27 129.94 133.6 4.2905 1
268.38 261.12 243.65 235.84 2.0262 1
365.37 368.04 202.87 189.16 2.2151 1
587.76 560.43 17.284 12.578 4.2509 1
253.78 270.38 216.5 221.6 3.9518 1
255.2 272.97 160.95 166.31 4.1965 1
346.81 363.59 301.66 212.77 2.6198 1
222.88 222.88 196.63 224.13 1.25 1
395.37 366.86 170.36 183.39 1.6885 1
361.7 283.99 182.76 134.35 1.4956 1
360.53 307.7 188.88 155.65 2.4734 1
338.52 329.98 324.25 370.3 2.8251 1
334.82 346.25 364.26 304.05 2.1159 1
219.66 219.82 99.119 112.88 1.4124 1
348.12 338.91 273.93 321.82 2.88 1
611.61 639.19 16.761 19.753 3.1593 1
247.98 225.4 250.24 231.6 2.0512 1
358.8 348.29 214.3 271.47 2.8563 1
607.98 588.94 19.734 16.478 2.6433 1
276.68 260.34 172.73 166.73 2.1553 1
295.92 343.95 168.94 200.63 2.1502 1
344.09 292.32 204.18 169.97 2.1386 1
306.54 313.48 157.94 167.11 3.2591 1
362.89 359.61 191.63 207.97 2.6996 1
235.59 269.16 236.36 264.08 1.9728 1
297.75 314.09 145.56 156.68 1.4951 1
344.05 332.71 373.88 377.35 2.8542 1
636.58 613.99 23.186 20.12 1.973 1
