198.43 159.03 301.5 121.37 4.6945 1
136.62 574.12 479.01 478.97 1.2803 1
638.98 638.99 410.37 147.87 1.2535 1
521.64 478.05 115.07 293.86 5.776 1
491.69 199.21 297.86 305.94 9.8078 1
158.58 191.91 120.78 49.847 4.2812 1
473.14 521.9 46.071 114.81 4.7659 1
192.87 472.91 50.072 46.485 5.2237 1
161.61 519.14 120.88 114.9 4.1992 1
613.75 640.32 37.241 53.413 5.0603 1
614.33 592.71 43.837 28.631 5.3018 1
601.7 612.89 31.491 37.841 3.408 1
640.79 615.96 60.645 42.094 6.274 1
599.56 574.29 11.837 1.2237 4.1725 1
602.57 599.83 14.362 25.239 3.027 1
582.11 597.13 0.45186 6.6548 3.1899 1
178.81 200.82 196.69 298.05 1.9679 1
163.62 178.22 127.71 194.05 2.0248 1
416.63 396.63 50.375 50.375 1.25 1
