638.98 638.98 412.87 149.12 1.2513 1
137.87 574.12 479 478.98 1.2718 1
195.51 289.81 61.487 152.21 4.1968 1
565.23 503.9 157.41 342.8 4.9441 1
223.58 195.8 233.17 62.602 5.0266 1
341.85 564.62 30.957 155.47 4.3891 1
503.77 358.7 343.51 427.49 7.8563 1
149.05 127.22 25.037 35.215 8.7658 1
164.06 148.95 16.928 13.707 3.7439 1
27.186 15.134 38.412 34.967 4.1203 1
176.67 169.01 18.358 19.016 4.2712 1
229.76 223.71 241.12 233.46 3.924 1
362.06 229.34 425.06 242.38 6.7337 1
1.8885 16.078 105.63 91.059 3.4646 1
231.75 341.99 54.683 30.815 4.4207 1
11.038 1.5497 89.898 101.56 4.1246 1
23.738 10.1 58.812 89.557 7.6116 1
145.53 143.43 12.091 1.5152 4.6595 1
220.47 198.07 57.095 61.394 4.3402 1
61.732 41.86 39.613 43.951 3.2856 1
40.078 88.176 40.504 27.762 7.3221 1
0.71543 6.679 37.158 47.326 7.1018 1
130.32 106.69 33.57 36.026 4.4563 1
96.513 121.59 30.034 33.122 3.4165 1
84.114 135.39 19.774 18.816 3.0131 1
88.885 103.15 29.642 24.963 6.3092 1
92.773 62.483 32.365 38.41 4.1744 1
106.83 94.061 35.017 33.371 3.1184 1
227.11 208.51 57.226 43.277 3.7501 1
20.065 11.224 29.294 13.094 4.0914 1
70.679 30.612 91.366 103.65 2.7381 1
212.52 230.45 42.17 54.017 3.1473 1
14.69 1.274 35.542 28.548 3.5142 1
21.856 26.856 8.7492 28.451 6.0764 1
16.507 46.409 103.68 95.803 2.9256 1
201.38 207.8 33.199 37.975 2.7518 1
204.1 219.72 92.879 190.28 2.4217 1
97.869 81.601 22.774 23.719 2.5683 1
501.03 559.06 341.84 165.35 2.4074 1
20.003 31.606 81.401 62.112 4.2845 1
361.88 324.16 12.542 22.984 2.8513 1
166.75 164.65 10.346 1.5004 2.1443 1
330.38 366.84 19.143 7.294 2.1104 1
12.585 15.214 54.209 63.284 8.2473 1
384.91 362.84 0.67528 11.547 2.2427 1
43.847 49.404 44.582 51.398 2.5347 1
289.61 375.45 152.35 232.79 2.5128 1
231.61 255.28 34.042 28.699 2.3203 1
259.16 306.62 28.223 22.824 2.06 1
46.776 74.296 95.793 85.849 2.2227 1
222.52 226.39 207.93 231.66 1.8644 1
83.286 64.131 23.182 12.863 4.4019 1
513.01 561.66 178.2 157.95 3.17 1
1.6128 16.527 24.149 31.816 2.3489 1
364.42 336.46 218.82 191.8 2.0397 1
228.04 225.22 254.1 238.92 5.9169 1
159.17 196.74 94.291 84.575 2.2542 1
322.9 295.38 23.104 26.67 2.1128 1
383.84 397.88 232.14 226.63 2.0772 1
197.85 159.13 87.776 97.887 2.4655 1
239.15 217.9 35.502 40.499 2.7197 1
334.42 306.38 190.06 164.39 1.7661 1
517.85 474.42 132.92 108.6 1.3552 1
292.92 262.88 27.078 30.396 1.9286 1
398.83 450.57 225.9 204.61 2.457 1
415.44 379.01 215.54 230.09 2.0915 1
90.462 74.215 9.4996 13.263 4.0248 1
230.66 227.76 266.55 255.09 2.4378 1
454.24 472.92 203.15 195.49 1.8955 1
