201.63 167.71 245.1 89.865 5.9522 1
136.62 574.12 478.99 478.98 1.2556 1
170.23 436.72 89.964 134.83 4.7815 1
418.12 201.06 314.92 248.48 9.5834 1
638.99 638.99 411.62 147.87 1.2537 1
347.9 482.76 57.672 73.799 4.4656 1
167.21 175.95 90.025 84.343 3.9909 1
486.57 405.37 7.3809 1.6492 3.5354 1
462.39 456.51 226.01 242.48 5.7139 1
456.85 459.39 218.19 226.54 3.4841 1
639.34 486.75 30.191 7.0457 3.8389 1
482.83 462.52 75.032 225.5 7.235 1
531.69 472.89 4.0563 1.3384 3.8614 1
472.93 615.38 2.4901 22.875 3.5633 1
426.64 471.66 1.2414 3.4505 2.0068 1
432.57 417.86 316.97 314.2 8.1363 1
551.37 591.43 6.8013 2.3808 7.3177 1
455.34 456.31 236.62 226.59 1.9841 1
615.5 639.25 23.339 27.065 3.3173 1
424.84 422.47 299.55 310.56 7.1623 1
457.66 468.81 107.03 104.16 2.9694 1
545.38 532.87 5.7049 5.6817 6.2639 1
436.42 423 162.73 299.01 5.5035 1
585.39 550.37 8.0647 11.557 4.359 1
438.46 436.63 135.23 159.13 5.2726 1
176.67 251.1 84.211 45.611 3.4913 1
456.56 427.68 242.84 300.28 3.4828 1
463.91 452.54 133.8 141.11 3.5278 1
385.33 171.4 129.42 94.226 3.5768 1
201.18 203.9 226.71 241.67 1.9015 1
194.85 198.07 197.98 214.09 1.4719 1
251.55 337.89 45.969 56.515 3.0595 1
451.51 432.7 314.29 316.21 5.9908 1
460.37 471.89 239.14 241.63 4.9849 1
464.4 451.12 150.86 158.22 4.1246 1
457.97 444.87 200.54 208.27 4.2503 1
421.05 421.76 234.15 215.38 1.4857 1
419.19 419.64 255.38 244.15 1.5013 1
