638.98 638.98 411.63 147.88 1.2529 1
136.62 574.12 478.99 478.98 1.2641 1
490.88 437.53 121.95 309.03 8.5977 1
217.7 212.29 193 24.064 7.6489 1
437.37 295.47 308.25 342.03 8.3386 1
640.91 576.14 33.413 13.188 11.111 1
290.57 220.02 342.82 197.44 6.9308 1
577.96 639.77 1.33 19.438 6.8918 1
469.6 488.64 105.98 120.17 6.7411 1
231.86 310.75 46.422 136.29 3.7302 1
292.93 308.65 338 170.45 3.2955 1
342.64 468.82 23.231 105.84 4.3571 1
309.51 290.4 358.89 342.63 8.8103 1
309.1 485.5 136.34 121.89 8.8881 1
573.69 542.32 34.918 17.625 4.0714 1
288.67 300.17 331.58 205.36 2.8362 1
546.08 575.02 16.465 31.075 3.3161 1
293.24 291.07 306.66 331.69 1.893 1
636.18 619.78 52.755 46.232 5.7944 1
211.61 344.14 23.952 24.744 5.6797 1
294.41 293.99 286.6 301.62 1.2845 1
619.87 629.62 40.68 43.831 4.7215 1
432.39 427.75 322.71 336.58 5.1384 1
536.59 524.97 9.2403 5.3289 3.5539 1
575.53 615.1 31.087 42.585 2.7085 1
298.8 297.67 244.1 261.61 1.7285 1
606.61 574.27 45.408 34.916 4.1473 1
309.43 310.05 159.15 150.35 1.7762 1
617.98 606.79 47.172 45.522 3.5275 1
417.92 427.92 170.02 171.24 2.4818 1
422.86 434.13 139.74 140 2.5574 1
