472.83 453.48 85.221 247.8 5.2299 1
136.62 574.12 478.99 478.98 1.2544 1
638.98 638.99 412.87 147.87 1.2591 1
212.89 183.08 210.12 65.076 4.5113 1
454.92 362.68 247.23 312.59 4.9772 1
357.65 471.13 137.38 85.789 4.6599 1
186.06 359.34 65.468 138.61 4.9066 1
22.746 33.35 8.1517 13.109 3.4707 1
183.26 289.47 64.219 34.09 4.018 1
373.64 218.19 325.37 217.42 8.8675 1
625.47 549.09 13.505 1.8386 4.1523 1
585.38 639.15 1.4688 3.2471 3.201 1
639.16 577.8 7.4918 2.5637 3.1475 1
639.18 626.58 13.081 12.471 3.1019 1
290.04 467.89 34.074 84.069 3.9986 1
422.71 359.32 133.79 164.52 2.3181 1
455.72 466.71 202.92 112.88 2.1491 1
424.39 405.5 155.01 160.78 2.2921 1
417.95 438.05 143.19 138.63 3.104 1
410.4 428.09 135.47 129.78 1.7132 1
584.11 639.11 5.596 10.516 2.6724 1
127.14 93.6 7.7485 25.641 4.3396 1
361.6 405.41 160.33 139.19 2.3304 1
429.35 408.31 125.97 134.02 2.6092 1
417.73 434.24 191.01 187.12 3.0783 1
424.07 439.23 116.31 113.44 3.9169 1
354.32 351.33 306.64 142.88 2.5453 1
420.25 429.31 231.76 230.75 3.5098 1
212.46 215.66 192.96 207.81 1.7482 1
393.85 368.76 323.14 318.65 5.4923 1
354.25 354.9 164.12 210.38 1.7597 1
44.128 10.385 38.89 38.41 1.73 1
192.4 204.08 95.472 152.88 1.7673 1
451.29 453.37 244.21 221.67 1.6842 1
453.63 452.48 259.01 276.68 5.5573 1
352.86 282.94 139.17 110.22 2.2733 1
356.63 356.63 239.13 261.63 1.25 1
188.58 191.55 76.725 92.889 1.4553 1
59.632 70.693 4.8497 35.259 4.0584 1
79.312 61.464 36.6 39.32 4.4606 1
356.52 356.87 264.13 289.14 1.2674 1
407.88 419.62 236.63 231.52 3.788 1
61.634 45.318 38.138 38.691 4.0443 1
90.396 80.159 27.905 35.066 2.558 1
358.99 360.05 145.29 159.15 2.3967 1
