238.61 208.54 315 157.51 5.076 1
638.99 638.99 411.63 147.88 1.2504 1
137.87 574.12 479.02 478.98 1.2841 1
282.92 305.42 14.286 8.0268 3.8752 1
206.59 266.79 5.6991 12.694 4.5596 1
256.69 214.05 14.799 9.7744 4.3055 1
208.02 294.55 157.79 54.477 5.0317 1
415.67 459.72 157.98 37.637 4.2972 1
307.79 285.75 10.126 17.713 3.914 1
212.97 107.96 10.588 0.76407 5.9458 1
153.01 205.48 0.50369 6.9859 3.8895 1
382.96 237.62 353.79 315.08 8.1808 1
565.42 522.92 16.842 18.085 4.0406 1
286.84 260.3 20.391 15.797 6.206 1
311.67 307.72 1.6477 9.0421 3.2333 1
457.84 321.51 36.934 21.343 6.2132 1
391.58 385.52 321.85 351.66 9.7996 1
511.53 528.92 15.682 21.045 2.2108 1
535.22 527.62 3.5713 5.7418 4.2926 1
322 307.73 21.917 40.261 3.6189 1
317.82 286.71 24.749 21.905 3.3931 1
404.29 389.13 193.99 320.53 4.3987 1
292.72 273.7 1.1866 7.9316 3.7259 1
287.88 319.1 19.049 21.881 2.8285 1
210.59 402.8 158.02 194.52 4.3218 1
529.13 566.63 21.647 21.242 2.8369 1
459.7 438.28 38.802 166.9 4.3022 1
526.82 515.28 5.6647 3.3279 3.4272 1
527.79 538.02 11.32 8.3641 3.6026 1
524.78 513.84 16.823 12.331 3.0546 1
565.21 546.57 9.4009 12.519 5.3438 1
515.44 528.88 6.3851 10.042 3.5113 1
438.23 434.03 167.72 191.61 3.4094 1
434.09 395.47 191.99 322.02 4.4847 1
571.63 564.89 0.62028 8.9702 6.6197 1
509.13 511.67 62.875 25.294 3.3204 1
516.26 514.6 25.306 64.092 2.9438 1
395.35 429.05 25.638 28.672 1.9295 1
216.44 231.98 181.66 262.81 1.9856 1
514.21 459.14 65.736 60.216 2.9862 1
460.43 506.58 57.323 62.088 2.1421 1
381.6 397.94 13.214 14.599 1.9846 1
394.15 384.11 16.313 15.643 1.6636 1
365.36 379.13 23.262 23.965 1.6945 1
619.13 591.58 36.573 31.862 2.2215 1
