361.91 339.42 5.3299 0.31397 3.6601 1
375.2 429.09 7.412 19.267 3.6129 1
274.99 256.02 295.27 133.9 4.385 1
422.03 361.64 21.032 7.8213 4.6555 1
467.9 493.01 30.579 27.858 3.3242 1
496.57 470.63 30.025 34.37 3.7107 1
638.98 639 411.62 149.12 1.2706 1
139.12 574.12 479.01 478.97 1.2844 1
409.18 587.89 211.69 74.151 4.6571 1
579.91 537.23 99.826 233.07 4.3542 1
445.92 422.62 30.24 21.025 4.1634 1
429.15 455.31 20.291 28.083 3.365 1
505.19 495.97 21.425 29.783 3.8786 1
356.87 376.27 0.80648 6.5741 2.8821 1
504.06 521.46 15.219 7.5068 4.065 1
522.52 506.53 10.804 17.663 3.12 1
588.87 580.39 73.598 97.879 4.6643 1
255.81 449.99 132.48 33.377 4.6927 1
389.43 274.64 382.05 295.94 7.5005 1
489.1 462.51 18.971 22.973 4.3324 1
460.19 485.34 20.503 16.43 3.7369 1
553.75 550.42 1.0911 11.229 5.9548 1
616.48 615.48 1.4428 9.1382 2.9077 1
560.03 493.34 65.252 45.09 6.288 1
539.39 394.57 233.14 380.81 5.8331 1
471.68 522.86 36.418 49.197 3.3403 1
526.65 545.39 18.802 20.097 2.0635 1
492.94 466.91 45.139 38.088 3.6196 1
586.38 560.37 72.521 65.381 4.3723 1
467.74 452.06 37.019 31.609 3.2207 1
612.93 639.21 18.491 20.604 2.9368 1
486.58 500.34 17.142 18.28 2.6975 1
591.22 600.99 0.97426 13.647 2.8277 1
550.42 522.88 13.074 12.511 8.8502 1
639.24 604.12 24.41 20.401 3.975 1
497.92 490.22 21.291 20.268 2.6428 1
1.6035 71.598 10.204 1.4138 3.588 1
98.999 1.421 0.68963 13.864 4.1813 1
517.99 505.39 24.564 22.75 2.6625 1
260.51 407.84 135.11 212.94 4.2558 1
515.21 520.75 45.332 24.557 8.5344 1
259.52 271.8 137.83 242.86 2.547 1
594.24 586.84 9.0159 1.4202 2.6629 1
272.17 277.68 245.45 294.15 1.7815 1
589.21 622.97 62.414 68.603 2.9098 1
28.87 8.9682 1.6692 5.885 3.741 1
564.24 591.76 3.4747 8.3875 2.6365 1
580.37 596.63 17.824 16.758 2.4946 1
620.34 591.55 71.773 65.744 2.6458 1
570.44 595.41 29.529 25.601 2.9828 1
599.23 579.21 27.066 31.983 2.6833 1
596.63 582.89 19.174 21.699 2.233 1
591.55 622.91 93.169 101.51 2.4161 1
628.98 591.63 107.15 96.611 2.5908 1
610.61 606.89 22.407 30.496 3.9292 1
