136.62 574.12 478.99 478.98 1.2658 1
638.99 638.98 412.88 147.88 1.2558 1
146.34 403.97 79.278 132.38 5.3555 1
181.97 144.52 234.99 78.731 5.0323 1
462.16 459.72 71.359 89.375 4.4515 1
459.93 447.96 90.318 183.05 5.4798 1
448.42 442.02 180.12 229.18 4.3677 1
442.3 405.18 228.76 287.3 3.7593 1
360.51 461.34 55.708 70.996 5.055 1
377.09 189.75 306.53 241.09 7.8996 1
431.38 443.28 129.73 125.17 3.677 1
565.27 601.62 3.7813 1.4724 3.901 1
444.67 445.54 125.42 137.86 3.6533 1
448.7 447.97 104.18 115.46 1.7293 1
439.8 439.59 172.87 187.9 3.8721 1
433.92 446.89 103.15 100.39 3.4579 1
403.67 436.47 129.93 97.739 3.6501 1
406.48 377.05 314.6 305.56 8.7312 1
434.15 435.56 215.37 226.76 3.5679 1
146.85 237.69 77.122 36.214 3.759 1
515.42 475.48 4.9585 0.68139 3.6407 1
639.32 515.6 26.762 5.3028 3.6317 1
506.79 639.33 0.6529 22.925 3.7592 1
405.06 392.32 287.66 306.24 5.8612 1
436.99 444.95 118.22 109.91 2.7834 1
401.65 392.06 160.29 301.65 4.8851 1
604.09 565.4 4.9624 8.2255 3.962 1
402.95 401.85 132.81 154.2 4.5796 1
404.88 425.95 152.42 129.75 2.4225 1
560.71 544.12 4.8918 1.6528 5.6258 1
352.77 150.22 125.87 83.63 2.9641 1
425.46 410.48 134.2 150.47 1.9112 1
236.78 360.31 36.88 55.798 3.0956 1
433.09 422.69 106.83 117.7 3.6509 1
438.91 457.85 98.915 79.101 1.7673 1
189.85 185.12 261.42 244.55 4.1402 1
422.98 406.55 312.56 311.5 5.9154 1
391.28 392.12 176.61 149.14 2.1201 1
387.57 388.28 257.87 227.88 2.0304 1
389.63 390.47 201.65 185.38 1.634 1
