139.12 574.12 479.02 478.97 1.2904 1
638.99 638.98 411.63 147.88 1.258 1
240.08 208.8 316.43 161.19 5.0296 1
207.76 297 161.33 54.435 4.3053 1
415.77 459.93 160.52 38.964 4.3783 1
125.33 180.51 2.2351 5.8532 5.3368 1
547.69 542.54 8.0709 3.2375 3.2527 1
179.34 109.08 9.9814 4.6869 5.2168 1
282.75 302.95 17.398 11.893 4.0583 1
109.14 124.24 1.4272 2.5565 2.5863 1
303.26 287.88 15.295 20.388 3.5679 1
392.47 387.82 329.79 352.86 7.8369 1
269.44 206.69 20.433 12.351 5.0722 1
385.3 239.56 355.65 317.45 8.64 1
181.46 270.59 7.1212 15.634 5.5017 1
516.2 537.87 17.848 25.4 3.2375 1
205.42 180.28 13.587 11.47 3.9598 1
542.02 530.67 5.0579 9.8267 4.91 1
405.23 390.19 191.47 329.24 3.978 1
322.11 307.74 24.505 42.766 3.3656 1
271.21 291.32 9.3999 0.89552 4.2952 1
293.73 273.64 4.2834 11.514 4.2319 1
459 438.87 43.906 170.53 4.0713 1
560.41 550.26 18.207 19.207 7.4639 1
457.81 322.67 39.741 24.731 7.3153 1
542.93 518.66 21.378 16.375 4.5688 1
293.05 268.93 25.934 19.925 6.3624 1
550.26 542.94 19.731 20.176 3.8949 1
439.66 427.27 171.45 223.33 4.8259 1
576.09 570.36 1.8076 11.372 6.6464 1
536.65 570.37 24.487 23.973 3.0144 1
532.73 515.28 8.0525 6.2877 3.3679 1
317.78 294.08 27.813 25.947 3.1789 1
426.68 395.45 223.77 330.03 4.4445 1
212.83 402.76 161.86 197.24 5.0467 1
535.3 545.14 13.752 11.743 5.8987 1
306.7 294.18 3.7864 4.8273 3.0093 1
509.31 512.57 65.387 16.605 3.4913 1
289.11 319.09 21.815 24.48 2.7115 1
516.58 514.78 24.123 65.403 2.9874 1
517.82 529.06 10.862 12.188 2.7758 1
324.14 314.04 5.0329 4.472 2.4962 1
218.46 226.1 191.76 230.48 1.7268 1
484.14 469.14 2.0647 2.4347 2.1518 1
505.42 467.92 67.456 63.7 1.869 1
