638.98 638.99 414.12 146.62 1.2649 1
135.37 574.12 479 478.97 1.2764 1
173.96 147.77 312.73 115.22 5.2586 1
152.37 162.21 83.738 70.824 4.7836 1
182.77 492.81 27.888 52.476 5.0401 1
554.73 475.93 140.79 319.52 6.7641 1
148.09 155.43 114.97 96.159 4.4021 1
476.92 466.34 320.21 318.04 4.3983 1
153.93 153.19 96.636 82.993 4.8583 1
166.04 181.93 68.897 28.486 4.5734 1
493.25 556.22 52.247 140.66 5.6621 1
184.22 171.47 313.79 315.05 3.7146 1
467.85 181.71 321.82 316 12.077 1
150.27 552.85 115.84 140.74 5.2091 1
161.26 164.41 190.42 216.59 1.9876 1
158.75 160.26 172.92 186.64 1.5173 1
152.52 154.13 124.16 141.62 1.588 1
161.53 163.51 127.88 147.94 1.1105 1
166.92 167.8 170.35 182.88 1.7746 1
411.6 391.64 49.442 47.695 1.4633 1
