638.97 639 411.62 147.87 1.276 1
136.62 572.87 479 478.98 1.2596 1
194.18 205.33 13.854 13.263 3.6787 1
446.92 316.68 319.96 366.78 7.8761 1
482.06 446.38 173.62 318.76 4.9354 1
280.55 272.48 19.494 23.285 3.7388 1
290.5 286.94 1.3287 14.798 5.5432 1
246.62 269.13 28.719 28.73 2.5066 1
347.67 482.05 49.349 173.76 5.2339 1
269.13 247.9 25.482 26.099 2.4989 1
253 346.87 66.073 49.223 4.164 1
210.67 187.77 16.237 23.819 8.3143 1
17.241 42.19 90.853 81.962 3.8577 1
35.864 46.379 16.407 39.926 3.9607 1
1.5324 16.715 93.612 90.871 3.246 1
223.31 256.37 72.609 127.27 4.9254 1
137.8 118.08 24.99 28.909 3.1983 1
116.55 151.99 26.354 16.701 6.4669 1
106.89 89.176 23.268 17.711 4.2557 1
36.794 35.734 40.364 24.021 4.3893 1
69.633 76.622 10.229 34.486 7.5733 1
229.14 236.7 6.8446 6.2071 2.9117 1
240.37 223.5 206.63 80.291 4.4683 1
167.91 152.69 11.286 9.9263 3.5126 1
255.37 241.62 15.516 15.399 2.5745 1
24.9 19.271 11.203 0.86484 4.489 1
269.34 290.42 27.436 21.8 3.6227 1
43.649 39.554 25.62 17.654 2.2862 1
52.769 51.678 46.731 32.773 6.523 1
53.123 37.653 31.501 0.48875 4.4952 1
29.113 14.134 93.809 94.366 6.3387 1
286.32 276.82 12.246 17.018 5.0287 1
244.8 240.45 219.76 206.2 7.0963 1
72.773 59.162 47.429 50.538 2.5425 1
163.95 171.82 17.868 18.962 2.1082 1
152.72 165.19 17.373 13.528 4.6885 1
155.37 204.12 8.1782 8.686 2.6691 1
183 156.69 24.705 19.994 2.9934 1
39.364 31.546 17.136 1.6648 2.3025 1
47.449 38.926 44.97 53.936 3.86 1
61.394 77.957 53.398 48.133 2.1143 1
60.651 68.097 0.45906 10.205 4.732 1
172.63 185.39 19.994 21.492 3.433 1
155.34 137.97 20.231 24.51 3.061 1
314.81 310.87 364.32 353.14 9.4988 1
50.427 36.314 77.941 89.066 4.077 1
16.475 1.4552 96.69 97.613 6.0848 1
134.35 78.14 75.119 87.8 3.0709 1
314.36 359.29 220.05 208.52 4.0067 1
9.33 21.934 76.946 68.901 3.3627 1
85.455 130.39 83.226 72.956 3.0633 1
105.88 107.44 1.4128 14.328 5.1137 1
258.53 287.2 29.722 58.55 2.6642 1
102.96 84.314 51.931 57.282 2.5806 1
309.61 245.56 353.3 219.69 6.0075 1
102.37 96.296 15.62 3.0335 3.3378 1
316.02 314.13 351.63 221.61 3.2598 1
281.98 258.48 58.748 34.78 2.8163 1
32.803 15.801 68.959 76.354 3.0892 1
240.47 225.25 68.522 70.734 3.0131 1
55.346 29.088 92.56 94.976 1.9322 1
82.815 97.672 9.2245 18.21 1.9151 1
85.592 113.05 54.714 44.591 2.3456 1
47.682 50.605 64.194 72.344 3.6193 1
29.354 1.1802 18.739 26.194 6.8601 1
360.17 399.11 208.37 197.82 2.5141 1
416.66 443 193.02 185.83 2.1936 1
411.76 385.41 9.6138 16.746 2.0594 1
322.88 350.37 20.411 18.939 1.7827 1
62.57 50.356 56.808 54.213 3.0415 1
1.5461 19.095 7.2865 9.3788 3.0744 1
350.36 324.11 21.361 22.593 1.6589 1
