137.87 575.37 479 478.97 1.2803 1
638.99 638.98 412.88 147.88 1.2587 1
554.52 522.87 8.4504 15.338 5.1005 1
560.08 553.18 46.185 70.461 5.1388 1
285.7 558.91 168.59 46.448 4.9129 1
552.13 513.83 74.853 221.55 5.0587 1
516.59 545.43 11.306 8.4209 3.6074 1
543.23 554.04 7.6563 3.8916 2.8249 1
183.23 429.89 82.699 0.16934 4.5561 1
222.52 183.68 256.12 89.52 4.9139 1
515.87 313.49 223.66 352.06 8.7728 1
494.66 471.99 11.853 0.86413 5.5898 1
505.32 519.1 8.7008 9.5561 2.7276 1
480.47 504.06 1.3084 8.0869 3.9365 1
521.74 514.06 14.262 13.482 2.9929 1
523.9 506.38 0.83987 5.7532 4.1395 1
515.28 570.38 16.95 32.856 3.6029 1
285.17 222.01 329.48 256.29 6.5722 1
567.81 513.82 35.62 20.191 3.7745 1
306.39 296.92 353.42 342.45 9.0756 1
551.61 531.62 2.1579 1.6463 1.5055 1
562.92 576.67 1.4032 3.8853 2.6823 1
574.13 560.5 6.5781 4.5414 3.3394 1
514.73 505.87 20.579 15.423 3.87 1
296.23 285.37 342.14 329.48 6.9233 1
450.72 556.61 6.8952 44.175 4.3848 1
304.84 285.82 345.3 171.44 4.3912 1
621.55 609.11 1.3856 5.3278 3.5748 1
631.37 639.27 82.475 84.887 3.4853 1
606.42 564.33 43.905 35.592 3.2407 1
571.5 576.24 31.065 8.7767 9.2607 1
639.52 626.98 88.988 85.399 3.4322 1
609.07 585.34 4.9736 3.4734 3.5848 1
187.65 195.69 91.678 126.55 1.5931 1
529.6 540.79 147.67 104.23 1.8343 1
431.72 441.58 1.3168 4.2721 2.036 1
255.6 232.68 141.35 123.11 2.0936 1
