383.84 194.98 310.24 261.94 9.0407 1
137.88 574.13 478.98 478.99 1.2565 1
163.86 450.55 99.807 139.09 5.0086 1
638.99 638.98 412.88 147.88 1.2593 1
197.03 163.66 259.3 99.949 7.0333 1
472.76 479.17 129.88 144.65 4.5866 1
479.03 481.96 102.89 121.57 7.1432 1
467.54 470.71 179.2 194.05 6.6339 1
480.38 394.11 7.6331 4.6069 3.2657 1
320.3 483.99 61.175 76.752 4.566 1
492.96 414.12 15.593 9.1297 4.0237 1
382.89 489.15 2.0276 4.0223 4.1482 1
478.47 471.42 144.96 156.04 5.5608 1
482.46 474.36 121.21 129.36 4.4419 1
639.13 564.11 3.3734 2.5252 3.3478 1
412.9 331.64 10.118 2.6862 3.2715 1
461.8 463.57 214.11 241.66 6.7969 1
520.15 558.2 11.676 4.6265 8.5132 1
495.4 480.36 7.6962 7.8852 4.9996 1
500.12 520.56 6.5834 2.5658 5.1262 1
420.44 485.43 7.0185 12.11 2.6646 1
397.86 419.11 6.915 8.11 1.5989 1
470.06 461.53 194.64 212.83 8.9132 1
483.56 481.14 77.692 101.7 6.2183 1
639.28 493.99 38.098 16.254 3.6435 1
486.52 639.23 12.332 34.651 3.6913 1
452.56 450.18 141.59 165.48 4.7235 1
450.41 435 163.8 279.41 5.783 1
350.4 382.92 1.3843 4.9823 2.2099 1
330.39 226.63 2.9992 1.4373 2.669 1
326.63 344.13 1.625 1.625 1.25 1
415.69 384.31 317.94 309.68 7.7645 1
511.84 496.54 10.216 8.9682 5.3896 1
557.85 517.89 11.425 15.539 4.3338 1
440.36 411.14 322.91 314.56 8.2416 1
472.13 469.5 155.72 178.88 5.8139 1
459.26 458.54 239.12 227.83 2.8137 1
434.22 431.05 287.75 316.42 8.9716 1
462.98 456.12 237.31 250.75 4.4767 1
356.6 167.82 129.34 104.58 3.4328 1
469.18 459.43 156.72 162.17 4.1445 1
478.46 469.69 88.166 105.66 2.8045 1
166.24 218.89 98.115 67.47 3.9502 1
465.06 460.23 114.57 124.65 2.3963 1
434.67 433.97 280.17 286.74 3.8612 1
1.5647 20.349 3.6134 1.4002 3.0679 1
452.9 436.67 319.76 320.31 6.1613 1
463.04 458.42 141.69 154.33 2.5756 1
244.15 292.95 53.873 58.243 2.7317 1
464.49 474.23 242.59 244.93 3.2738 1
453.38 447.61 257.54 270.25 3.2046 1
447.31 441.99 269.66 288.88 4.3534 1
