638.98 639 411.62 149.12 1.2688 1
137.87 574.12 479 478.98 1.2696 1
422.55 398.97 148.88 299.3 4.4791 1
335.55 422.01 29.903 149.19 4.2993 1
399.14 256.59 301.7 336.49 8.2404 1
22.042 44.451 43.362 37.983 3.8895 1
234.77 232.35 196.75 185.22 3.9899 1
247.16 234.72 277.99 197.59 3.9734 1
1.5294 20.349 45.605 43.842 3.5005 1
234.08 416.65 183.86 151.79 4.4427 1
255.39 247.56 333.91 288.14 7.6034 1
44.143 11.536 46.966 48.668 7.4898 1
43.139 55.605 38.669 29.435 4.204 1
189 207.85 31.301 96.633 3.7643 1
58.258 42.198 32.159 43.674 4.9452 1
265.38 190.41 20.419 29.425 4.3157 1
89.18 70.375 1.843 6.6253 2.7518 1
248.43 247.51 287.82 279.03 3.2625 1
25.308 18.346 29.027 35.828 3.5976 1
20.463 32.385 28.047 21.922 3.2739 1
142.91 105.41 33.069 40.543 3.1936 1
81.656 45.291 44.407 48.356 3.4301 1
11.658 1.5866 49.978 49.775 5.1759 1
100.57 139.15 38.773 30.497 2.6181 1
34.185 25.733 25.53 28.799 3.0465 1
35.418 70.412 45.961 43.38 1.9416 1
57.474 58.757 18.98 26.474 2.4386 1
206.9 196.23 132.83 74.197 3.244 1
215.12 207.67 177.92 135.19 3.4599 1
104.11 86.696 40.291 43.286 2.0796 1
51.752 34.429 20.87 25.311 3.0425 1
282.91 272.21 16.238 1.2108 3.1814 1
129.24 115.33 3.1419 9.0085 2.2482 1
196.27 191.5 73.952 49.149 2.4549 1
214.42 215.83 187.74 177.76 3.7134 1
243.13 216.8 287.81 185.33 3.3641 1
232.21 220.17 181.45 140.44 2.1814 1
276.99 288.2 1.3517 16.383 2.7338 1
396.09 409.6 296.74 210.45 1.8586 1
410.16 418.24 207.84 155.43 1.8958 1
399.09 378.01 122.9 94.025 1.2822 1
418.23 405.51 148.86 131.52 1.25 1
320.48 309.17 13.391 15.596 2.2145 1
