638.97 638.99 412.87 146.62 1.2664 1
591.51 511.07 126.7 305.81 5.2571 1
139.12 574.12 478.99 478.98 1.263 1
210.63 205.14 172.96 189.46 4.3439 1
205.96 201.03 120.63 131.91 3.937 1
212.74 212.22 167.93 155.4 4.0044 1
208.05 198.31 85.856 99.439 4.0832 1
210.76 210.38 149.16 127.87 4.8872 1
214.9 209.11 219.5 231.62 3.3839 1
224.11 216.63 330.38 219.21 4.4494 1
200.18 208.22 191.55 170.51 5.053 1
197.66 203.94 100.47 115.45 4.9821 1
216.14 213.19 213 171.78 4.7213 1
510.77 289.93 307.01 328.25 9.9378 1
193.16 207.65 98.125 81.434 4.522 1
196.37 202.3 135.29 118.48 5.1998 1
205.92 216.12 228.24 212.96 4.8576 1
207.59 206.18 245.5 227.91 4.6854 1
200.37 208.47 132.88 149.44 4.5147 1
214.19 201.07 211.58 192 6.2206 1
205.51 213.27 190.3 205.17 4.4812 1
197 194.23 113.26 97.857 5.265 1
207.86 505.37 44.455 46.506 4.6634 1
207.54 195.95 154.33 135.03 5.5747 1
208.16 206.29 81.675 45.328 4.5163 1
203.45 195.75 118.7 112.41 4.8381 1
209.27 208.27 111.73 89.163 4.4409 1
215.34 589.16 137.94 128.04 4.7818 1
505.09 591.45 46.83 126.92 5.5567 1
210.49 210.39 227.86 242.88 3.7186 1
211.41 216.86 241.06 252.77 3.4002 1
218.09 208.55 259.31 246.14 4.6053 1
289.36 227.6 327.84 333.84 11.802 1
509.84 546.57 301.39 219.1 1.7935 1
505.17 498.9 316.41 330.27 6.6164 1
223.33 225.68 144.1 189.17 2.3661 1
226.29 229.44 194.14 255.36 2.2772 1
222.64 222.45 189.13 170.38 1.3772 1
216.49 218.51 175.38 204.17 2.0359 1
547.73 558.2 216.56 193.02 1.25 1
224.58 224.1 220.39 197.88 1.4885 1
372.87 299.13 49.307 47.829 2.1262 1
230.87 231.57 276.65 295.38 1.6662 1
226.62 226.62 255.38 236.63 1.25 1
192.26 203.46 238.86 234.33 6.9773 1
565.38 512.88 132.88 132.88 1.25 1
