638.98 638.98 412.87 147.87 1.2516 1
506.76 287.03 309.01 335.07 10.026 1
136.62 575.37 479 478.97 1.2788 1
204 194.32 94.541 110.5 4.538 1
202.91 197.81 129.14 140.34 4.0327 1
209.42 201.24 178.65 195.18 4.459 1
585.27 507.38 131.71 306.41 5.8179 1
197.08 208.92 194.38 172.77 4.9101 1
212.46 204.42 225.17 241.14 2.811 1
193.18 199.94 141.76 125.91 4.4471 1
201.74 210.05 194.62 213.56 4.6605 1
191.06 203.72 105.92 90.049 4.6773 1
199.72 211.08 243.81 220.12 4.6893 1
194.04 191.44 120.39 106.43 5.4578 1
212.58 212.63 174.12 161.62 6.2835 1
197.92 205.17 140.98 155.48 4.4731 1
195.64 201.66 110.87 122.86 5.0209 1
204.55 197.86 212.72 194.13 5.3131 1
209.37 193.32 165.18 145.02 5.2514 1
214.68 213.12 211.71 175.42 8.1508 1
207.62 206.57 235.22 245.37 2.9615 1
214.12 582.95 146.54 132.36 4.6598 1
200.85 193.52 126.24 119.66 3.718 1
216.76 216.18 239.22 224.14 6.0061 1
215.07 205.4 220.71 211.69 5.239 1
202.87 495.38 52.884 52.993 4.9333 1
217.11 215.56 222.98 211.43 3.3103 1
207 202.07 258.11 239.68 5.3063 1
212.16 208.64 160.63 133.26 7.7579 1
495.85 587.14 52.506 132.47 4.4831 1
204.65 201.64 90.538 54.021 5.3785 1
208.32 205.29 124.36 98.029 6.209 1
205.66 214.74 245.21 260.75 4.0496 1
222.95 217.22 337.94 240.27 4.5654 1
217.1 208.12 268.73 257.89 3.8239 1
286.84 231 334.76 341.13 11.887 1
502.09 495.65 316.6 332.25 5.8467 1
224.42 227.67 159.17 229.13 2.5857 1
509.96 522.73 292.69 264.06 1.4037 1
187.34 201.25 248.9 239.12 6.7748 1
576.63 535.38 136.63 136.63 1.25 1
228.86 229.25 240.36 271.62 1.25 1
224.6 224.08 224.11 202.88 1.4642 1
371.63 286.63 56.625 56.625 1.25 1
226.63 226.63 271.63 249.13 1.25 1
216.67 218.14 184.12 205.36 1.6763 1
511.63 484.13 139.12 139.12 1.25 1
