638.98 638.98 412.87 147.87 1.2546 1
478.16 443.31 136.16 301.45 6.6384 1
135.37 574.12 479 478.98 1.2679 1
443.72 329.01 302.03 356.37 4.9915 1
332.61 476.87 176.93 136.25 4.7805 1
545.52 639.37 0.89497 19.093 5.347 1
313.66 477.72 55.069 135.7 4.2232 1
211.54 195.65 222.75 73.962 5.3222 1
198.52 332.72 74.928 175.99 4.8203 1
635.08 489.76 31.747 -0.015251 11.078 1
197.49 313.07 72.797 55.401 4.7457 1
555.68 520.38 32.662 25.363 4.5603 1
519.06 475.02 26.855 14.084 3.3732 1
639.56 555.92 54.963 33.282 4.2586 1
515.33 546.62 23.54 24.203 4.0929 1
334.41 215.48 369.77 230.65 9.042 1
548.08 639.44 28.313 51.637 3.4783 1
474.59 462.82 13.288 6.7156 2.5654 1
478.62 514.18 12.067 22.702 3.3354 1
424.34 405.49 198.56 204.49 2.9993 1
399.08 421.52 181.42 176.19 2.0368 1
415.19 335.1 179.78 204.48 2.5027 1
413.32 394.65 289.95 300.09 1.7619 1
470.32 423.07 145.19 158.57 2.2461 1
321.28 327.65 347.86 181.62 3.0622 1
416.63 397.97 175.42 178.48 2.2652 1
411.88 389.41 251.28 257.63 2.9023 1
194.9 162.56 6.57 18.263 4.5028 1
332.99 395.15 202 183.37 2.633 1
329.38 325.88 204.13 302.89 2.3657 1
414.1 431.69 188.79 187.65 2.8975 1
324.8 323.9 307.86 349.12 1.6004 1
409.04 424.27 238.4 236.61 2.3379 1
104.21 30.373 27.198 17.888 3.2949 1
419.17 435.42 162.25 161.02 5.1754 1
389.24 411.59 170.75 164.02 2.2883 1
433.01 425.26 189.35 197.77 3.0556 1
440.79 439.66 313.15 330.41 6.6439 1
326.44 328.1 352.91 307.84 2.4559 1
399.11 415.38 280.86 281.28 2.5974 1
344.52 333.48 368.64 363.95 4.7719 1
330.38 330.38 180.38 196.63 1.25 1
384.24 365.51 169.54 174.62 1.8609 1
426.64 412.86 192.08 192.58 1.651 1
145.49 121.67 28.585 29.975 4.5544 1
121.58 105.38 28.682 27.778 2.6355 1
328.3 329.13 302.9 285.38 1.7219 1
329.7 330.65 276.66 260.39 1.3204 1
354.04 344.08 371.83 367.98 3.1492 1
127.56 131.43 1.4221 19.169 4.307 1
