638.98 638.98 412.88 146.63 1.255 1
136.63 575.38 478.98 478.98 1.2512 1
221.16 196.9 250.27 74.087 4.8088 1
598.16 524.2 154.98 336.14 4.4018 1
334.5 598.45 36.095 153.15 4.8695 1
62.921 70.268 32.185 31.578 4.8799 1
524.17 408.45 335.43 437.11 5.7966 1
228.59 221.56 257.18 250.4 4.4353 1
82.286 61.04 32.169 44.356 8.834 1
411.78 227.56 433.96 258.14 9.2874 1
112.85 101.58 24.599 24.896 3.9465 1
198.27 334.41 75.496 36.358 5.1209 1
93.885 76.79 22.855 19.526 5.4179 1
458.09 413.71 246.37 429.33 4.7946 1
74.371 71.017 16.844 1.4848 3.2423 1
200.06 455.95 78.358 245.16 3.9567 1
41.656 56.887 41.891 40.09 4.0851 1
1.4968 26.619 38.945 37.743 7.0732 1
52.665 16.552 45.456 42.522 4.5475 1
195.8 152.1 74.644 49.552 3.9509 1
156.74 200.9 47.677 72.901 3.7249 1
100.03 101.84 1.4104 9.0731 3.3616 1
29.195 4.1341 30.348 31.785 3.1395 1
5.3693 67.887 27.691 25.745 3.6756 1
27.681 40.455 39.26 41.054 3.5398 1
15.487 1.2968 42.279 44.704 3.6651 1
143.74 153.89 39.77 45.777 3.2266 1
149.24 140.5 47.671 42.663 2.3231 1
113.77 195.12 106.77 80.824 2.7102 1
195.75 115.27 84.042 110.06 2.9919 1
202.64 224.91 86.487 250.44 3.165 1
100.83 95.924 15.649 1.4354 2.0809 1
309.51 283.06 10.065 20.84 2.6158 1
224.79 223.78 263.11 255.26 3.5589 1
187.87 160.56 39.124 47.244 2.2995 1
521.73 590.97 334.17 164.37 1.9771 1
15.393 1.561 2.0481 2.6477 2.7142 1
278.03 247.8 22.352 28.785 2.2099 1
281.74 306.8 18.158 8.3144 2.2427 1
162.7 178.97 43.56 38.603 2.6534 1
196.54 271.62 33.594 21.564 2.3658 1
231.53 205.18 103.03 85.667 2.0633 1
246.73 220.49 28.617 32.427 2.2944 1
66.689 85.453 86.82 80.612 1.972 1
323.81 310.24 1.0832 8.8946 1.8707 1
244.53 233.81 112.32 104.56 1.7455 1
29.651 24.063 8.7561 0.79173 2.936 1
15.509 1.6318 104.38 111.64 1.6411 1
25.112 33.722 34.599 31.684 2.7874 1
232.99 227.4 280.9 268.77 1.9894 1
