638.98 638.98 412.87 147.87 1.2539 1
249.14 217.88 15.971 15.272 4.7473 1
478.91 318.1 355.74 395.04 7.0077 1
489.01 479.42 295.15 353.13 4.5157 1
136.62 574.12 478.99 478.98 1.2559 1
508.47 489.35 177.36 294.37 6.3939 1
371.21 372.18 1.5883 56.615 5.7205 1
501.3 515.44 143.79 142.18 5.4265 1
291.57 253.96 32.574 39.452 4.7075 1
164.2 181.69 48.152 49.508 4.4151 1
230.34 215.38 39.786 39.009 3.8745 1
374.1 499.15 55.998 51.081 3.6639 1
310.3 500.6 165.98 144.88 4.5509 1
272.81 283.94 50.144 47.173 3.623 1
285.21 306.46 46.926 43.194 4.7744 1
512.42 507.78 153.52 176.37 8.326 1
250.05 250.24 1.5583 7.8791 5.0744 1
91.732 71.77 39.893 42.669 4.4031 1
237.95 250.46 19.985 18.832 3.6195 1
617.81 639.31 55.779 59.235 5.3334 1
490.36 376.61 48.737 52.557 3.3891 1
400.14 376.93 1.5095 48.659 3.3644 1
589.93 599.8 35.604 1.1016 6.6995 1
48.956 62.641 62.053 59.237 3.925 1
217.9 239.22 18.73 20.236 3.6526 1
247.05 233.34 250.65 85.44 6.2805 1
68.206 56.859 42.322 44.253 3.0719 1
65.273 76.661 59.433 58.204 4.9711 1
252.8 270.12 53.754 50.345 4.1427 1
379.89 404.59 50.759 1.233 3.4059 1
238.84 241.16 34.19 44.233 5.7146 1
251.05 264.79 18.335 8.3194 4.3142 1
497.92 580.34 38.836 34.607 4.4497 1
109.01 123.94 53.206 51.356 4.1827 1
77.655 92.88 57.574 55.414 3.3616 1
198.19 217.75 8.4945 18.123 4.5396 1
166.84 165.98 42.946 30.42 3.9992 1
639.88 612.06 71.245 67.322 10.442 1
33.987 21.535 47.688 46.071 3.5578 1
248.33 249.13 37.843 49.213 2.5819 1
364.11 365.55 57.875 1.5654 7.4629 1
59.332 49.009 45.144 43.703 3.1955 1
245.94 244.8 50.324 37.813 3.2805 1
100.79 99.316 35.305 52.995 4.7756 1
111.65 106.04 49.116 31.815 3.3277 1
20.415 33.032 50.05 51.586 3.5715 1
579.54 586.69 34.215 1.0997 5.9149 1
1.426 19.272 53.219 55.448 4.1847 1
94.375 91.661 53.124 42.243 5.7617 1
313.4 248.88 394.55 254.82 6.1709 1
316.41 314.85 391.63 201.62 3.0047 1
111.12 114.06 33.952 46.64 2.9991 1
325.22 314.31 406.61 394.12 9.7602 1
376.33 376.07 46.619 1.6209 2.7514 1
492.21 473.93 42.616 1.1594 4.1059 1
425.69 409.34 329.97 335.96 2.5476 1
429.19 416.72 274.32 278.18 2.303 1
45.325 36.532 38.468 37.732 3.0127 1
12.56 1.4057 34.792 32.961 4.5104 1
119 121.71 33.926 49.329 3.2598 1
496.49 494.11 1.3075 49.124 9.9877 1
37.291 43.299 43.362 58.459 4.6574 1
305.55 307.22 41.828 30.103 3.5364 1
468.71 490.66 1.2413 48.894 5.0762 1
561.53 611.65 60.637 55.673 2.7462 1
306.3 255.39 69.069 81.701 4.5699 1
314.39 313.79 194.16 175.39 2.8595 1
117.16 115.7 45.466 34.083 2.9568 1
443.27 423.28 172.87 179.16 2.9564 1
639.05 592.58 90.687 79.063 3.6411 1
504.08 402.96 153.72 164.9 2.7716 1
496.63 485.35 178.03 178.57 1.7301 1
585.39 560.51 69.052 64.616 2.9 1
614.18 569.17 58.492 62.151 2.7247 1
74.145 49.162 91.951 93.485 3.5897 1
73.377 70.489 55.579 45.002 3.1817 1
484.17 316.65 179.5 200.58 2.8917 1
594.06 586.74 1.1821 22.914 4.3517 1
19.043 12.423 54.611 36.451 6.4101 1
591.33 639.17 75.266 87.704 3.5563 1
3.9308 10.273 36.715 50.422 3.8436 1
74.638 77.013 45.254 55.283 2.4969 1
89.2 137.75 85.796 77.152 2.5122 1
312.01 310.34 385.37 291.63 2.2056 1
620.45 596.64 40.888 41.877 4.1615 1
365.41 502.64 77.803 138.4 4.3364 1
400.38 370.37 57.959 58.262 2.6642 1
419.13 392.87 213.74 213.59 1.3961 1
457.87 444.06 170.35 172.41 2.1585 1
117.97 92.865 83.395 87.819 2.5328 1
195.47 157.95 79.643 74.77 2.9138 1
317.8 501.67 197.29 174.52 3.2987 1
570.46 586.69 63.599 66.229 2.2679 1
599.78 591.92 38.464 35.776 6.3184 1
307.83 355.41 60.6 58.706 2.5412 1
499.24 499.59 47.938 40.396 3.9189 1
634.43 620.56 1.0374 52.924 5.2134 1
12.305 34.016 3.201 41.153 4.8044 1
231.72 199.01 84.751 79.913 4.3974 1
252.88 364.18 84.127 77.584 3.3035 1
389.12 419.12 180.63 180.84 1.4143 1
392.87 415.38 216.05 216.29 1.4753 1
469.84 481.29 359.62 372.03 7.4216 1
31.625 52.875 1.625 1.625 1.25 1
307.6 306.27 44.103 60.549 4.6798 1
310.62 310 274.11 259.09 2.3434 1
407.88 382.88 335.61 335.91 1.4955 1
426.62 445.37 263.68 263.75 2.5395 1
427.88 450.39 200.62 200.34 2.7151 1
421.61 502.95 160.27 150.99 2.3748 1
355.41 311.59 61.184 63.326 2.2859 1
440.38 410.38 56.625 56.625 1.25 1
429.19 449.06 248.25 245 1.8397 1
399.13 382.9 165.46 166.93 1.6978 1
314.13 314.13 367.88 385.38 1.25 1
421.62 386.62 178.33 177.93 1.4788 1
415.36 379.12 278.71 277.88 2.2998 1
462.87 440.35 245.37 248.97 2.2219 1
91.785 74.287 88.984 91.502 4.2548 1
355.44 326.73 323.22 328.45 1.6787 1
586.61 565.34 40.82 41.268 6.3803 1
160.03 157.67 63.14 48.951 3.4888 1
305.52 306.05 9.1199 24.189 5.2605 1
476.35 480.91 351.79 325.47 1.727 1
339.05 324.46 410.64 406.66 5.0437 1
380.37 365.4 167.81 168.45 1.5658 1
435.37 456.62 167.68 167.63 2.5239 1
495.38 464.13 54.125 54.125 1.25 1
420.44 436.56 318.41 319.89 2.3756 1
310.55 310.3 290.39 275.38 1.25 1
342.81 316.61 171.03 173.99 1.6628 1
37.167 17.963 35.064 1.5743 3.5866 1
446.35 438.51 266.13 270.53 3.4043 1
476.44 469.35 367.91 383.66 5.924 1
155.81 155.62 29.141 19.144 2.6442 1
283.81 311.75 135.69 164 3.6053 1
361.65 345.39 169.42 170.62 1.6163 1
356.8 402.96 319.99 310.8 1.9466 1
28.291 37.624 11.326 24.305 2.6001 1
310.51 309.77 255.37 232.85 1.5353 1
10.405 1.6134 83.56 83.093 1.5795 1
522.74 519.66 10.359 35.441 1.5673 1
153.34 153.45 17.879 6.6187 2.5579 1
516.17 518.31 26.748 12.942 1.7032 1
441.7 426.68 205.37 204.5 2.4234 1
424.08 433 164.51 165.48 2.7553 1
