136.28 389.1 78.155 135.47 4.7657 1
135.37 575.37 478.99 478.98 1.2595 1
638.98 638.99 411.62 147.87 1.2575 1
181.67 170.34 236.39 234.31 3.5871 1
324.16 451.42 52.654 74.089 4.5022 1
172.48 133.58 233.6 77.387 7.3123 1
451.04 432.54 75.014 233.13 7.1448 1
133.53 229.41 76.91 36.038 4.8423 1
598.06 492.96 23.146 3.6625 3.6042 1
567.67 609.05 6.5886 3.2397 7.3747 1
488.23 639.42 -0.31195 27.52 3.8048 1
639.25 599.05 30.971 23.243 3.3038 1
374.73 179.91 313.77 240.78 9.0602 1
494.07 454.16 3.7042 1.1488 3.343 1
432.7 379.8 233.14 309.98 6.7528 1
416.67 435.43 108.06 103.08 3.5482 1
549.48 534.1 4.8862 1.7629 3.445 1
387.33 412.91 133.65 110.3 5.8981 1
562.92 550.31 5.9819 5.1797 8.9704 1
418.99 431.75 132.46 128.25 2.7903 1
393.91 374.47 317.54 312.88 8.2173 1
610.33 562.97 8.4693 11.73 4.3013 1
532.89 510.37 2.3935 1.6452 2.6232 1
412.83 420.81 109.64 104.19 6.2952 1
427.94 430.47 177.86 190.1 2.7693 1
317.82 174.36 123.11 90.6 3.5249 1
230.38 323.95 36.591 52.668 3.1371 1
424.11 424.35 220.38 235.37 3.7694 1
375.33 319.11 135.59 122.93 2.3183 1
175.64 139.06 90.478 81.887 3.0053 1
385.34 380.82 164.01 262.9 6.1294 1
386.27 384.75 136.5 156.77 6.6078 1
410.37 394.03 315.34 316.27 4.0973 1
418.97 433.27 104.06 90.804 5.4341 1
178.99 173.97 255.43 243.66 3.0798 1
419.42 411.6 112.02 117.85 3.0076 1
