638.98 638.99 411.62 146.62 1.2581 1
259.15 227.85 3.5632 2.0449 4.1696 1
381.13 378.59 1.5365 51.598 4.4029 1
135.37 574.12 479 478.98 1.267 1
252.77 252.87 37.883 22.866 2.5787 1
474.06 314.45 356.28 388.23 7.3706 1
600.15 609.77 30.299 1.4221 5.1425 1
255.98 256.28 22.863 37.882 1.5038 1
214.39 213.65 26.561 37.925 2.8989 1
248.5 248.47 9.1262 69.126 5.0196 1
408.18 383.73 1.0862 43.897 3.2561 1
258.57 259.25 40.404 24.027 3.7468 1
173.28 172.31 26.597 12.915 3.8287 1
216.96 217.46 36.635 19.149 2.6054 1
381.59 497.9 50.939 52.939 3.47 1
198.15 196.52 34.205 14.236 2.7768 1
386.32 411.95 45.916 1.0968 3.2691 1
322.9 521.77 160.83 149.15 4.8485 1
521.09 471.51 158.67 354.73 8.2463 1
118.02 120.63 11.432 30.34 3.7148 1
496.63 385.38 50.207 47.723 3.3585 1
118.19 113.14 30.277 14.042 4.4031 1
478.9 496.91 1.2475 49.943 4.1264 1
85.872 84.574 34.235 25.31 2.6538 1
99.721 97.058 34.252 20.534 3.9195 1
168.59 170.51 12.792 29.255 2.9174 1
504.96 500.06 1.4438 46.454 3.7279 1
126.01 127.77 12.811 30.385 2.8625 1
94.35 95.518 24.095 32.856 2.6433 1
107.92 105.94 13.003 32.931 4.9755 1
78.978 76.395 34.408 21.672 3.4268 1
382.24 384.9 46.661 1.5235 3.7441 1
123.93 122.26 31.753 12.93 3.6247 1
499.03 482.56 46.202 1.2832 3.4427 1
32.326 49.901 1.2662 35.587 4.6659 1
79.804 82.532 20.24 33.944 2.9455 1
370.38 375.76 51.759 1.3987 8.8222 1
505.37 586.63 40.723 40.761 3.7529 1
610.25 639.21 4.6629 6.754 4.807 1
94.291 80.436 19.114 20.037 4.5739 1
595.01 600.13 42.698 32.15 5.6222 1
623.68 639.57 64.855 68.403 5.2947 1
249 260.27 7.6909 6.6732 3.6224 1
246.39 244.77 235.38 74.119 5.7159 1
639.86 625.96 20.623 61.822 3.5532 1
640.54 618.83 81.333 75.548 9.9847 1
225.45 247.93 4.7543 7.4086 3.5087 1
117.74 136.47 33.739 32.2 4.4714 1
605.13 591.24 1.0526 37.249 6.0116 1
165.38 163.33 51.624 26.691 3.5319 1
8.7349 12.81 8.9123 25.391 3.6403 1
22.403 17.225 29.565 9.291 4.5614 1
4.2296 14.369 27.227 28.865 4.4992 1
48.91 60.686 36.49 38.763 5.62 1
71.583 80.328 37.39 37.18 3.959 1
27.893 39.372 25.3 28.122 4.2187 1
51.013 49.16 32.964 20.189 2.6536 1
36.846 26.277 23.342 20.36 3.4546 1
424.12 403.02 329.12 334.69 2.8042 1
586.34 597.5 39.932 1.1582 5.438 1
440.58 409.31 272.66 278.81 2.5138 1
455.6 431.81 173.77 179.83 3.0622 1
442.97 430.35 211.31 212.6 2.1068 1
324.47 324.8 189.13 162.87 3.8447 1
311.25 278.88 60.745 66.49 4.209 1
313.98 303.28 396.8 376.98 10.248 1
319.86 324.16 262.92 194.05 3.429 1
373.27 520.06 72.096 147.23 4.5564 1
507.89 326.56 181.88 195.76 2.9961 1
162.57 162.48 11.616 1.6167 2.5606 1
302.69 247.85 376.92 243.62 8.8509 1
310.83 312.84 384.37 370.55 3.5306 1
429.14 441.61 215.51 214.02 1.8354 1
567.72 585.42 66.605 64.475 2.5276 1
246.62 374.12 74.004 73.543 2.7711 1
512.93 406.68 158.73 164.99 2.7911 1
588.99 566.88 75.948 70.577 3.3831 1
229.14 166.7 70.267 58.704 3.2775 1
464.12 380.38 54.222 54.096 1.3005 1
612.98 602.65 49.679 48.053 4.093 1
315.44 315.05 1.5939 16.616 2.8274 1
325.45 507.89 192.62 179.27 3.2561 1
639.05 590.31 100.59 84.332 4.3504 1
422.84 404.15 178.54 177.44 2.055 1
76.616 51.477 71.737 69.743 4.3912 1
270.7 324.96 102.56 159.52 3.8377 1
619.14 574.14 66.949 68.34 3.0393 1
533.14 525.6 1.422 37.922 2.6613 1
508.35 507.18 10.315 25.418 2.2991 1
625.47 614.09 48.844 49.979 2.607 1
594.04 638.97 81.881 97.081 3.4465 1
396.63 381.61 333.91 333.51 1.5522 1
400.33 416.67 179.7 181.03 1.9825 1
278.91 251.79 67.888 72.573 3.4825 1
522.86 530.1 37.871 1.5696 2.2197 1
575.51 590.57 69.793 73.299 2.5181 1
246.57 230.23 72.228 70.858 5.1914 1
315.37 362.87 52.016 52.138 1.3716 1
407.86 392.85 278.06 277.06 1.6622 1
315.12 312.48 34.097 57.969 4.9696 1
436.64 501.63 160.63 156.63 2.4008 1
315.96 319.64 322.91 265.33 3.5588 1
586.62 620.38 64.946 64.329 1.7748 1
434.1 457.9 200.75 202.6 2.5891 1
507.13 506.13 26.559 37.941 3.2563 1
589.14 576.61 46.947 46.812 5.0402 1
340.33 319.16 321.33 324.38 1.9514 1
425.35 445.37 263.34 264.32 2.9279 1
422.85 401.56 214.33 212.28 2.2058 1
384.75 404.35 36.268 1.7506 1.9342 1
311.23 313.31 367.76 337.73 6.1016 1
490.59 475.64 41.546 1.5268 2.4832 1
328.85 312.51 403.56 396.95 5.5726 1
359.12 339.13 167.82 168.01 1.2738 1
404.11 375.38 165.18 166.73 1.7879 1
392.87 419.12 280.22 280.32 1.3424 1
42.29 37.072 10.702 1.3751 3.1817 1
52.524 42.559 49.311 30.543 2.2764 1
251.33 250.49 62.949 45.37 2.4972 1
394.14 419.11 213.95 216.75 2.3561 1
311.91 315.33 337.06 325.01 6.5195 1
351.68 379.08 258.29 254.99 1.9888 1
431.63 417.86 251.81 252.49 1.7443 1
109.22 77.584 65.974 71.069 3.9427 1
308.65 308.28 377.9 370.36 1.5575 1
25.68 14.067 48.695 40.457 4.2088 1
331.69 351.67 319.6 316.94 2.2323 1
467.97 464.79 369.59 379.34 8.2937 1
628.78 639.35 62.758 31.703 1.913 1
362.87 316.62 54.739 54.599 1.3855 1
405.31 430.37 167.86 166.55 2.366 1
494.1 469.15 243.89 246.84 2.1224 1
397.89 386.62 255.52 256.56 1.8196 1
40.333 50.013 35.402 50.605 1.9196 1
356.67 379.14 315.73 312.96 1.6998 1
409.13 432.9 161.83 161.2 1.2826 1
420.34 434.11 318.4 319.33 2.6629 1
442.84 464.14 168.3 170.15 2.8147 1
575.39 552.87 47.207 47.613 2.6573 1
314.11 314.02 300.38 282.88 1.2805 1
415.37 430.38 250.32 249.19 1.8091 1
390.38 371.63 160.37 160.37 1.25 1
544.12 507.86 47.82 48.226 1.4876 1
430.36 405.36 267.55 268.81 1.3741 1
316.31 317.9 217.84 201.63 1.4881 1
