544.46 520.69 111.05 200.79 6.0042 1
136.62 574.12 478.99 478.98 1.2603 1
638.98 638.98 412.88 146.63 1.2502 1
520.57 498.99 201.35 284.41 5.6094 1
179.34 169.11 127.49 88.799 7.3208 1
502.38 234.92 287.36 361.98 9.7718 1
211.49 198.75 260.67 200.72 11.081 1
232.56 216.84 357.4 285.06 8.6563 1
197.8 194.62 187.02 176.48 4.6735 1
200.2 197.5 200.15 187.42 4.8916 1
449.05 543.26 46.734 109.79 6.2494 1
169.32 449.45 87.951 47.645 6.204 1
217.73 212.71 284.42 260.67 4.75 1
563.48 576.57 51.468 59.214 3.2275 1
189.28 179.69 162.28 128.07 10.158 1
514.51 563.13 29.74 52.317 4.6561 1
582.6 551.91 67.424 49.882 4.9635 1
551.06 473.87 51.482 13.386 5.7498 1
474.71 506.96 10.628 24.932 4.7094 1
193.67 191.17 171.41 162.08 4.5922 1
507.69 517.5 24.564 28.748 3.6191 1
606.5 639.19 74.673 76.898 5.0144 1
575.71 597.24 59.703 70.397 3.9603 1
474.03 471.44 12.609 1.3794 3.1881 1
197.7 541.3 175.72 111.16 5.9196 1
639.19 610.34 81.26 80.106 4.596 1
639.51 596.47 100.9 78.171 5.341 1
609.42 639.59 82.2 95.586 3.6779 1
475.35 476.2 1.4673 8.0907 3.0797 1
616.62 639.14 63.557 63.723 2.5092 1
193.34 184.8 202.5 163.98 3.5223 1
639.13 606.6 67.151 67.66 4.0035 1
97.877 1.5919 1.7254 3.1759 3.8437 1
595.6 582.1 78.145 69.016 3.2287 1
604.11 615.37 66.577 64.123 2.5524 1
212.92 205.87 287.54 259.93 3.3247 1
515.46 533.1 209.15 141.69 1.842 1
