638.97 639 411.62 149.12 1.2747 1
139.12 574.12 479.02 478.98 1.286 1
210.12 179.76 321.68 166.26 5.0223 1
384.59 364.59 182.6 331.69 4.7741 1
365.31 362.22 331.24 341.8 4.0137 1
59.114 130.41 8.3474 9.9886 3.4038 1
386 384.84 89.133 182.9 3.7497 1
172.81 114.03 19.616 12.4 5.0705 1
112.89 1.5468 13.903 6.5605 5.6742 1
179.27 217.55 166.12 83.303 5.1291 1
131.48 161.68 11.147 13.342 3.6495 1
361.61 207.82 335.6 323.62 8.8207 1
1.5916 34.135 2.8795 3.7459 3.8485 1
164.26 195.68 13.692 8.4597 4.7276 1
34.295 68.941 3.9643 8.1475 3.7652 1
382.89 247.79 27.575 19.166 5.0885 1
392.46 412.79 4.1787 10.654 3.2463 1
207.96 170.46 23.281 19.547 3.9845 1
417.88 395.14 6.6103 3.2389 3.9394 1
182.83 381.73 165.95 180.2 4.9056 1
440.5 416.69 3.378 5.0345 4.7277 1
200.51 180.61 9.5217 16.08 3.5883 1
247.96 227.29 19.07 63.854 6.2854 1
412.89 442.86 9.5433 8.7398 3.035 1
181.61 211.6 18.286 19.621 2.442 1
181.2 164.83 0.44463 6.3657 3.3262 1
384.34 385.39 67.881 29.092 4.359 1
187.05 198.22 185.53 244.06 1.867 1
207.36 210.13 289.21 306.66 1.4887 1
364.84 374.42 305.3 232.91 1.8224 1
407.34 400.77 49.225 14.051 3.67 1
405.91 411.86 14.032 48.052 2.8318 1
362.79 359.56 342.86 364.19 2.3572 1
376.7 379.6 217.88 191.68 1.25 1
362.77 364.42 322.86 307.91 1.5168 1
495.41 475.42 20.079 17.539 2.165 1
