137.87 574.12 479.01 478.97 1.2854 1
638.98 638.98 411.63 147.88 1.2531 1
366.08 430.96 148.2 7.5704 4.9743 1
207.8 154.98 300.82 141.76 7.2339 1
353.9 205.64 340.01 301.86 8.0916 1
154.19 267.39 141.57 17.322 5.2772 1
383 352.88 3.4203 1.4764 3.5812 1
416.76 386.55 6.2519 3.7726 6.8426 1
431.18 427.8 12.782 29.109 4.685 1
386.51 381.53 3.6034 3.3216 4.0263 1
428.16 413.52 31.653 178.06 6.2207 1
430.33 417.8 7.6188 7.0165 3.6857 1
157.74 353.88 142.35 178 4.3645 1
411.94 369.85 177.15 303.12 5.22 1
366 362.33 313.91 324.37 4.8418 1
369.69 365.91 303.4 313.54 5.1216 1
358.59 358.84 321.57 335.43 10.156 1
499.13 502.68 33.989 1.4671 3.7509 1
507.74 504.37 1.4868 35.275 3.3658 1
354.67 355.71 179.13 321.61 4.607 1
504.19 451.62 37.042 32.939 2.8025 1
467.89 486.65 31.35 32.39 1.5246 1
