137.87 574.12 479 478.98 1.2686 1
638.98 638.98 412.88 146.63 1.2532 1
488.32 459.6 10.359 0.26697 3.8578 1
526.64 561.86 19.252 14.652 4.2598 1
285.3 563.34 168.94 53.998 4.9237 1
187.91 435.47 81.743 5.6904 4.5772 1
564.53 557.56 54.718 76.918 5.826 1
556.24 515.57 82.073 228.48 5.6212 1
562.86 525.42 17.775 23.2 4.3747 1
469.64 508.86 0.24082 14.843 4.2746 1
507.97 525.42 14.776 17.604 3.7352 1
223.48 188.19 254.53 89.058 4.9713 1
517.11 299.81 229.94 359.43 9.2742 1
592.69 570.38 1.0098 7.8794 4.0429 1
305.3 222.48 354.61 254.66 6.7102 1
189.18 186.02 90.835 82.626 4.9365 1
522.87 555.37 6.2447 6.0916 3.8383 1
575.37 518.78 44.135 26.476 3.8843 1
523.14 590.39 24.513 45.331 3.1859 1
552.88 526.63 8.9667 8.7024 2.7013 1
591.51 617.87 9.1461 11.629 2.6787 1
571.04 560.88 10.586 16.279 3.1122 1
495.86 486 15.712 10.452 4.1181 1
507.04 496.56 19.16 15.551 6.3556 1
585.21 569.13 16.187 12.871 3.2058 1
572.93 586.75 10.145 13.627 2.739 1
460.47 566.44 13.875 53.362 3.9247 1
624 606.33 3.442 4.5711 8.0428 1
515.27 523.47 10.102 6.8806 3.2411 1
519.51 512.76 26.011 21.809 3.8439 1
528.8 516.38 9.3765 13.367 3.6134 1
303.77 286.19 349.16 170.29 4.1491 1
610.48 574.36 52.383 44.319 3.6599 1
629.16 620.1 11.731 14.461 3.2298 1
580.05 584.55 40.31 17.466 9.2937 1
620.31 592.97 14.019 12.46 2.8519 1
436.56 454.03 5.5526 11.882 2.0268 1
257.8 245.17 141.73 131.89 1.7543 1
