137.87 574.12 479 478.97 1.2757 1
638.98 638.99 411.62 147.87 1.2568 1
237.84 203.02 321.35 166.03 5.2363 1
244.25 105.32 18.657 8.6117 5.5585 1
100.25 145.37 4.4346 7.9364 5.1672 1
146.45 266.73 7.3144 17.88 5.0649 1
281.8 298.99 18.488 13.64 3.455 1
305.21 283.23 13.702 22.514 4.1877 1
202.49 290.69 166.08 58.136 4.5914 1
566.59 556.78 7.9288 1.3907 4.5071 1
104.82 89.471 7.8537 0.86601 4.0324 1
528.77 553.05 17.184 22.015 3.4469 1
413.36 453.92 155.55 41.552 4.8695 1
383.91 237.86 359.98 322.95 7.9036 1
552.8 586.62 21.039 16.581 4.0732 1
387.14 384.5 351.72 366.69 4.9239 1
555.51 515.45 3.4918 6.433 4.9866 1
276.75 245.26 24.507 19.877 4.8013 1
270.43 281.68 18.358 17.173 2.6171 1
586.82 548.94 11.481 18.059 3.9604 1
272.51 302.8 7.3035 1.2646 3.9298 1
374.3 326.52 32.248 27.808 4.8629 1
547.9 532.77 17.775 14.628 2.9569 1
302.94 275.38 4.5064 9.1551 3.5196 1
316.57 303.41 26.583 43.574 3.188 1
312.73 277.61 29.173 25.277 4.5583 1
399.31 389.56 201.53 316.66 4.6399 1
423.11 375.22 36.809 31.946 7.9667 1
284.17 315.33 23.517 25.99 2.7492 1
389.21 389.54 326.56 339.11 7.7245 1
583.73 566.49 4.7941 8.5093 5.6778 1
452.79 423.95 39.986 37.306 3.9652 1
549.17 524.36 25.199 19.371 3.7237 1
389.54 388.58 317.77 325.61 3.7224 1
451.13 435.11 62.809 181.59 3.9126 1
206.8 397.63 166.89 200.5 4.3289 1
547.61 555.86 10.64 8.4479 3.6166 1
325.56 317.72 27.629 26.633 3.7202 1
455.36 451.12 44.12 61.804 2.7744 1
514.11 542.88 8.4919 8.7305 3.6669 1
436.32 393.44 182.23 336.44 5.3041 1
579.12 562.87 22.235 22.253 1.2656 1
380.29 366.76 1.2745 4.6659 1.7999 1
506.88 508.51 62.886 25.348 3.6377 1
513.5 511.89 25.349 64.136 3.4348 1
499.21 475.32 65.744 63.43 2.2866 1
561.63 550.36 24.958 24.704 2.5276 1
474.13 504.21 60.351 63.31 2.0186 1
511.63 497.88 65.911 65.876 2.5294 1
216.4 221.86 210.42 235.32 1.7565 1
224.77 234.32 248.01 291.58 1.7565 1
212.87 216.17 192.88 208.96 1.1009 1
351.63 370.37 27.891 27.631 1.354 1
394.09 429.11 28.374 30.66 2.0616 1
474.14 454.15 63.982 61.426 2.0325 1
456.62 471.64 59.233 60.194 1.8063 1
324.66 323.23 17.975 7.8247 1.9511 1
