638.98 638.99 412.87 147.87 1.2622 1
137.87 574.12 479.01 478.98 1.2773 1
262.47 266.18 265.32 149.23 7.4562 1
267.15 266.3 154.17 112.83 6.7903 1
261.68 261.3 347.87 262.87 10.033 1
492.82 429.19 150.76 349.19 9.9739 1
432.05 263.53 349.17 320.08 7.7971 1
266.23 330.8 118.48 19.837 9.3934 1
472.63 493.94 41.196 153.39 6.048 1
270.44 488.76 118.69 151.58 8.0623 1
425.16 424.35 349.05 365.45 9.6789 1
369.09 355.29 190.52 186.95 2.462 1
354.85 370.45 157.09 162.67 4.1206 1
371.67 349.41 157.75 149.6 2.9766 1
331.49 469.48 18.861 37.814 6.4844 1
402.92 390.39 191.99 191.38 2.0561 1
269.12 269.12 181.63 205.38 1.25 1
409.11 396.65 159.37 158.71 2.6946 1
455.66 435.05 13.285 6.3524 5.5577 1
387.88 409.18 165.32 167.24 2.0325 1
434.46 424.15 5.2402 2.7831 3.4146 1
534.12 515.37 6.7766 6.6557 2.5886 1
509.23 496.48 8.1116 6.7569 3.9931 1
