274.24 278.65 261.63 154.11 4.7864 1
271.95 274.13 312.94 261.68 4.6473 1
278.49 280.12 146.67 126.5 3.9394 1
638.99 638.98 412.88 146.63 1.2597 1
136.62 575.37 479 478.97 1.2773 1
428.71 271.64 378.89 314.08 6.6378 1
279.12 405.04 120.37 29.134 4.6192 1
504.26 464.17 162.92 277.89 5.2491 1
447.88 430.29 327.88 379.92 7.1051 1
281.18 494.56 120.63 184.37 5.522 1
464.32 453.86 278.36 309.46 4.0218 1
453.87 448.24 310.29 328.05 7.7898 1
364.18 389.02 175.17 182.02 3.1599 1
269.99 275.05 334.01 317.28 8.3747 1
390.33 365.2 178.03 171.02 3.2766 1
382.89 364.33 210.33 204.71 3.226 1
512.51 508.71 146.98 156.46 3.02 1
508.77 505.82 156.02 163.82 3.3475 1
405.17 548.01 28.77 61.033 4.6468 1
518.27 514.83 134.88 140.79 2.9675 1
275.56 273.25 332.81 326.49 3.2077 1
283.24 281.82 124.15 146.64 1.5613 1
549.31 531.74 62.455 106.93 6.2722 1
365.4 379.39 209.05 213.26 2.8708 1
521.49 519.26 126.57 131.69 3.4376 1
281.48 277.49 154.12 259.16 2.5332 1
528.16 523.37 114.23 127.13 7.7696 1
277.14 275.1 265.4 311.61 1.8894 1
526.72 493.36 127.47 221.8 3.7362 1
372.92 360.13 268.98 264.9 2.4332 1
390.39 379.11 319.92 319.59 1.5354 1
414.14 400.39 213.94 212.67 3.0604 1
422.89 406.63 182.58 181.51 2.7414 1
361.44 345.39 317.16 311.59 2.3617 1
400.37 389.1 271.64 270.7 2.0734 1
593.33 527.96 33.25 1.4409 3.4669 1
363.95 296.4 178.45 157.35 2.3863 1
351.77 339.1 165.12 157.91 2.9407 1
272.87 272.7 345.36 334.05 8.7116 1
345.36 334.6 196.64 188.5 3.0173 1
490.73 457.93 231.26 312.39 3.2055 1
283.96 321.6 149.66 161.71 2.7621 1
410.36 421.65 185.64 186.21 1.6898 1
446.75 404.35 203.7 190.88 2.1422 1
272.76 272.5 351.63 345.29 5.0977 1
460.65 401.64 183.23 165.34 2.037 1
490.42 470.5 192.74 186.23 1.6703 1
