285.71 321.84 5.1057 13.165 3.9227 1
322.8 379.46 15.699 28.922 4.1789 1
324.6 280.37 18.63 6.6293 4.9466 1
381.63 324.52 32.867 19.868 4.4294 1
269.19 285.39 1.3595 5.3064 3.3476 1
638.99 638.98 410.38 149.13 1.2637 1
279.61 265.14 7.8782 2.2347 3.7502 1
137.87 574.12 479.03 478.97 1.3005 1
414.24 442.87 40.395 37.814 3.3982 1
443.97 421.58 40.549 43.802 4.2292 1
380.13 405.08 29.92 37.594 3.6764 1
401.63 419.1 37.719 38.464 2.4977 1
452.73 471.16 25.008 17.907 3.7663 1
336.91 518.94 224.12 85.135 6.5182 1
402.8 380.83 41.846 34.077 5.2027 1
471.37 455.34 21.015 27.803 3.4529 1
455.41 442.78 31.667 40.73 4.3732 1
461.55 418.95 59.422 48.577 3.3258 1
413.1 402.3 44.858 40.095 6.5921 1
501.24 497.98 1.5591 20.607 6.1285 1
419.1 469.02 45.488 58.271 3.0128 1
555.39 604.23 30.25 35.673 4.5557 1
431.59 452.9 26.983 28.806 3.3101 1
629.01 639.59 44.695 46.877 5.6544 1
184.62 387.82 145.13 44.023 5.5136 1
446.58 415.22 29.655 31.551 4.5384 1
639.38 631.64 54.425 53.856 5.3536 1
476.61 494.13 29.43 30.197 1.8506 1
513.93 480.9 107.22 243 6.9615 1
576.54 547.87 35.937 31.683 3.8453 1
426.63 414.14 41.858 42.15 2.6452 1
518.97 454.12 83.413 64.134 4.2742 1
519.76 514.08 87.261 104.52 6.6848 1
611.62 629.12 48.717 48.567 3.8034 1
472.23 476.88 20.218 1.0789 8.8331 1
497.92 472.94 23.9 23.202 9.0956 1
409.12 421.15 31.607 27.668 3.1539 1
631.81 606.56 53.383 51.077 4.1893 1
466.55 455.38 34.587 32.868 3.1363 1
107.79 1.4701 0.7709 11.313 3.7528 1
342.87 332.77 394.02 394.32 6.2473 1
532.86 546.46 10.386 26.759 2.8846 1
1.4983 74.068 7.7626 1.0142 3.4739 1
332.96 217.75 393.55 308.84 8.057 1
219.15 185.75 308.61 145.78 8.2891 1
610.64 639.59 28.497 40.501 3.3509 1
482.24 339.21 242.14 392.89 8.3039 1
387.53 436.49 44.048 58.35 3.9501 1
597.02 574.37 39.469 35.284 3.7812 1
537.92 571.5 72.644 79.701 2.8985 1
619.11 607.09 35.411 30.497 2.7871 1
563.72 558.91 1.4592 13.296 3.9786 1
570.19 536.63 82.475 75.339 2.5507 1
536.77 522.04 19.997 1.3009 3.0359 1
484 461.81 64.655 59.584 2.5424 1
596.07 611.06 35.793 48.302 3.0444 1
190.37 312.7 147.88 213.2 4.6354 1
496.62 476.62 32.297 32.124 2.6299 1
607.01 596.33 49.996 39.422 2.6924 1
465.72 467.99 55.11 36.639 8.2053 1
535.37 576.75 101.63 113.68 2.9473 1
580.36 535.48 117.92 105.01 2.5835 1
526.61 540.39 28.885 28.157 2.4306 1
540.43 526.44 30.686 33.056 2.256 1
518.03 540.49 40.005 36.056 2.4623 1
511.75 535.74 14.804 19.909 3.0697 1
510.38 531.64 65.47 65.198 1.25 1
542.94 526.74 38.15 42.089 2.4293 1
605.26 626.68 35.978 40.062 3.7412 1
639.21 584.13 135.07 119.1 2.6436 1
547.67 527.83 5.3073 1.9076 2.9205 1
600.36 637.97 120.44 131.3 2.6135 1
520.38 502.88 41.625 41.625 1.25 1
500.31 485.29 67.037 64.702 2.0031 1
639.31 607.89 24.265 19.041 3.4913 1
315.1 325.65 214.56 221.18 2.782 1
