297.72 354.33 39.872 51.921 4.1347 1
245.29 299.13 27.067 37.833 3.6777 1
353.19 289.13 55.131 41.599 4.7545 1
289.13 245.13 39.085 30.361 3.9323 1
638.98 639 410.37 149.12 1.2668 1
388.07 417.93 62.857 58.207 4.0596 1
139.12 574.12 479.03 478.97 1.3039 1
473.19 457.77 130.21 215.36 4.3996 1
414.05 392.92 62.405 65.664 3.4175 1
448.13 445.26 1.4332 16.363 2.9758 1
282.57 478.1 252.47 104.42 5.1384 1
428.02 443.96 45.699 38.751 3.6424 1
443.95 427.93 42.47 49.263 3.4525 1
477.78 472.83 106.35 130.37 4.7179 1
537.83 528.57 1.3249 41.206 4.046 1
422.64 413.14 58.533 62.3 3.2653 1
457.97 450.11 215.62 258.06 4.1425 1
182.83 139.16 338.81 173.46 5.2056 1
354.98 380.41 53.032 60.26 3.4426 1
228.8 245.35 10.715 26.693 4.0268 1
138.82 349.8 173.5 67.982 4.4979 1
419.96 353.76 77.91 56.494 4.7222 1
244.51 227.09 29.96 13.629 3.4193 1
525.45 491.75 5.8622 2.7541 5.305 1
607.1 620.58 63.288 64.691 9.3501 1
452.12 302.26 259.59 419.8 6.4767 1
445.22 453.03 40.343 1.4051 8.3371 1
205.59 229.49 5.7091 11.333 3.7227 1
167.82 105.21 10.134 24.686 3.4286 1
226.61 195.34 12.98 8.0785 4.2384 1
475.43 469.93 3.9507 41.742 5.933 1
547.8 519.22 54.663 50.882 3.062 1
516.41 539.2 46.348 51.3 3.6107 1
579.15 596.6 67.052 66.169 3.8083 1
132.83 191.55 13.837 4.8702 3.6887 1
470.41 446.71 44.177 43.542 7.9328 1
483.04 485.06 14.158 3.8198 3.2008 1
382.81 412.89 52.444 47.997 4.3448 1
393.01 447.94 67.295 80.102 3.0843 1
540.34 565.58 50.793 53.104 4.8652 1
598.9 604.53 63.088 63.943 5.3186 1
101.68 31.457 27.053 36.643 4.0483 1
1.6018 92.9 36.43 25.584 3.5521 1
396.09 384.18 52.596 56.79 2.9079 1
296.64 182.02 422.42 337.34 6.6015 1
420.38 394.13 52.033 52.225 1.4328 1
497.91 516.22 24.097 44.623 2.6976 1
445.36 465.38 49.718 50.345 1.6407 1
441.68 420.09 81.351 76.687 2.8739 1
194.18 169.04 8.5847 10.639 3.3064 1
619.12 597.88 71.991 71.472 7.6808 1
490.13 489.85 1.6477 14.141 5.055 1
192.87 205.37 6.0482 6.1209 1.3227 1
90.666 135.17 25.326 14.537 3.2028 1
414.01 421.67 49.229 49.855 2.6955 1
597.83 586.59 70.723 69.386 3.5761 1
349.97 411.61 68.062 85.441 3.7314 1
440.33 427.91 55.707 53.9 2.8338 1
508.28 493.23 39.856 22.562 2.62 1
30.494 1.5498 36.416 39.715 3.2238 1
430.45 440.59 51.17 52.8 2.7104 1
301.56 296 420.06 421.26 5.5799 1
579.04 608.51 46.83 59.326 3.1765 1
570.49 549.19 59.967 53.896 3.9549 1
584.67 570.62 6.1212 25.912 3.0253 1
18.947 1.4177 1.5025 3.7787 4.2017 1
476.32 432.84 103.98 91.766 3.8816 1
522.68 524.36 23.002 9.0033 3.574 1
569.5 573.69 24.238 10.245 2.5111 1
634.38 639.96 24.213 8.1641 3.1318 1
565 572.95 53.465 60.46 3.3957 1
509.2 545.38 91.236 97.822 3.0201 1
545.26 506.68 100.98 93.848 2.7794 1
550.51 505.68 134.88 122.98 2.8857 1
506.45 548.07 119.78 130.89 2.6616 1
439.02 442.24 76.176 57.55 8.8351 1
483 506.78 34.772 39.602 2.6798 1
160.47 281.74 185.19 250.16 4.0152 1
495.36 514.05 59.059 53.871 2.9451 1
517.04 501.87 55.205 61.013 2.4347 1
492.87 512.88 47.61 47.685 2.5328 1
613.2 580.32 151.64 143.1 3.4085 1
633.54 639.46 82.671 65.492 4.8103 1
478.99 441.39 87.557 81.975 2.7432 1
575.1 594.06 54.218 58.168 3.6712 1
507.82 520.44 19.803 20.888 3.2398 1
608.19 633.68 147.28 107.14 3.4379 1
639.45 613.75 108.07 150.64 3.4745 1
462.88 447.9 52.824 52.246 1.5862 1
528.88 533.17 27.822 7.9395 2.1798 1
492.78 501.69 14.369 13.525 6.6935 1
570.58 606.9 137.13 146.86 2.0911 1
145.05 155.87 182.96 223.99 1.6618 1
616.45 624.8 24.061 1.4145 1.8557 1
627.8 617.41 1.5962 30.206 2.4621 1
525.22 519.53 53.757 75.481 4.32 1
500.41 485.31 60.72 62.253 1.3698 1
579.46 554.29 142.88 136.03 2.4124 1
601.71 583.9 42.453 39.027 4.1548 1
540.63 545.07 78.185 56.563 4.2089 1
619.26 602.82 44.521 41.972 3.2367 1
