638.98 638.98 412.87 147.87 1.2588 1
250.38 220.37 22.133 22.125 5.0069 1
494.23 485.76 190.04 251.33 5.3354 1
374.98 375.89 1.6115 59.137 4.3695 1
497.15 494.95 166.38 184.07 4.8008 1
137.87 574.12 478.99 478.98 1.2602 1
263.44 264.25 1.4615 10.476 3.7349 1
486.1 469.49 249.05 367.58 6.0476 1
247.18 246.39 56.593 42.888 2.9264 1
251.99 251.86 1.6059 15.377 3.7722 1
470.17 304.44 368.37 412.78 7.2973 1
252.77 252.7 56.625 41.626 1.2671 1
260.32 259.04 11.471 1.4755 4.356 1
208 220.31 58.96 67.958 2.7084 1
356.41 498.77 85.825 154.85 4.6692 1
208.61 209.06 47.842 57.878 2.6661 1
240.57 244.5 38.581 58.052 4.892 1
249.35 250.84 41.603 56.703 2.9776 1
243.79 242.67 57.857 79.114 5.0592 1
194.14 190.79 56.918 42.777 2.5636 1
626.53 639.3 51.049 52.917 4.6146 1
169.28 167.68 51.605 39.15 4.1615 1
114.73 109.13 59.369 44.599 3.5059 1
474.47 494.93 1.4615 44.999 3.2727 1
201.44 200.76 11.553 1.5142 3.657 1
194.12 197.53 46.626 57.593 2.4676 1
163.34 166.53 37.546 54.143 3.6353 1
292.37 289.21 216.67 184 3.3721 1
120.94 118.04 60.694 43.054 3.7159 1
382.75 405.41 57.637 55.773 3.1223 1
289.29 495.37 184.03 155.36 5.3382 1
76.676 79.864 53.772 65.514 3.1713 1
295.56 294.05 281.67 246.57 2.605 1
293.82 292.17 245.47 217.92 2.9221 1
404.4 379.58 1.1519 52.492 3.6578 1
383.78 408.5 52.067 1.3213 3.7161 1
497.49 478.25 42.469 1.4487 3.3951 1
77.139 73.006 68.098 54.464 3.5887 1
121.31 124.55 41.452 59.048 3.0356 1
113.35 117.36 41.235 58.959 4.0491 1
603.05 606.15 14.166 1.2121 4.8134 1
367.91 369.1 60.401 1.574 8.3809 1
97.598 93.887 65.815 52.944 4.9882 1
241.5 254.13 26.758 25.392 3.8627 1
79.029 93.023 2.2351 4.4275 4.6722 1
230.47 214.12 46.479 45.414 4.3109 1
300.38 309.22 50.377 48.291 2.9736 1
29.916 48.256 38.672 70.691 5.2655 1
496.58 385.29 47.072 53.936 3.4516 1
91.05 92.754 56.475 64.152 2.7115 1
205.83 206.28 57.84 47.86 2.6634 1
500.23 498.77 1.5809 47.864 3.4723 1
266.69 267.14 14.184 4.1482 2.5533 1
406.59 451.56 56.067 53.144 2.9811 1
299.13 295.96 344.19 282.91 2.8411 1
93.05 76.845 50.149 52.915 4.568 1
157.87 187.92 6.7134 7.653 3.631 1
103.49 102.81 44.197 61.671 4.948 1
238.97 222.27 255.53 99.056 4.392 1
379.69 378.6 51.613 1.6092 3.6949 1
505.39 587.84 36.775 29.981 5.011 1
1.4802 16.857 64.827 68.001 4.4307 1
209.95 231.03 21.967 27.598 5.3184 1
239.58 244.83 7.2812 0.2788 5.2496 1
639.71 620.63 65.263 63.097 9.5131 1
69.405 77.777 70.985 69.723 4.5717 1
281.64 297.96 4.2366 2.3295 3.5796 1
35.713 25.127 60.062 57.774 3.764 1
599.02 601.99 29.365 15.19 6.6298 1
201.58 209.66 16.723 20.474 3.9277 1
47.533 60.51 71.105 73.344 5.9464 1
223 233.72 2.4411 5.5261 7.0432 1
624.7 626.56 58.436 52.374 5.053 1
58.168 51.458 56.26 55.044 4.5815 1
11.77 1.2351 46.985 45.269 3.4841 1
9.203 13.202 49.098 60.693 4.7677 1
70.583 87.559 2.5106 12.179 4.0428 1
258.96 266.61 20.18 13.85 4.1508 1
230.34 240.42 26.934 26.526 2.8009 1
302.02 298.41 401.68 344.17 3.3569 1
197.01 200.64 5.2642 17.799 4.9608 1
130.34 141.54 8.5339 7.8278 2.9667 1
305.06 298.12 417.67 407.3 7.6227 1
298.09 292.43 408.59 393.04 6.8353 1
55.422 32.876 9.8632 10.397 3.5418 1
22.718 17.108 67.071 49.368 6.2769 1
296.94 287.94 391.61 212.87 2.7945 1
307.63 309.03 46.597 33.975 4.4172 1
163.7 160.3 77.938 55.199 2.8424 1
189.11 171.59 4.4472 3.8675 2.8706 1
24.56 36.599 2.2526 17.895 3.8121 1
587.37 594.01 29.301 1.3002 5.9181 1
639.1 593.89 85.463 73.788 3.8238 1
1.2145 9.4601 23.177 25.358 3.6954 1
291.52 241.11 392.92 265.58 5.3512 1
301.57 302.16 409.23 402.81 3.0627 1
47.746 39.104 51.001 49.227 3.6734 1
591.62 567.84 65.384 61.894 3.3473 1
452.79 490.38 52.82 50.472 2.4172 1
595.18 639.22 71.127 82.49 3.1612 1
639.85 629.02 5.5596 47.848 4.1654 1
89.143 100.17 11.71 9.4139 3.8762 1
35.586 64.182 15.017 12.205 4.7313 1
3.9136 16.504 6.9875 14.332 3.2392 1
62.915 66.102 9.6567 1.9244 5.1689 1
100.25 107.29 9.0151 1.1019 4.1528 1
575.38 591.68 60.319 62.488 2.3934 1
36.513 56.546 6.8589 4.6536 6.4746 1
18.179 29.581 17.707 38.314 4.375 1
290.38 290.38 220.38 236.63 1.25 1
1.5501 4.3417 51.643 63.126 3.6104 1
423.19 402.81 286.38 292.67 2.7575 1
622.83 574.13 53.737 59.207 2.8758 1
418.15 399.04 342.29 350.17 2.5852 1
220.49 165.44 89.28 83.495 3.0129 1
395.39 371.63 351.42 351.73 1.25 1
567.85 597.93 57.736 53.255 3.1036 1
158.62 152.83 37.756 1.4326 3.1463 1
308.87 271.46 73.201 83.515 4.9831 1
629.34 609.04 34.92 37.02 4.6302 1
595.81 594.13 14.19 25.561 2.3972 1
9.8221 2.0166 21.904 6.4275 3.9209 1
26.707 42.733 16.236 37.979 3.1228 1
224.01 355.43 97.805 85.993 4.0282 1
432.96 406.86 184.36 193.54 2.9916 1
505.67 503.81 1.5707 34.178 4.2434 1
40.694 34.041 30.157 20.433 2.1175 1
286.66 286.54 209.12 190.38 1.2661 1
488.05 294.07 188.99 218.77 2.9268 1
39.574 21.106 47.078 14.418 4.3524 1
490.35 404.21 165.18 177.26 2.6278 1
260.39 222.88 90.24 90.672 5.2446 1
399.12 375.38 293.85 294.23 1.329 1
312.89 359.16 64.354 60.81 2.583 1
404.13 374.13 193.59 193.63 1.2862 1
402.88 377.88 228.31 228.55 1.4816 1
407.79 430.43 196.48 195.02 4.0636 1
309.07 308.35 10.373 29.095 3.8438 1
310.95 309.19 47.808 65.628 4.9758 1
415.35 434.11 213.38 214.45 3.0671 1
491.68 471.02 45.348 1.3237 2.2161 1
600.21 595.72 1.1236 13.806 4.7853 1
402.88 415.29 351.63 347.61 2.3782 1
412.87 430.38 277.54 277.6 2.5288 1
92.803 59.134 99.933 105.43 4.7331 1
294.12 294.12 287.88 305.38 1.25 1
431.69 486.71 194.51 185.92 2.3919 1
465.95 470.03 381.06 394.23 6.0289 1
529.28 525.3 1.4804 31.615 2.3145 1
291.68 293.27 246.62 274.1 1.3931 1
313.94 302.71 424.43 417.39 9.1378 1
599.04 621.59 53.235 51.201 2.2653 1
294.07 389.06 215.01 201.18 2.4977 1
595.25 570.28 36.064 37.855 5.9713 1
374.13 401.63 196.4 196.54 1.3812 1
238.82 239.95 29.005 37.929 3.1109 1
53.108 40.993 85.227 66.231 1.6347 1
522.2 526.03 32.945 1.5529 2.3575 1
361.58 312.84 63.603 67.498 2.2929 1
248.59 245.78 84.2 64.068 2.4458 1
26.561 15.887 85.483 79.11 3.0272 1
296.62 296.62 244.13 260.38 1.25 1
219.26 228.83 70.25 80.651 2.9081 1
324.74 313.88 428.93 424.28 5.0887 1
61.42 45.148 104.29 101.94 2.0138 1
380.38 399.13 231.62 231.62 1.25 1
420.37 439.13 180.92 180.83 2.5573 1
