459.72 427.85 160.23 305.37 4.3522 1
638.98 638.99 411.62 147.87 1.253 1
139.12 572.87 479 478.98 1.2661 1
323.53 459.59 37.28 159.99 4.277 1
250.59 240.42 7.5135 1.5514 3.4949 1
428.91 300.29 306.05 355.16 7.856 1
255.55 247.43 9.5053 13.142 4.956 1
265.47 256.15 6.8807 10.345 3.8157 1
197.99 233.85 61.55 118.05 4.1204 1
229.25 323.03 54.783 37.479 4.1414 1
219.43 197.33 197.82 62.556 4.0802 1
185.38 172.56 5.1176 10.92 7.8636 1
85.726 130.73 16.782 5.5512 6.3667 1
226.6 236.9 18.078 19.275 2.6193 1
4.7462 2.2949 32.956 14.038 4.3614 1
172.18 163.64 10.066 12.233 4.173 1
6.7359 11.928 14.07 24.592 4.4692 1
105.52 85.502 16.595 18.954 2.9926 1
246.73 221.75 14.485 16.107 3.6285 1
38.377 46.842 0.21368 25.718 7.9264 1
22.754 16.489 36.653 9.1559 4.4278 1
224.39 220.01 212.42 197.98 6.7064 1
237.86 266.82 19.056 11.07 3.8231 1
1.9959 15.03 78.438 69.851 3.4876 1
298.05 290.84 352.78 338.88 6.1647 1
260.31 251.59 2.737 6.5455 3.9369 1
142.92 152.97 8.9369 11.188 2.7127 1
15.574 10.467 9.5228 0.83581 3.6116 1
131.58 145.52 6.6269 6.1691 7.3729 1
19.497 3.2139 31.423 1.4409 2.6988 1
21.449 13.84 64.017 76.451 4.4396 1
155.53 129.24 14.522 9.739 3.1322 1
298.88 293.11 347.89 209.06 3.6429 1
30.478 47.917 44.471 39.266 2.0381 1
290.72 225.72 338.34 212.05 5.1808 1
13.327 1.8664 76.263 82.099 4.5379 1
127.84 106.41 10.253 15.804 2.7336 1
67.039 49.729 10.931 0.61181 2.9939 1
291.86 365.62 208.75 188.79 3.7191 1
108.08 50.463 66.289 79.511 3.2167 1
59.265 102.94 74.717 64.388 2.655 1
15.76 8.7976 35.735 42.502 4.4822 1
220.42 198.01 56.92 60.106 3.3606 1
237.16 262.37 22.332 47.134 2.046 1
34.937 23.949 29.455 35.099 6.4325 1
257.32 234.58 47.189 24.91 2.824 1
12.131 5.3607 57.23 48.903 3.3355 1
425.1 455.82 304.06 164.22 2.1189 1
86.949 61.896 37.448 47.314 2.995 1
19.129 1.6183 85.763 85.932 1.3947 1
59.344 84.2 44.721 35.578 2.1033 1
380.27 357.87 1.1857 6.6106 2.1355 1
423.78 456.39 171.7 162.08 2.3825 1
295.4 317.87 9.7185 8.9527 1.5473 1
399.11 421.79 179.08 172.18 1.8756 1
366.37 389.16 188.22 181.76 1.9043 1
317.87 295.36 11.531 11.797 1.25 1
435.49 386.49 142.74 98.02 1.4436 1
57.863 72.888 14.475 14.982 1.6708 1
39.173 21.755 81.908 84.887 1.8002 1
233.98 245.39 119.22 136.61 1.7308 1
