201.96 170.43 245.05 90.109 4.7067 1
169.96 440.33 88.985 136.87 4.8441 1
136.62 574.12 478.99 478.98 1.2561 1
638.99 638.98 411.63 147.88 1.255 1
478.01 472.01 128.79 171.85 6.0486 1
461.87 456.48 232.35 243.41 3.7149 1
355.33 485.27 59.441 76.177 4.7441 1
469.37 467.11 176.3 191.88 8.5001 1
468.89 464.31 190.16 221.83 5.1273 1
485.91 481.89 77.602 106.49 5.0224 1
480.51 478.91 111.52 127.85 5.7058 1
457.11 457.42 236.64 225.36 1.488 1
464.87 462.55 222.75 232.5 3.0118 1
443.05 437.26 155.89 174.33 4.9087 1
516.59 397.85 13.239 1.9186 4.1522 1
442.12 439.47 135.3 160.41 3.5979 1
435.91 209.42 321.45 251.92 9.2652 1
461.62 472.99 109.12 105.75 3.3674 1
437.99 435.34 175.26 201.62 3.6062 1
471.59 461.3 110.28 114.61 5.0935 1
486.69 429.15 4.0996 1.1512 2.6247 1
537.71 552.94 4.0379 2.1262 4.4992 1
553.85 593.23 9.6943 4.1688 9.5336 1
447.23 455.89 224.2 220.26 2.8924 1
521.64 487.85 6.3336 4.4964 3.8802 1
437.58 422.4 283.97 311.94 4.8033 1
435.41 423.33 199.27 304.18 4.2398 1
468.17 457.07 134.62 141.14 3.8667 1
467.88 521.63 1.3882 2.4917 1.7885 1
465.84 453.14 194.6 206.94 3.5352 1
480.42 526.71 6.249 12.216 2.5618 1
639.27 514.41 34.519 13.656 3.7052 1
639.15 597.89 2.8488 2.1867 2.981 1
427.86 479.15 3.1274 6.2212 1.8181 1
527.73 639.35 12.56 30.235 3.5807 1
173.15 254.9 87.159 45.682 3.459 1
457.15 437.59 245.01 283.37 3.5198 1
553.05 531.65 7.9432 9.4349 7.3081 1
594.08 550.45 11.154 14.966 4.1107 1
468.33 453.57 151.07 160.77 4.8062 1
175.25 204.48 97.901 241.81 2.2204 1
216.68 200.3 101.32 98.308 2.9104 1
327.88 217.69 120.37 101.48 3.8706 1
199.1 174.02 98.018 93.449 2.5739 1
380.32 329.1 129.45 120.52 2.2482 1
439.12 430.37 316.95 316.73 3.7811 1
419.84 431.62 260.32 142.87 2.3782 1
255.25 335.35 46.333 56.852 2.9043 1
442.31 457.32 156.23 134.98 3.2978 1
200.4 219.05 101.49 104.57 1.8439 1
208.81 205.52 264.26 256.56 3.1176 1
451.66 439.14 317.72 317.38 4.9638 1
457.51 445.84 141.33 155.75 3.1454 1
416.78 418.18 294.14 275.4 1.6182 1
