292.68 305.3 304.2 136.71 4.7727 1
638.99 638.98 412.88 147.88 1.2535 1
305.51 306.88 130.47 110.39 3.9955 1
305.47 313.76 109.64 82.384 5.667 1
531.36 461.73 133.59 332.47 5.9676 1
294.63 292.84 324.2 305.26 8.5282 1
460.5 293.88 333.27 308.29 6.1769 1
135.37 575.37 478.99 478.98 1.2583 1
484.52 531.69 24.495 133.56 4.8068 1
309.03 529.14 102.34 132.79 4.3608 1
314.48 344.06 82.245 5.833 4.1734 1
422.92 387.76 177.63 170.99 2.4566 1
345.38 482.92 5.3476 23.827 3.6811 1
389.33 377.91 134.63 131.5 2.4113 1
417.88 382.93 286.78 288.11 2.4982 1
411.61 379.01 237.97 232.26 2.8046 1
426.5 390.02 144.63 135.54 3.3218 1
457.88 427.88 143.82 143.77 1.2939 1
445.4 424.13 175.64 177.95 2.9216 1
380.52 410.21 134.94 144.64 2.8122 1
431.55 310.37 153.36 135.41 2.5242 1
416.61 446.62 146.02 146.87 1.3911 1
410.32 436.61 178.66 180.55 2.4139 1
299.37 295.72 252.89 304.15 2.0495 1
432.81 412.84 234.87 237.61 3.1576 1
303.4 299.77 201.57 250.33 1.9356 1
308.16 303.89 139.05 196.61 2.6365 1
524.13 424.19 141.57 127.42 2.7279 1
385.38 412.87 290.46 290.11 1.3306 1
516.51 434.21 164.98 153.54 2.4421 1
456.56 455.78 334.08 355.44 6.566 1
309.83 308.87 114.09 130.36 1.5418 1
400.4 429.16 239.95 239.02 2.3775 1
405.29 342.91 124.67 115.17 2.1761 1
321.61 375.28 134.22 142.28 2.2919 1
466.63 425.37 2.7267 2.5699 2.5998 1
302.27 296.22 329.52 318.09 7.8629 1
491.61 515.32 159.25 162.1 1.6886 1
420.4 432.68 227.81 232.18 2.7743 1
496.33 504.44 224.02 200.48 1.3012 1
453.1 447.95 346.73 357.91 3.4062 1
