272.28 242.92 327.53 164.92 4.9243 1
638.98 639 411.62 149.12 1.271 1
136.62 574.12 479 478.98 1.2652 1
270.44 281.33 5.2773 12.094 3.3152 1
284.16 264.62 17.828 4.6387 4.2232 1
281.74 331.92 12.113 19.633 4.4571 1
1.227 35.098 8.7417 0.48751 4.6538 1
511.93 510.29 1.4041 17.74 5.6015 1
557.7 523.31 91.584 240.19 5.6162 1
242.65 414.87 166.93 54.009 7.7805 1
334.29 397.87 21.801 31.633 4.4574 1
316.45 285.18 20.64 17.075 4.3249 1
395.13 315.09 36.683 21.906 5.768 1
483.83 487.44 16.262 0.93383 8.2314 1
395.86 272.13 404.6 326.56 9.4597 1
570.35 570.05 1.5868 11.615 3.8606 1
245.01 334.2 167.45 206.45 4.9485 1
433.45 559.7 209.71 82.182 8.7766 1
526.57 401.33 236.92 402.65 7.9837 1
1.3657 129.2 44.092 18.251 3.5839 1
125.57 1.3435 22.609 47.733 4.0615 1
396.62 419.43 32.887 37.695 4.5094 1
44.773 1.3612 1.8136 13.112 4.3257 1
510.37 485.37 16.659 16.686 7.5177 1
465.58 395.2 55.847 37.292 5.9227 1
461.55 475.85 26.542 13.204 5.7829 1
129.43 180.06 17.527 0.66784 3.172 1
427.93 456.65 39.444 34.257 5.3648 1
247.3 267.97 171.5 286.61 2.2706 1
470.38 457.86 26.728 40.359 4.7534 1
478.98 483.12 50.354 21.661 6.1857 1
555.17 465.97 78.759 58.205 7.5999 1
193.44 126.4 0.74456 22.185 4.0436 1
545.58 557.55 1.438 14.529 2.8463 1
456.68 439.24 40.724 43.556 4.703 1
607.03 623.98 18.322 26.947 5.5505 1
421.46 432.73 31.325 25.117 2.3901 1
442.82 475.45 45.702 51.181 2.8888 1
434.03 461.58 25.13 23.431 3.4953 1
598.97 606.51 18.119 18.921 3.5968 1
581.63 597.95 17.739 18.336 1.9182 1
400.18 398.56 354.11 384.16 2.0569 1
401.63 401.63 319.13 346.63 1.25 1
452.89 441.59 29.849 30.105 3.1806 1
404.19 402.86 290.38 311.62 1.7922 1
