638.98 638.98 411.62 147.87 1.2566 1
519.91 482.78 256.27 435.36 4.6426 1
344.09 312.88 50.973 49.041 4.6043 1
524.58 520.21 232.71 254.09 5.3472 1
136.62 574.12 479.02 478.98 1.2818 1
297.13 293.66 250.43 206.46 4.361 1
315.27 297.62 48.036 37.026 5.4389 1
295.64 296.13 257.7 251.59 4.2341 1
328.71 320.94 21.062 9.5853 6.5776 1
340.42 330.26 10.296 21.516 7.2372 1
294.14 296.25 401.63 259.16 5.1288 1
287.85 257.79 29.349 26.13 2.4858 1
269.22 281.79 23.528 25.604 4.0738 1
155.29 196.54 83.26 79.427 4.4279 1
186.62 202.75 19.151 23.364 8.5201 1
275.23 290.62 78.668 81.545 3.6057 1
477.26 466.97 1.4229 96.392 6.6985 1
322.85 287.82 73.039 68.306 4.9201 1
257.8 274.42 75.779 78.753 3.7823 1
334.36 336.57 1.1391 7.893 3.1753 1
195.38 176.44 65.413 67.394 3.8597 1
313.48 320.65 17.058 27.69 6.5799 1
255.29 289.17 28.576 32.457 3.5834 1
170.4 145.39 25.727 26.143 2.4165 1
311.67 344.15 52.339 55.13 4.4853 1
152.66 169.28 22.916 20.012 8.679 1
295.7 312.37 41.083 51.207 4.4629 1
132.89 145.39 71.539 74.044 2.9424 1
146.64 172.89 29.484 28.298 3.6898 1
245.41 232.89 63.083 63.389 5.1816 1
413.68 525.98 128.42 219.63 4.487 1
210.37 219.13 78.032 78.102 3.7699 1
345.42 344.39 33.851 43.044 5.0288 1
335.21 344.56 35.818 19.373 8.6727 1
295.73 293.01 465.46 435.14 6.8956 1
385.34 400.36 80.97 80.125 4.0952 1
102.66 131.66 70.12 76.46 3.9304 1
375.38 395.37 35.538 35.288 2.7502 1
324.14 335.41 35.212 36.178 2.4909 1
231.61 245.47 28.026 29.341 3.0794 1
385.3 366.65 68.482 70.583 5.2313 1
328.76 331.51 57.917 81.638 5.5428 1
349.16 346.64 18.081 33.727 5.7745 1
129.18 100.48 57.584 52.289 4.4634 1
396.16 394.37 1.1726 7.9409 4.0122 1
183.86 200.37 24.941 30.375 3.5931 1
371.5 380.35 82.849 82.428 4.935 1
1.5864 101.65 77.369 79.304 4.0322 1
297.86 524.14 225.79 221.09 5.9592 1
397.99 385.35 11.728 12.292 8.9644 1
472.82 499.12 95.7 96.638 3.213 1
224.15 212.9 58.764 59.047 3.8118 1
480.75 344 439.06 452.94 8.0355 1
278.17 267.59 66.821 63.908 4.6977 1
347.94 360.27 51.749 45.181 4.9286 1
292.54 294.37 434.25 401.71 9.8573 1
394.13 376.63 32.052 32.167 1.3567 1
366.38 358.98 70.551 72.211 4.2058 1
324.96 327.51 8.9905 1.1025 3.5683 1
353.29 355.49 35.271 17.733 5.738 1
499.09 590.37 96.693 99.208 3.4043 1
344.05 361.26 87.421 84.5 4.9295 1
202.98 199.57 61.647 77.968 6.4277 1
381.7 396.71 28.051 29.036 8.057 1
302.55 303.08 15.332 26.674 3.6266 1
596.66 472.86 95.266 92.222 3.739 1
141.08 148.2 59.39 73.937 3.7617 1
562.84 598.22 1.1787 97.417 5.2103 1
264.15 264.9 71.709 60.262 3.7419 1
170.74 144.26 6.085 3.8066 8.6107 1
342.99 296.61 452.57 455.03 6.5659 1
344.38 345.43 1.3822 7.8666 4.0993 1
276.37 275.89 287.88 127.87 4.1957 1
369.41 372.61 24.197 11.557 7.2857 1
195.73 195.21 77.986 67.884 3.6802 1
367.62 368.37 1.529 9.3192 4.0941 1
375.28 377.08 10.388 22.989 6.5398 1
182.71 188.71 16.209 17.422 4.901 1
277.87 412.88 127.27 128.07 3.8167 1
221.89 229.35 2.1579 15.932 7.1909 1
354.52 345.6 11.325 12.91 5.9346 1
292.63 295.63 29.506 41.242 5.1285 1
214.08 219.83 21.243 1.8332 6.5683 1
458.93 471.46 96.927 1.4393 9.149 1
599.63 568.85 88.946 1.2831 4.465 1
176.65 152.87 112 112.35 3.551 1
247.67 253.2 17.152 6.1586 7.8294 1
130.6 128.01 74.475 57.662 6.6527 1
335.34 335.84 81.693 72.831 2.9831 1
478.06 538.37 90.498 1.1137 4.1448 1
308.11 255.61 113.04 101.77 3.142 1
180.37 191.62 69.812 69.686 1.3623 1
206.4 212.66 27.588 22.6 3.3144 1
256.58 261.02 8.716 21.829 5.9559 1
291.92 279.28 205.57 143.1 3.138 1
529.46 475.06 1.0257 83.917 4.0154 1
229.4 237.23 15.559 20.702 6.956 1
399.71 401.6 9.2642 1.3216 3.3027 1
609.12 639.13 85.477 85.565 5.077 1
165.12 174.47 19.923 14.753 6.3064 1
314.15 301.61 10.559 10.755 7.5381 1
299.98 297.57 35.68 22.699 5.8298 1
288.53 276.11 412.94 292.8 4.1572 1
474.05 483.73 83.015 1.5781 3.4025 1
204.51 212.78 17.792 15.073 5.9214 1
360.55 363.94 45.056 35.311 5.08 1
406.02 406.58 26.595 15.311 6.0571 1
246.75 249.67 27.09 18.464 3.9528 1
239.85 245.65 21.14 15.671 8.0842 1
100.39 93.966 58.984 1.2253 8.4176 1
113.88 116.14 24.542 32.66 4.481 1
334.33 313.86 117.68 114.76 5.6571 1
603.89 603.09 75.296 90.386 7.4894 1
210.34 184.11 107.53 110.19 2.3766 1
307.85 321.38 40.457 44.872 1.777 1
197.82 221.55 106.09 103.45 2.2058 1
491.88 516.62 376.68 256.62 2.0266 1
398.72 356.38 104.24 111.45 5.2685 1
398.15 400.39 78.249 69.128 4.5368 1
431.68 416.62 345.61 349.08 2.998 1
120.3 129.03 10.458 17.987 5.289 1
286.7 293.16 24.201 18.186 5.428 1
620.03 604.8 0.59349 79.54 12.941 1
100.18 106.44 1.18 15.982 7.8812 1
472.96 482.02 441.95 455.1 7.6635 1
420.39 299.14 257.16 260.78 2.6662 1
386.65 374.15 245.13 243.85 2.487 1
422.79 411.66 402.63 406.72 3.2084 1
103.85 102.32 66.672 57.756 3.9074 1
420.41 406.63 283.59 284.23 2.8454 1
444.37 425.39 279.1 282.93 2.7106 1
479.79 474.39 454.28 477.27 5.3015 1
400.39 454.14 96.028 97.299 1.9676 1
407.88 421.66 252.92 252.25 2.7411 1
117.77 106.52 3.8511 2.5957 4.5587 1
130.98 123.95 6.5916 3.2525 5.6467 1
609.65 608.23 97.814 85.335 5.6785 1
422.87 444.12 252.47 252.38 1.3067 1
132.75 141.16 33.747 58.863 3.1832 1
422.87 406.62 248.48 248.31 1.3928 1
451.54 427.93 243.66 248.15 3.3899 1
351.34 338.69 112.98 116.14 4.2462 1
299.12 314.14 257.59 257.3 1.5201 1
398.9 397.67 82.745 96.717 4.724 1
402.53 400.03 46.563 60.537 5.3612 1
125.29 104.33 102 97.01 2.4909 1
299.12 299.12 262.88 321.63 1.25 1
328.46 327.83 87.893 107.87 1.5239 1
77.884 41.626 86.851 86.522 1.2613 1
299.13 299.13 237.88 255.38 1.25 1
412.88 400.37 349.63 349.79 1.3999 1
309.95 302.15 474.58 467.31 4.5683 1
317.84 375.37 256.58 255.06 2.4991 1
457.87 400.37 100.61 99.407 1.7714 1
256.61 256.23 57.875 45.312 3.7483 1
241.54 211.56 103.49 107.35 1.842 1
480.03 483.08 434.06 419.17 1.4749 1
20.381 1.6221 85.901 85.758 1.3929 1
377.88 397.89 236.71 235.75 1.7271 1
100.38 82.884 87.587 87.318 1.4613 1
