186.44 145.61 290.12 120.02 5.0566 1
136.62 575.37 478.99 478.98 1.2627 1
638.98 638.99 411.62 147.87 1.2533 1
147.79 476.66 119.92 133.36 4.9403 1
482.11 451.81 131.28 307.69 5.1016 1
470.23 483.61 92.659 110.76 5.9457 1
464.86 471.19 65.811 91.423 4.2954 1
200.34 464.11 59.225 66.037 4.9695 1
477.92 481.71 119.98 132.47 4.4222 1
392.87 372.87 2.1379 1.7604 1.6037 1
465.5 405.36 10.397 4.2383 3.0339 1
531.7 467.87 18.464 11.67 3.6243 1
396.81 525.44 0.047207 14.841 3.7931 1
406.59 390.41 3.8431 3.1784 3.3875 1
467.75 195.46 313.44 295.37 9.8014 1
569.13 629.16 15.35 19.94 3.0719 1
636.71 566.73 24.417 17.983 4.2644 1
526.61 567.9 14.488 15.759 3.0753 1
566.6 531.59 18.704 17.746 2.7383 1
626.74 639.19 20.713 22.343 2.8034 1
189.28 199.49 70.515 59.459 2.6144 1
158.78 170.89 160.46 210.55 1.7503 1
209.13 150.35 125.32 123.74 2.5995 1
389.13 349.13 66.625 66.625 1.25 1
232.88 215.38 126.63 126.63 1.25 1
