136.62 574.12 478.99 478.98 1.26 1
638.98 638.98 412.88 149.13 1.2505 1
204.01 163.83 346.65 162.39 5.1061 1
539.91 490.69 132.4 310.12 6.1188 1
503.5 206.95 312.67 351.58 10.489 1
466.63 540.12 60.371 131.89 4.5993 1
175.48 465.47 79.495 60.556 5.3818 1
617.5 640.25 70.124 83.455 4.5744 1
164.18 175.51 163.96 79.31 5.0527 1
585.92 616.9 54.188 70.93 4.0087 1
641.18 616.91 89.784 73.691 6.2708 1
542.41 590.66 28.779 53.568 4.3862 1
615.8 579.32 74.592 55.007 5.1804 1
576.76 541.76 50.104 32.611 4.4795 1
525.73 541.82 2.1519 9.9653 2.762 1
537.92 505.71 10.229 0.51043 4.157 1
166.54 536.7 164.37 132.44 4.6798 1
544.23 544.17 12.891 24.133 3.819 1
540.36 540.85 27.874 16.591 2.9919 1
584.07 576.67 54.277 51.496 5.56 1
168.87 180.23 170.43 221.66 1.7831 1
315.36 296.6 73.836 74.838 1.4482 1
505.48 465.6 102.76 63.89 1.25 1
424.13 406.63 1.625 1.625 1.25 1
