136.62 574.12 478.99 478.98 1.2545 1
638.98 638.99 411.62 147.87 1.258 1
123.84 374.07 74.116 131.88 5.063 1
162.08 120.97 229.93 73.64 6.3624 1
217.81 438.97 32.013 70.024 4.1962 1
440.42 422.85 70.108 231.49 5.8321 1
373.1 435.84 129.56 74.655 5.8903 1
422.22 367.65 231.16 307.01 5.5822 1
121.46 218.8 72.467 32.082 3.8073 1
639.43 493.19 27.513 -0.032599 3.7188 1
565.34 600.37 3.5353 1.6138 3.3862 1
362.01 169.85 310.16 237.22 9.316 1
514.28 639.36 0.80018 24.118 3.5606 1
406.24 419.4 129.18 124.98 3.2384 1
405.06 421.81 104.12 99.859 3.3676 1
418.5 402.78 129.04 136.42 2.9091 1
377.64 361.29 313.77 309.44 8.4582 1
607.81 562.87 4.5296 7.7678 4.1894 1
421.4 420.6 126.61 139.22 4.2159 1
421.59 402.41 104.03 110.15 3.6225 1
421.41 404.48 114.89 122.43 2.1591 1
418.87 400.59 141.14 150.77 2.3303 1
413.12 413.56 216.66 229.14 2.892 1
336.57 199.09 126.86 95.527 3.3875 1
198.88 126.68 95.12 77.66 2.4948 1
410.08 414.25 190.76 180.42 2.3846 1
563.12 547.89 4.7999 2.7386 5.7931 1
371.33 368.1 160.33 260.46 5.6869 1
420.48 433.01 236.39 237.29 2.9335 1
371.92 370.99 132.77 152.96 5.6271 1
396.65 377.83 312.74 312.34 4.1517 1
375.46 398.55 151.71 129.77 2.3579 1
393.11 379.07 139.37 152.82 1.9586 1
403.19 396.65 109.47 115.4 2.7756 1
