638.99 638.97 412.88 146.63 1.2621 1
137.87 574.12 478.99 478.98 1.2573 1
580.78 510.39 166.29 346.63 4.631 1
220.3 197 243.06 72.653 4.6896 1
339.76 580.61 39.045 164.82 4.3708 1
151.62 140.49 24.128 23.019 1.9804 1
120.46 98.456 30.578 39.335 9.528 1
378.16 219.7 433.89 243.65 7.8703 1
216.63 340.41 67.887 39.26 4.2844 1
198.26 412.33 73.926 249.79 3.5513 1
127.95 114.47 21.444 15.797 3.2719 1
26.794 6.7144 45.167 48.426 3.5337 1
510.77 376.54 346.56 437.14 7.5063 1
65.312 72.997 34.676 35.549 4.5448 1
19.629 65.666 40.562 31.925 7.8324 1
1.6412 20.464 44.501 43.689 3.5848 1
80.461 55.321 39.281 37.313 3.2729 1
94.168 80.313 40.982 40.066 2.8242 1
74.009 96.578 36.131 37.442 3.3813 1
197.68 213.87 71.74 68.929 3.3183 1
177.53 219.13 38.38 66.613 3.3264 1
213.75 174.66 67.181 40.827 3.5413 1
69.174 51.613 26.935 27.489 2.4593 1
47.881 105.39 23.756 23.366 3.8602 1
115.8 114.66 15.332 4.071 3.4781 1
54.382 27.65 37.626 44.498 4.0459 1
101.65 87.881 25.785 26.709 1.7494 1
52.014 33.786 26.988 17.261 3.679 1
44.483 1.7074 99.068 111.9 3.2333 1
140.45 136.5 15.353 1.3078 2.5569 1
1.458 41.631 108.56 96.644 3.1997 1
204.44 223.63 100.5 242.94 2.3811 1
220.36 300.34 35.283 25.076 2.1616 1
221.34 200.29 96.96 79.221 1.4607 1
469.14 411.73 217.91 245.59 2.4912 1
41.536 53.051 85.776 88.332 1.7651 1
190.37 209.04 44.118 38.829 2.0844 1
511.76 574.62 334.18 173.07 1.9578 1
196.67 140.13 89.295 104.44 2.9533 1
225.8 222.2 266.79 249.26 4.6456 1
212.76 193.01 41.16 45.941 2.5069 1
317.79 293.03 23.72 28.674 2.2057 1
292.86 231.7 28.998 36.033 2.4954 1
301.87 339.35 24.942 13.606 2.4528 1
364.44 326.54 3.5386 21.437 2.8256 1
139.03 196.76 101.26 85.873 2.6545 1
95.338 112.83 81.498 76.471 1.8918 1
292.99 250.61 156.49 121.35 1.7839 1
20.396 6.6249 5.6866 6.6242 1.8415 1
529.18 507.85 141.51 130.43 1.4279 1
505.34 474.2 129.19 112.74 1.3747 1
390.27 389.29 376.78 384.15 2.0183 1
388.72 381.53 385.3 426.61 2.8916 1
399.31 390.07 325.41 378.04 2.8482 1
404.87 401.22 290.3 314.06 2.5661 1
32.78 21.332 17.512 20.504 2.4736 1
66.563 40.569 12.484 16.598 3.5085 1
410.32 406.55 262.6 280.36 3.1497 1
79.219 75.655 9.0839 0.95418 4.7206 1
231.24 226.88 284.22 267.48 1.8488 1
