281.85 287.25 312.92 147.85 4.1978 1
287.51 288.14 142.92 115.38 4.3258 1
638.99 638.98 412.88 147.88 1.2606 1
520.16 493.11 151.97 233.79 5.5031 1
137.87 574.12 479.01 478.97 1.2841 1
446.06 281.51 367.12 313.24 6.1389 1
287.16 391.9 114.68 13.157 4.09 1
492.78 447.98 234.09 366.24 4.6375 1
290.19 513.2 114.89 167.76 4.6608 1
538.91 518.6 40.108 151.3 4.4583 1
401.36 375.19 167.51 159.76 2.9742 1
396.47 375.15 200.92 194.93 3.0828 1
378.04 392.84 199.67 203.03 2.5494 1
377.71 400.43 164.69 171.43 4.3056 1
392.65 537.8 12.848 39.548 3.9143 1
437.91 406.55 170.89 169.19 2.7978 1
419.13 389.13 261.85 262.01 2.5412 1
406.63 380.37 311.5 311.47 2.5148 1
281.67 284.44 339.42 315.27 9.4618 1
380.38 361.65 259.11 254.02 2.4125 1
431.6 399.1 203.47 202.22 3.1217 1
365.33 377.86 258.03 261.67 2.2468 1
290.27 284.84 147.87 310.36 2.2923 1
290.89 290.43 117.86 141.63 1.588 1
506.73 334.23 176.2 133.69 2.3776 1
355.48 291.67 163.73 147.68 2.1947 1
411.63 431.63 206.12 205.98 1.3776 1
417.87 435.36 173.05 173.51 1.5733 1
459.23 357.83 189.95 164.3 2.4382 1
402.86 419.13 264.8 264.35 1.6304 1
381.62 406.62 314.33 314.46 1.3272 1
357.97 443.99 142.48 163.41 2.5948 1
292.69 361.75 144.85 162.39 2.1541 1
493.03 479.16 198.46 195.22 1.5014 1
639.16 602.82 2.2063 4.5751 4.1209 1
285.26 284.64 354.13 340.3 5.3887 1
566.59 551.21 9.3069 6.1534 4.1448 1
359.12 346.85 189.13 181.28 2.5332 1
551.08 541.57 6.4476 1.733 5.0253 1
