638.98 638.98 412.88 147.88 1.2511 1
136.62 574.12 479.01 478.96 1.2912 1
218.35 217.91 260.37 97.868 4.9082 1
342.78 218.09 348.02 260.07 4.889 1
217.82 217.31 92.899 65.339 4.2102 1
220.03 394.2 66.067 153.97 4.621 1
217.76 410.53 65.034 2.1006 4.0815 1
546.05 481.46 53.389 213.31 4.408 1
482.2 380.52 213.45 315.53 7.3315 1
411.38 546.32 2.2877 51.215 3.6914 1
326.75 290.06 176.21 165.18 3.2397 1
295.24 308.31 135.74 140.41 3.1099 1
317.78 276.35 234.42 221.25 3.1397 1
331.78 288.92 143.58 131.06 3.1545 1
393.9 543.56 152.53 53.916 4.1752 1
289.11 326.67 167.94 178.97 2.9674 1
361.01 346.32 334.68 347.69 9.8658 1
309.89 273.98 283.05 270.8 2.9052 1
314.37 331.72 141.91 146.27 2.1265 1
283.09 308.92 226 234.74 2.331 1
212.48 223.93 272.75 265.57 7.5559 1
277.72 296.9 274.51 282.18 2.5547 1
214.31 216.64 291.79 271.63 7.8809 1
264.79 253.95 263.23 245.48 2.8388 1
379.81 360.74 316 334.41 6.5117 1
276.25 261.6 123.21 106.65 2.8082 1
270.91 260.36 152.45 139.14 3.1053 1
271.06 256.26 217.02 195.63 3.2397 1
263.93 274.11 118.15 125.4 2.8229 1
356.81 345.88 298.22 343 3.4331 1
281.48 223.03 131.89 100.09 2.8902 1
220.58 220.97 74.121 92.888 1.6068 1
384.09 357.61 187.87 296.56 3.4895 1
387.92 310.24 161.53 121.88 2.2115 1
221.01 221.32 161.62 206.63 1.544 1
225.34 256.87 97.942 114.91 2.4581 1
382.73 287.93 185.65 135.26 2.5445 1
397.37 379.98 159 229.03 2.1554 1
221.19 221.35 212.88 259.13 1.4049 1
389.81 385.32 163.97 180.7 3.2091 1
220.77 221.13 100.37 155.38 1.5929 1
639.45 628.13 8.6353 1.2295 2.4527 1
256.61 270.37 245.44 249.15 2.4137 1
317.93 244.1 119.02 81.677 1.6409 1
372.84 389.24 150.45 158.9 1.8192 1
265.03 280.33 139.25 143.07 3.638 1
260.09 276.57 196.51 200.59 3.64 1
260.4 233.91 236.59 219.46 2.2266 1
340.07 364.22 159.7 172.7 2.2052 1
345.36 320.42 132.91 120.29 1.25 1
318.75 326.25 164.45 173.19 2.2208 1
304.2 341.77 115.23 135.1 2.2171 1
236.07 271.57 217.48 240.47 2.0387 1
266.32 289.26 106.57 112.35 3.9417 1
222.77 235.26 209.3 216.82 1.7156 1
363.88 359.73 291.57 309.27 1.8628 1
