265.1 267.05 285.47 237.89 4.2812 1
267.8 272.75 231.74 127.87 4.5171 1
272.98 274.25 120.44 95.381 4.6963 1
638.98 638.98 412.87 147.87 1.2521 1
139.12 575.37 479 478.98 1.2691 1
408.99 265.47 364.38 287.7 6.0719 1
274.75 426.04 92.917 14.153 4.3436 1
276.16 475.78 94.104 170.11 5.0536 1
419.19 411.4 346.42 365.51 8.3609 1
465.57 429 203.77 312.41 4.3636 1
473.19 467.13 180.04 196.81 3.7551 1
568.74 502.63 55.222 220.03 5.0994 1
428.43 417.51 312.64 345.25 3.2021 1
262.31 268.08 306.87 290.8 10.108 1
376.46 346.61 192.15 182.94 3.126 1
276.95 276.43 97.854 120.37 2.181 1
354.2 374.27 188.88 194.89 2.5186 1
357.99 380.42 156.21 162.72 3.7572 1
388.87 353.85 160.16 151.49 3.3735 1
503.35 422.77 218.64 347.81 5.838 1
275.69 270.59 127.89 234.08 2.5678 1
426.14 567.73 14.599 54.648 4.6049 1
269.99 268.26 239.11 285.39 1.5676 1
367.84 339.05 251.71 241.85 2.498 1
409.1 394.12 164.37 162.9 1.9854 1
357.56 334.08 300.03 291.76 2.4248 1
400.21 387.91 196.27 193.93 2.3592 1
342.92 361.67 246.48 252.73 2.3738 1
332.81 350.18 294.3 300.89 2.4993 1
471.57 377.71 178.01 142.06 2.3109 1
340.24 359.99 149.51 156.47 2.425 1
261.47 264.2 331.75 307.05 10.627 1
299.31 278.05 136.19 127.46 2.2285 1
342.89 325.22 145.36 131.83 3.2718 1
319.57 310.19 282.52 270.52 2.9538 1
332.95 315.44 239.05 221.56 2.6538 1
344.77 322.51 182.38 164.58 3.1273 1
464.17 299.95 201.52 136.44 2.6341 1
639.81 587.09 29.095 0.75426 3.3729 1
279.1 338.21 124.18 148.3 2.5745 1
531.2 478.75 102.54 168.83 2.1222 1
317.84 332.81 220.59 223.24 3.1159 1
332.78 350.47 132.38 134.68 2.6629 1
326.62 339.13 164.23 165.34 1.8008 1
387.84 395.34 149.2 152.95 1.6777 1
