184.38 143.1 267.51 96.269 5.0121 1
469.51 464.9 135.24 164.25 4.4061 1
463.32 462.18 171.69 179.21 3.0317 1
136.62 575.37 479 478.97 1.2723 1
460.37 457.74 191.41 206.82 4.329 1
145.28 469.14 96.626 121.38 4.9788 1
638.96 639 411.62 149.12 1.2886 1
465.38 469.92 164.64 175.56 4.3314 1
471.65 468.95 120.63 134.09 2.9423 1
478.93 473.8 99.239 90.565 3.8642 1
456.58 443.07 213.06 299.16 4.2646 1
471.89 478.18 114.34 123.52 4.1811 1
471.37 471.52 90.369 114.13 2.626 1
478.6 483.11 90.641 99.634 3.9216 1
457.81 463.3 207.37 220.19 3.9394 1
471.57 471.48 55.371 85.378 2.5844 1
471.74 479.52 85.235 91.444 4.3046 1
469.76 460.32 176.24 191.13 4.9972 1
483.25 475.64 99.82 111.79 5.1766 1
461.49 457.93 218.17 231.64 2.4859 1
231.64 470.33 41.249 53.8 4.6661 1
475.31 469.84 131.58 140.03 4.1372 1
464.02 416.46 303.54 301.02 8.8782 1
415.78 193.12 300.97 272.22 7.7901 1
569.24 502.95 9.486 1.0056 3.7908 1
526.57 639.12 2.8207 8.0317 4.3706 1
639.15 570.35 10.751 9.013 3.6989 1
149.01 186.28 106.65 261.71 2.0089 1
450.96 459.47 189.02 132.93 2.4389 1
267.87 214.04 109.19 105.33 2.2252 1
469.05 469 84.125 65.375 1.2755 1
187.88 166.61 102.72 102.07 2.689 1
166.89 187.83 75.689 57.818 2.4348 1
444.78 448.07 231.54 207.9 1.9599 1
357.88 337.88 50.375 50.375 1.25 1
