638.97 638.99 412.87 149.12 1.263 1
136.62 574.12 479 478.98 1.2658 1
322.96 292.91 30.913 27.532 5.9151 1
293.45 276.14 26.393 14.852 4.5056 1
296.05 305.64 0.18061 12.987 6.7524 1
466.52 285.48 416.77 433.94 7.0801 1
518.96 464.73 203.44 415.82 7.1641 1
105.27 116.8 44.403 48.649 2.778 1
328.59 327.81 1.5133 13.965 5.3806 1
401.16 519.6 109.72 202.61 4.012 1
454.92 444.54 1.401 80.265 6.5282 1
236.8 253.21 53.459 57.86 3.4735 1
293.99 292.9 210.52 200.37 4.2633 1
325.97 324.82 10.436 21.822 6.8491 1
73.789 104.34 42.931 50.795 4.0866 1
167.88 152.88 41.537 41.559 3.7556 1
273.22 300.29 18.527 34.272 4.8517 1
315.33 324.21 15.029 0.89192 8.8869 1
117.66 106.58 44.889 41.778 3.2724 1
284.35 280.62 446.92 401.61 11.622 1
449.07 549.18 80.15 85.699 3.5367 1
101.48 71.867 31.015 24.307 3.7718 1
300.45 266.38 52.415 46.89 4.7354 1
127.76 137.88 57.283 59.094 3.7266 1
188.74 185.37 51.718 37.876 3.0837 1
333.53 335.24 16.558 1.3294 4.9689 1
293.51 293.82 231.61 214.1 5.067 1
309.11 310.88 46.626 59.23 5.4708 1
165.44 182.84 2.3427 4.4457 4.623 1
265.38 251.53 6.5516 4.9662 2.0575 1
346.83 355.32 66.153 63.915 4.8349 1
354.09 375.41 16.005 17.208 4.3072 1
570.42 455.43 83.408 76.892 3.8604 1
295.38 515.38 203.63 202.76 5.0493 1
338.57 338.89 10.353 20.383 3.9068 1
301.48 326.61 33.076 35.503 4.5739 1
88.06 99.079 6.154 10.492 3.4893 1
242.03 242.56 49.212 39.042 3.7448 1
235.34 266.79 5.6054 10.579 3.6408 1
1.4952 74.184 48.799 53.139 5.3636 1
361.59 379.13 62.496 62.81 5.201 1
289.39 292.84 302.75 239.26 6.6905 1
359.08 350.4 50.525 50.892 4.0106 1
250.34 269.17 1.9915 3.6441 3.4743 1
171.95 170.55 55.501 45.182 4.0528 1
285.39 285.76 377.93 360.3 6.3284 1
544.85 571.76 1.3925 84.886 5.1883 1
278.57 278.03 14.149 1.5645 4.0163 1
254.11 246.17 44.178 42.152 4.2517 1
573.98 549.41 77.922 1.1345 4.1436 1
286.12 289.29 359.3 301.63 6.8458 1
179.42 175.7 36.691 53.229 6.2496 1
435.69 437.88 80.785 65.74 5.6447 1
272.41 274.55 6.9501 18.268 4.4479 1
284.75 285 389.17 379.08 5.2196 1
357.91 355.33 1.1249 13.862 5.5005 1
351.65 351.05 12.874 1.3926 4.432 1
372.9 356.56 13.681 12.805 2.4964 1
414.1 381.61 264.47 261.83 2.4612 1
421.68 405.45 325.72 328.34 2.6672 1
581.56 639.16 73.752 75.525 5.1712 1
119.18 123.15 38.42 52.8 5.7736 1
124.12 147.88 2.6171 2.7424 2.6187 1
357.88 374.14 9.0916 9.1994 7.533 1
314.73 315.64 62.929 52.786 3.0498 1
455.47 506.12 75.051 1.2807 4.2302 1
194.48 194.71 52.88 37.865 2.6116 1
451.47 460.16 68.018 1.4336 3.5564 1
104 100.65 49.412 33.339 6.6285 1
332.84 340.46 30.323 24.963 5.1114 1
385.2 386.08 9.1048 1.4188 4.4851 1
498.8 451.92 0.55628 69.73 4.3024 1
283.85 284.55 400.64 391.56 6.52 1
151.46 150.18 54.325 45.226 2.5621 1
197.19 197.51 36.613 51.659 2.71 1
505.39 296.62 236.22 238.7 2.4864 1
265.34 400.4 105.05 109.54 3.997 1
318.54 319.17 50.344 64.123 2.8983 1
340.86 343.21 25.162 16.718 5.1521 1
70.792 67.336 26.396 1.1848 7.77 1
291.83 256.47 94.516 86.001 3.2639 1
377.95 378.26 60.378 51.595 3.7915 1
259.99 263.82 267.9 106.59 5.7707 1
445.35 419.3 223.97 228.8 2.8252 1
401.62 385.37 329.17 329.15 0.64365 1
455.7 464.17 418.34 435.35 7.841 1
94.564 97.896 33.69 46.62 3.5944 1
104.91 117.22 1.7876 37.286 4.532 1
413.06 394.37 381.05 386.25 2.7434 1
255.57 234.05 85.808 80.705 2.9468 1
276.87 259.93 401.92 272.61 5.7251 1
376.36 332.69 87.067 92.674 5.4703 1
390.27 361.65 387.74 385.06 2.4092 1
592.92 575.63 0.28211 80.161 11.761 1
381.63 409.06 264.11 267.21 1.9234 1
439.51 448.19 65.596 1.3301 8.0351 1
550.37 581.63 85.816 86.405 3.8906 1
401.57 368.96 228.2 222.6 2.079 1
349.13 327.88 365.38 365.38 1.25 1
362.88 390.31 387.8 389.98 2.0364 1
155.37 121.52 89.164 87.416 4.9052 1
316.47 292.59 98.084 95.569 5.43 1
295.38 392.88 235.91 234.17 2.455 1
292.39 275.99 200.15 143.06 2.7344 1
512.88 296.63 212.29 212.04 2.4971 1
75.579 72.418 38.709 27.648 4.9796 1
121.29 110.27 32.992 1.6617 2.9687 1
128.38 119.94 22.076 8.1392 3.2075 1
582.64 581.91 85.39 74.026 5.3913 1
234.1 233.47 34.126 12.894 3.5638 1
422 436.62 231.78 234.14 4.6978 1
298.58 287.54 453.47 443.23 5.6961 1
371.68 407.86 226.27 231.71 2.6581 1
380.34 427.91 78.711 80.852 2.3851 1
111.49 76.536 82.05 70.649 2.3767 1
437.88 502.87 234.14 232.84 1.9954 1
175.37 165.37 86.034 86.085 2.5127 1
377.94 376.67 65.244 76.768 5.2448 1
417.87 432.83 315.38 318.11 3.2403 1
426.49 444.05 251.07 254.52 3.176 1
166.78 156.59 87.887 87.245 4.9901 1
382.87 361.61 362.8 363.78 1.7679 1
381.52 380.15 27.98 42.855 5.4368 1
461.08 458.34 435.52 448.96 4.8989 1
328.86 316.18 94.256 97.268 4.8044 1
411.63 451.62 209.02 209.42 1.3246 1
436.47 450.45 218.77 221.19 2.4779 1
306.96 307.23 72.869 89.115 2.5417 1
344.14 322.87 305.79 306.43 1.6978 1
412.87 380.36 83.077 82.245 1.5053 1
477.88 504.13 209.13 209.13 1.25 1
372.87 396.63 214.45 214.86 1.6669 1
