459.53 427.73 152.69 299.09 4.0722 1
638.99 638.98 411.63 149.13 1.2568 1
139.12 572.87 479.01 478.98 1.2771 1
427.74 300.34 300.04 349.05 7.5404 1
322.28 459.13 31.037 153.02 4.7667 1
218.63 195.38 192.96 57.659 4.0277 1
195.79 239.43 55.107 122.68 4.5065 1
1.3162 10.19 5.5384 22.311 3.7001 1
258.48 242.44 2.2778 7.8619 5.2368 1
16.641 14.721 17.871 10.225 3.3378 1
37.667 42.833 0.65309 19.48 7.3502 1
182.79 167.39 2.4128 5.1017 7.0167 1
227.97 321.97 48.372 30.978 4.6457 1
225.75 219.11 209.49 193.4 6.5295 1
14.106 10.098 9.8036 1.1731 3.4012 1
3.5599 14.647 71.011 59.633 4.5447 1
298.58 293.4 346.91 336.95 7.3654 1
17.585 15.911 25.723 18.319 6.6474 1
12.516 2.3497 19.89 1.2302 2.7934 1
241.66 220.44 9.0973 9.7761 3.1379 1
85.338 100.55 10.148 7.6874 3.2665 1
235.59 264.19 13.647 5.6133 3.9483 1
18.264 11.205 59.381 70.098 4.2007 1
127.7 89.251 4.5939 13.423 3.8002 1
221.56 236.73 11.955 14.823 3.6847 1
298.87 292.32 337.83 202.84 3.6244 1
51.498 50.702 28.982 36.659 3.363 1
293.01 226.64 336.56 209.71 4.4817 1
106.3 126.59 4.479 1.3897 5.1312 1
13.079 0.4676 56.681 41.326 3.7943 1
293.76 359.03 201.55 183.76 3.6164 1
10.886 1.2257 69.942 75.987 4.1085 1
63.17 56.689 4.7949 1.5 2.8137 1
97.846 56.452 62.746 72.108 3.1061 1
127.9 159.05 1.4576 5.9021 3.714 1
156.59 127.77 9.3714 4.786 3.0024 1
59.224 94.085 68.3 60.201 2.6319 1
220.38 196.75 50.376 53.768 3.5343 1
424.99 455.42 297.79 157.89 2.0793 1
12.52 5.7661 29.95 35.598 3.8356 1
235.28 260.16 16.724 40.598 2.5232 1
254.8 232.15 40.96 18.596 2.8037 1
35.887 20.001 23.411 29.381 7.7508 1
79.266 55.616 34.554 42.354 2.0202 1
360.14 379.07 183.35 177.7 1.6925 1
409.14 451.62 169.19 156.6 1.9983 1
432.93 420.31 134.06 122.95 1.25 1
