590.14 510.39 130.95 307.32 4.992 1
638.98 638.98 412.87 147.87 1.2562 1
136.62 574.12 479.01 478.97 1.2865 1
213.93 211 214.23 174.26 4.6208 1
208.75 203.88 174.01 190.3 3.8261 1
210.63 207.7 169.19 124.22 4.3927 1
203.41 200.28 121.45 134.1 3.9406 1
207.95 196.5 84.522 100.28 3.9503 1
191.69 207.82 97.938 80.423 5.226 1
199.86 208.85 187.64 167.75 5.2582 1
210.88 208.41 222.76 239.02 3.4075 1
205.12 210.96 189.81 202.61 3.9304 1
195.69 201.59 131.76 118.55 4.4436 1
197.1 203.43 100.71 115.13 4.7189 1
200.65 207.1 135.23 147.63 4.0422 1
222.01 214.45 327.94 220.44 4.6561 1
209.01 200.65 206.68 189.6 4.9721 1
203.93 213.93 227.73 214.3 3.9883 1
205.93 206.12 242.88 225.36 3.8896 1
510.46 212.65 308.94 332.49 11.511 1
195.61 193.55 111.75 95.448 5.573 1
208.38 196.84 153.74 138.67 5.1954 1
202.97 194.5 118.97 110.02 4.3937 1
196.18 196.97 139.21 131.53 3.4874 1
207.86 505.4 43.983 48.583 4.7542 1
207.47 206.66 80.412 44.096 4.3628 1
208.1 207.78 112.89 89.143 3.8341 1
505.9 591.63 48.639 130.37 4.9055 1
210.37 589.15 136.5 130.64 4.601 1
209.83 214.21 238.09 249.09 3.4734 1
215.71 207.27 256.41 243.27 4.5831 1
509.15 536.76 302.89 241.68 1.8966 1
504.74 496.94 317.44 335.35 5.5256 1
220.78 225.8 144.1 226.6 2.4521 1
215.38 215.38 181.63 200.38 1.25 1
220.54 220.29 191.64 170.38 1.25 1
537.46 582.9 240.19 139.14 1.5987 1
223.13 221.66 224.11 196.62 1.9139 1
226.47 227.26 232.88 262.89 1.6427 1
351.62 274.13 49.436 47.692 1.6715 1
218.85 218.37 161.64 149.11 1.6295 1
586.63 506.62 134.26 134.54 1.5176 1
194.37 203.73 236.08 232.79 7.1412 1
224.76 223.86 261.65 237.89 1.2963 1
455.38 379.13 50.375 50.375 1.25 1
210.33 211.35 100.38 112.9 1.7566 1
