638.98 638.98 412.88 146.63 1.2531 1
136.62 575.37 479 478.98 1.2702 1
260.35 593.96 53.01 113.78 4.7908 1
196.91 169.62 327.66 136.38 5.5046 1
169.07 259.87 135.43 52.437 4.9306 1
511.56 194.4 420.6 329.42 11.143 1
611.53 512.14 231.49 418.07 6.6193 1
592.88 611.77 114.52 232.65 6.81 1
174.17 607.97 136.43 232.45 4.2843 1
10.379 1.2549 131.63 137.28 3.4414 1
1.5617 9.1695 129.12 129.5 2.8155 1
1.5537 14.009 56.397 52.503 2.0132 1
564.14 521.68 111.57 103.85 1.7897 1
14.51 43.188 52.497 39.834 2.1533 1
60.992 38.185 31.345 45.863 2.2995 1
203.86 190.4 107.59 120.4 1.2581 1
497.84 479.2 99.319 96.157 1.25 1
21.656 1.7302 52.969 59.449 2.0199 1
