271.5 309.33 28.763 33.881 3.7817 1
638.98 638.98 411.62 149.12 1.2545 1
405.79 433 54.244 49.918 4.6275 1
310.51 270.42 38.353 31.385 4.6562 1
136.62 574.12 479.02 478.97 1.2947 1
254.16 270.41 25.23 28.974 3.4632 1
436.83 410.81 51.132 58.218 4.6092 1
263.88 236.94 343.95 187.61 5.4485 1
310.24 370.34 36.213 45.628 4.2398 1
269.52 244.97 33.071 23.974 4.8607 1
441.71 458.76 35.541 27.133 3.3324 1
376.64 310.45 50.275 39.876 5.3109 1
408.44 545.33 252.27 96.582 4.9206 1
458.7 444.11 30.742 37.839 2.8862 1
235.81 404.49 187.25 68.392 4.3452 1
212.98 240.74 6.1852 12.524 4.1455 1
616.21 639.07 41.811 43.62 11.412 1
1.2986 50.162 14.179 0.8432 4.4945 1
238.03 205.37 14.418 9.1751 4.586 1
370.43 396.73 46.392 52.399 3.6178 1
488.23 484.67 1.511 29.355 5.4055 1
239.09 253.95 11.671 24.336 3.2433 1
402.88 431.57 42.882 38.763 3.8837 1
425.36 401.24 41.558 47.596 3.9396 1
539.68 508.79 118.66 248.09 5.126 1
144.34 91.307 22.307 39.389 3.2044 1
116.32 164.11 28.175 12.828 3.067 1
165.13 211.56 12.298 6.1158 3.8854 1
400.28 406.77 52.133 53.328 3.1377 1
459.6 465.8 28.951 1.1621 10.186 1
246.95 238.4 22.452 15.934 3.268 1
545.37 537.84 98.739 123.25 4.9597 1
44.077 115.78 45.153 29.735 3.7322 1
603.01 617.38 48.358 44.306 5.3368 1
204.09 144.94 8.9251 20.66 4.6118 1
405.1 376.53 59.006 52.032 6.043 1
90.592 1.4898 39.017 55.912 3.407 1
635.5 619.15 50.627 51.94 7.7762 1
393.14 263.5 418.99 344.28 7.9483 1
485.38 461.63 31.816 31.807 8.755 1
1.5916 42.961 52.705 44.564 3.0337 1
63.621 1.3685 1.0467 18.194 4.5245 1
510.05 425.43 248.91 375.83 5.8978 1
424.93 397.38 375.92 416.73 5.1802 1
619.19 591.62 51.193 50.584 5.1368 1
461.71 405.1 71.171 60.585 4.3054 1
460.38 481.63 38.295 38.239 1.2993 1
436.63 426.61 42.376 42.184 2.5712 1
414.08 454.16 59.403 66.425 3.2624 1
455.34 444.16 44.62 43.74 2.7868 1
560.35 541.58 37.33 36.705 2.5402 1
542.75 447.87 95.971 75.39 4.6665 1
550.35 574.14 34.166 34.585 2.8954 1
573.81 590.04 34.196 38.046 7.586 1
500.67 525.58 46.721 41.298 2.8664 1
546.46 541.19 1.5783 20.253 3.4553 1
239.09 332.82 187.96 226.76 4.582 1
509.14 498.83 10.281 8.9865 4.7858 1
529.41 510.57 42.522 48.493 2.2659 1
516.42 528.48 14.317 27.314 2.9465 1
516.62 529.15 4.2308 4.5957 2.7174 1
511.6 525.38 33.716 33.002 2.4319 1
520.44 509.14 23.951 11.498 3.6169 1
455.27 457.76 64.267 44.111 6.5095 1
529.14 552.95 76.503 79.88 2.8349 1
583 565.27 41.055 37.078 3.7845 1
496.6 519.23 21.844 24.404 2.7429 1
603.98 589.03 34.688 30.717 2.7372 1
592.91 616.59 27.779 35.48 2.8512 1
551.61 520.35 82.943 78.066 2.1983 1
591.52 609.05 36.164 38.459 3.2314 1
406.92 395.54 259.05 402.89 3.2189 1
594.43 583.34 50.409 42.239 3.4436 1
477.89 462.86 41.389 40.701 1.706 1
334.19 406.56 227.71 256.79 3.2412 1
511.63 494.13 25.375 25.375 1.25 1
639.3 604.23 130.75 123.62 2.2012 1
486.59 471.72 74.394 72.207 1.7826 1
509.13 492.88 74.171 74.202 1.2644 1
561.57 545.41 114.42 111.45 1.9087 1
545.37 570.36 107.9 112.96 1.4731 1
606.62 636.65 120.42 126.49 2.2146 1
611.55 590.27 21.108 18.923 3.7635 1
