278.57 282.9 311.68 147.91 4.2185 1
282.84 283.17 145.39 116.64 3.9236 1
638.98 638.98 412.87 149.12 1.2518 1
527.24 466.45 108.92 296.97 4.9879 1
136.62 575.37 479 478.97 1.2786 1
438.9 279.58 372.25 313.78 5.5028 1
282.95 398.49 116.93 18.599 4.1293 1
466.46 440.93 295.73 373.49 4.6792 1
285.15 504.02 117.5 174.52 4.5543 1
440.61 434.48 371.1 383.05 9.0158 1
544.2 526.04 48.776 109.7 4.0335 1
392.69 371.33 171.06 165.22 2.6377 1
390.44 369.12 205.14 199.14 3.0838 1
364.32 398.93 168.3 176.23 3.9588 1
398.9 543.95 19.005 47.496 3.7454 1
371.77 387.96 203.53 207.52 2.4273 1
399.12 375.36 315.49 314.87 2.726 1
424.13 396.61 207.74 207.2 1.6692 1
380.23 357.89 264.6 257.84 2.5041 1
429.15 410.38 176.24 175.21 2.5647 1
412.88 384.13 265.88 265.89 1.2574 1
275.69 282.72 327.27 316.52 7.6045 1
379.12 400.37 317.9 318.14 1.3639 1
282.3 279.09 342.76 324.13 9.6833 1
284.31 282.52 211.58 259.11 2.2162 1
410.37 431.64 178.09 178.47 1.5362 1
500.55 332.74 183.48 138.37 2.4794 1
369.02 351.36 313.2 307.42 2.0092 1
456.55 286.74 196.91 149.97 2.4215 1
285.31 284.57 151.61 209.13 2.3546 1
286.58 285.94 120.41 144.14 1.8847 1
283.15 281.55 262.88 310.37 1.7957 1
351.56 367.77 310.6 315.7 2.0094 1
394.12 411.63 268.23 268.52 1.4556 1
490.39 459.2 206.56 197.61 1.7352 1
564.55 540.6 11.938 1.1232 2.8663 1
287.73 360.47 147.12 167.54 2.4687 1
357.85 442.82 147.95 170.59 2.1733 1
639.21 610.42 10.86 15.626 4.3038 1
357.63 342.71 195.74 185.62 2.8068 1
592.89 579.12 15.694 16.549 1.7895 1
402.93 386.63 246.45 241.62 1.5535 1
581.33 564.37 16.731 13.004 4.0782 1
