243.72 223.64 344.18 190.11 4.9071 1
638.99 638.98 411.63 149.13 1.2514 1
423.01 395.66 188.92 340.43 4.5123 1
137.87 574.12 479 478.98 1.2729 1
384 373.78 16.754 6.9822 4.4381 1
396.61 244.13 342.52 346.96 8.1151 1
403.44 398.72 1.3414 12.707 3.7475 1
134.19 57.896 48.547 46.006 5.0375 1
223.65 237.76 192.64 89.28 4.3323 1
378.67 422.8 45.514 188.76 3.9625 1
326.03 311.32 5.4889 9.1389 7.2888 1
60.383 1.6215 47.832 48.016 5.1285 1
1.6243 125.37 43.995 43.37 4.3684 1
313.01 304.27 7.5386 8.8464 4.2636 1
137.15 157.08 43.246 36.782 4.2738 1
385.34 365.32 20.075 22.42 3.7922 1
127.88 136.62 42.983 42.758 2.5957 1
399.56 385.48 12.687 19.356 9.9889 1
244.63 239.25 45.438 89.14 3.7402 1
610.03 613.67 26.411 41.734 4.5757 1
158.05 169.05 16.836 7.7892 4.1407 1
295.58 307.99 7.4945 4.6325 2.4992 1
610.39 602.13 42.868 20.19 5.7718 1
639.22 610.14 47.523 50.721 4.8203 1
161.53 143.25 37.668 46.184 4.3008 1
226.63 420.39 191.75 189.26 4.3767 1
599.64 610.72 14.841 26.253 5.2512 1
364.1 355.35 21.71 19.21 1.9507 1
565.77 565.15 1.5721 11.689 3.0389 1
196.8 196.29 1.4902 10.355 3.0443 1
560.44 562.6 16.812 1.5861 3.7061 1
610.35 639.2 46.386 43.737 4.6362 1
356.62 246.62 45.009 44.873 3.8751 1
359.15 396.69 24.673 23.083 4.3076 1
601.76 591.02 23.221 16.319 4.658 1
123.51 148.69 33.735 24.229 4.1274 1
586.36 599.88 11.211 15.502 4.7657 1
196.64 176.6 11.379 11.222 11.308 1
157.79 131.64 26.284 32.93 3.5945 1
366.16 355.38 11.349 9.11 3.7181 1
174.08 135.37 51.269 49.168 4.0542 1
565.3 586.5 13.187 11.383 3.233 1
179.09 194.11 18.902 16.534 2.4027 1
284.03 239.17 2.4322 4.9423 3.4738 1
590.41 562.82 16.385 17.228 4.2831 1
240.35 262.87 2.1189 1.4687 1.5021 1
280.67 296.46 0.7362 5.8898 2.8143 1
364.22 374.11 6.8475 2.8284 3.4741 1
232.99 189.21 46.843 50.241 3.05 1
210.45 232.92 46.005 43.213 2.3267 1
145.39 177.88 47.076 47.826 1.711 1
364.78 372.26 25.115 43.874 2.7932 1
367.51 362.55 43.015 30.021 3.2266 1
228.71 235.89 204.18 260.31 1.8454 1
403.94 418.68 276.59 195.29 2.0208 1
392.74 403.52 337.85 279.24 1.9366 1
236.6 237.91 264.13 277.87 1.8409 1
567.79 540.41 22.462 28.043 2.2234 1
484.12 459.12 32.025 31.757 1.4246 1
455.38 429.12 30.356 29.319 1.8409 1
520.38 500.38 31.625 31.625 1.25 1
539.13 556.72 25.405 22.116 1.6882 1
187.89 177.85 49.333 49.97 1.8017 1
