638.98 638.98 411.62 149.12 1.253 1
136.62 572.87 479.02 478.97 1.2954 1
211.57 182.03 322.88 166.31 4.9137 1
386.83 365.61 182.73 335.58 4.6412 1
388.95 386.64 87.871 182.91 3.9005 1
182.76 201.84 12.533 6.0125 4.012 1
365.28 211.65 338.93 325.08 8.0796 1
181.46 221.67 166.55 81.645 3.9269 1
206.99 183.67 6.1488 17.073 4.1715 1
446.69 421.44 3.5019 6.0575 5.1005 1
252.24 228.85 18.162 68.415 4.0253 1
130.4 60.353 12.921 11.363 4.7485 1
71.594 137.9 7.7561 9.5779 4.1949 1
135.35 181.63 10.986 12.754 4.5108 1
184.05 384.19 166.35 182.06 4.4341 1
182.04 168.16 0.031974 7.2782 3.7567 1
166.91 128.18 18.225 13.088 5.6895 1
387.87 254.03 28.022 19.299 6.3994 1
1.6141 42.901 2.0318 3.1388 3.1022 1
60.351 1.6088 9.4937 5.6213 5.4965 1
412.86 447.9 9.9199 8.5033 3.7469 1
420.56 400.12 6.9471 2.9155 3.9378 1
43.859 71.323 3.4492 7.4493 4.4315 1
215.32 175.34 23.425 19.46 4.1121 1
175.35 164 18.02 16.113 6.3707 1
364.36 363.52 340.3 351.58 2.6774 1
387.22 389.13 74.15 27.824 4.0556 1
186.62 220.36 17.896 19.433 2.8389 1
411.62 405.84 48.089 14.047 3.4647 1
416.63 390.37 52.198 51.95 2.6887 1
194.82 198.14 215.47 234.08 1.5831 1
191.28 194.04 196.68 212.89 1.4422 1
366.82 369.67 304.15 280.44 1.2876 1
410.44 416.36 12.865 49.168 3.1232 1
370.22 382.8 277.85 187.86 1.7996 1
545.38 527.88 25.375 25.375 1.25 1
497.85 476.71 20.564 17.347 2.0955 1
622.89 610.4 20.545 21.861 1.6359 1
