638.98 638.98 412.87 149.12 1.2538 1
136.62 575.37 478.99 478.98 1.2638 1
83.876 91.696 28.45 25.567 4.6913 1
585.63 513.18 164.97 344.25 4.5246 1
216.44 194.92 246.81 84.02 4.7425 1
334.61 585.59 39.417 163.71 4.7033 1
513.77 387.58 343.67 440.88 7.0123 1
99.259 73.911 29.997 39.824 9.5855 1
204.46 334.57 71.741 39.66 4.4393 1
345.84 215.7 388.8 247.57 8.1287 1
131.32 122.55 20.515 22.937 4.2801 1
105.97 93.214 18.428 16.055 5.23 1
391.59 370.74 436.66 416.23 10.818 1
45.444 70.345 34.844 38.104 3.3938 1
1.1005 55.637 38.435 29.468 8.3481 1
195.68 430.65 76.648 251.68 3.3155 1
54.071 21.577 24.699 27.275 3.2823 1
77.879 64.104 25.504 25.924 1.5919 1
25.377 86.634 23.098 22.449 3.016 1
70.454 31.578 40.783 37.124 3.7776 1
201.57 165.66 70.458 47.43 3.5343 1
169.71 207.47 45.712 69.754 3.6419 1
166.65 190.13 45.473 38.332 2.1821 1
30.486 1.3376 37.078 44.199 4.5049 1
371.24 346.09 416.03 388.67 7.9442 1
162.95 154.74 45.25 40.553 2.9475 1
92.812 89.789 14.438 1.7648 3.8818 1
158.39 167.94 38.276 44.017 3.2142 1
217.94 244.11 32.179 29.041 2.0359 1
118.09 119.3 1.2904 6.5852 3.9341 1
192.85 217.68 37.774 32.037 2.6207 1
250.52 294.31 28.735 21.513 2.4927 1
197.97 173.02 39.504 45.943 2.2256 1
193.15 124.33 86.332 106.1 2.7866 1
309.28 261.64 19.808 30.428 2.7275 1
118.14 114.37 14.044 1.552 2.505 1
199.09 219.84 86.629 246.69 2.688 1
224.94 218.43 276.4 253.07 4.8161 1
295.53 326.72 20.807 9.3809 2.3829 1
121.73 192.94 103.24 83.115 2.8246 1
230.41 209.04 33.173 36.01 2.0723 1
344.45 310.47 2.2661 19.31 2.8131 1
23.307 0.91521 25.568 12.877 3.7337 1
451.88 430.63 237.11 248.35 2.6668 1
510.36 578.39 342.87 174.33 2.0646 1
430.94 393.1 251.74 432.92 4.9484 1
29.159 16.619 92.69 90.409 1.9921 1
2.7361 30.276 105.03 93.88 2.5949 1
67.924 96.564 85.528 76.432 1.9482 1
17.855 29.214 86.69 90.077 2.1653 1
30.478 1.5886 96.868 109.04 2.7304 1
246.63 202.78 119.12 85.5 1.9186 1
91.44 69.034 80.994 87.564 1.6328 1
290.75 253.08 152.37 123.86 2.1016 1
30.441 14.201 12.045 14.605 3.832 1
