189.1 153.52 249.13 93.691 4.9487 1
136.62 574.12 479 478.98 1.2714 1
153.57 418.98 93.486 141.17 5.422 1
638.99 638.99 411.62 147.87 1.2513 1
468.88 453.15 81.435 205.57 5.6377 1
590.38 555.37 2.2649 2.038 2.5324 1
352.88 467.73 65.326 80.207 4.592 1
153.57 240.32 93.026 50.269 4.061 1
595.36 639.14 2.316 3.2245 3.1218 1
453.06 450.2 206.48 228.02 4.3765 1
454.56 455.94 136.58 149.06 3.4534 1
457.92 458.16 112.85 125.37 2.6193 1
449.87 446.18 228.62 241.5 8.0714 1
448.12 450.1 181.83 191.68 3.6762 1
550.15 589.52 13.868 8.0687 9.0595 1
532.69 552.02 8.4599 3.0441 8.0414 1
442.61 454.33 113.18 109.84 4.2908 1
392.42 197.29 316.56 255.74 8.0588 1
409.16 517.92 1.65 5.0346 5.6974 1
639.14 594.13 6.588 6.1037 2.984 1
452.93 440 114.27 119.43 3.9462 1
479.19 434.06 13.159 10.06 3.1793 1
519.05 475.32 10.307 7.5808 3.2762 1
639.38 480.4 38.812 12.737 4.0155 1
526.62 639.31 16.632 35.533 3.5231 1
419.38 417.58 141.54 162.96 4.3633 1
449.16 439.96 139.19 144.69 3.0087 1
429.16 399.19 8.6994 5.9339 5.7827 1
420.23 390.31 323.38 314.92 9.0749 1
410.08 405.99 306.08 317.65 7.4877 1
417.49 406.92 170.25 305.5 4.9474 1
590.33 547.94 14.869 18.602 4.2132 1
399.12 346.68 5.4641 0.96456 3.6993 1
474.14 429.14 7.6617 5.0813 2.4243 1
549.29 529.13 11.643 12.971 7.3196 1
443.26 412.17 248.66 306.24 3.8274 1
443.96 434.24 202.7 211.65 3.6049 1
474.2 525.42 9.7588 16.255 2.952 1
307.94 159.05 124.99 98.303 3.148 1
345.38 329.13 1.625 1.625 1.25 1
430.81 442.03 125.76 113.24 3.6276 1
1.5611 21.612 3.4783 1.4983 3.1021 1
379.02 309.02 137.23 124.73 2.2413 1
162.51 167.92 119.21 141.62 1.6377 1
176.77 182.12 180.34 204.01 1.6103 1
436.67 417.84 321 319.63 5.4404 1
420.12 436.96 161.43 139.67 2.6131 1
449.13 471.63 9.125 9.125 1.25 1
195.3 192.8 269.15 259.47 3.6703 1
384.15 400.4 1.3281 2.5141 1.5196 1
433.99 424.42 149.01 160.62 1.9298 1
241.62 335.35 50.449 63.035 3.2921 1
407.14 408.32 181.65 156.65 2.2615 1
405.27 406.03 207.87 187.9 1.677 1
