638.99 638.99 411.63 149.13 1.2533 1
140.37 574.12 479.03 478.97 1.2958 1
495.04 462.67 88.788 241.32 4.6285 1
302.84 495.95 232.83 87.39 5.0556 1
196.76 156.93 316.59 154.69 5.9832 1
156.25 366.14 153.4 49.414 5.3954 1
464.32 317.23 242.99 398.52 6.7606 1
484.95 481.84 1.5742 27.751 6.0587 1
547.2 539.13 1.4404 31.057 4.7155 1
456.15 461.34 26.527 1.0567 8.8469 1
311.78 196.11 400.95 316.86 7.0775 1
440.94 425.43 34.528 46.997 4.6985 1
426.9 443.36 41.909 25.843 4.344 1
251.44 390.42 6.0975 41.434 5.6474 1
602.79 617.97 51.138 48.376 6.8204 1
634.17 611.71 57.995 57.061 9.106 1
398.12 425.54 44.982 41.814 4.299 1
444.23 455.46 25.674 21.89 3.5778 1
617.8 635.5 47.373 49.168 11.319 1
532.84 534.4 19.422 6.5069 3.9144 1
443.42 333.9 65.14 31.1 6.6138 1
481.52 466.36 29.49 25.009 10.434 1
425.28 405.46 46.867 48.742 4.8601 1
333.27 250.51 32.621 11.119 6.1735 1
394.69 403.14 36.579 32.12 3.44 1
589.98 584.04 1.4193 12.833 2.2624 1
420.45 395.21 34.51 39.572 4.66 1
404.12 434.12 31.556 31.408 2.6295 1
450.23 453 59.88 38.05 8.2279 1
493.64 445.45 86.989 72.631 6.2695 1
1.5181 114.25 15.695 2.7273 3.9235 1
250.36 241.14 10.426 0.88863 3.6513 1
409.27 444.36 51.006 59.377 2.8333 1
567.87 582.75 35.376 38.455 3.9255 1
621.84 639.6 133.01 104.42 2.8418 1
541.49 567.73 32.958 35.604 2.989 1
639.88 627.34 114.56 136.31 3.8318 1
365.32 411.59 50.569 62.988 6.1252 1
580.51 587.13 38.822 41.708 5.7302 1
130.52 72.791 2.3623 13.699 4.117 1
176.07 292.82 163.93 225.49 4.5849 1
71.76 1.4676 12.964 20.067 3.8567 1
530.38 550.36 76.609 80.442 2.7409 1
449.13 437.87 39.593 39.459 3.7497 1
519.22 539.1 103.78 109.21 2.083 1
555.38 540.3 40.31 38.478 3.5719 1
587.89 594.31 40.338 42.28 2.8657 1
553.39 554.76 59.484 52.75 4.1525 1
