638.98 638.98 412.87 147.87 1.2535 1
139.12 575.37 479 478.97 1.2738 1
297.64 543.45 160.89 80.889 5.562 1
486.54 335.68 245.23 329.42 9.4967 1
180.64 422.93 68.036 23.16 4.8275 1
546.42 484.88 79.363 243.94 5.874 1
266.75 299.13 134.88 160.37 4.7837 1
196.01 183.28 257.82 98.892 5.6267 1
183.19 180.4 96.952 67.635 6.3419 1
282.46 195.91 354.48 254.91 5.2462 1
257.94 225.4 178.92 167.81 3.1446 1
259.07 224.85 148.02 135.56 2.7608 1
422.34 547.27 22.807 79.205 4.3882 1
298.5 283.86 348.96 357.42 9.9613 1
255.35 228.55 235.43 225.71 3.0994 1
216.25 211.37 157.97 139.19 3.8491 1
235.2 257.91 142.12 150.28 2.2051 1
240.35 256.73 175.46 181.34 2.0211 1
335.33 296.96 329.04 350.2 8.6423 1
235.14 265.96 111.94 135.01 8.0257 1
216.94 214.3 211.57 196.59 3.5474 1
215.3 209.89 126.65 110.12 3.5231 1
216.32 230.68 194.84 200.89 3.2749 1
218.99 216.5 260.58 244.14 4.0823 1
218.98 229.28 243.23 247.5 3.266 1
256.39 227.21 284.67 271.89 3.1388 1
213.86 229.3 139.95 144.83 4.3297 1
212.63 223.04 108.54 112.44 4.3889 1
233.99 254.01 278.19 286.88 2.3375 1
235.34 215.51 152.96 145.04 3.245 1
178.59 197.56 278.55 260.05 7.2867 1
207.28 187.71 119.6 103.08 2.7775 1
229.37 213.79 119.73 113.75 3.4075 1
225.02 234.56 101.95 111.22 6.2735 1
629.17 600.33 16.354 11.896 4.6485 1
187.35 204.21 98.501 112.78 2.423 1
195.28 223.97 79.252 101.83 3.5753 1
228.83 217.39 226.85 212 3.1969 1
223.72 242.09 217.25 229.1 2.9508 1
295.56 260.13 168.89 140.69 2.8939 1
225.39 217.46 166.61 158.26 1.9937 1
221.35 235.26 158.22 169.27 2.5616 1
347.98 325.39 148.2 155.42 1.7055 1
224.35 216.12 135.15 127.14 2.6394 1
410.13 366.45 128.37 142.33 1.8669 1
287.18 251.39 187.22 156.9 2.1988 1
250.76 234.25 132.4 118.98 2.3655 1
306.95 304.85 175.3 202.93 3.2509 1
304.64 299.03 204.06 270.37 2.4556 1
266.59 283 141.67 155.22 2.0519 1
247.98 288.14 150.25 183.81 2.3674 1
282.47 275.29 358.22 361.44 5.4703 1
298.17 295.45 272.9 309.13 2.1193 1
221.43 198.01 238.05 212.75 1.8345 1
217.57 231.3 229.43 243.2 1.25 1
