194.66 153.7 299.97 119.9 4.8865 1
136.62 574.12 478.98 478.98 1.2517 1
638.99 638.98 412.88 147.88 1.2649 1
504.32 471.27 144.87 295.3 4.7634 1
510.59 504.51 116.11 143.24 5.8248 1
485.44 195.42 299.39 304.35 9.3156 1
467.41 510.97 48.173 115.8 4.4002 1
153.59 190.29 120.75 50.989 4.3101 1
190.4 466.65 51.988 48.374 5.3501 1
156.6 505.38 120.98 115.98 4.2117 1
605.61 631.99 34.907 48.418 3.5839 1
638.32 616.2 58.436 44.096 5.613 1
615.02 599.35 44.704 35.006 4.2511 1
632.54 639.59 48.235 54.877 4.3367 1
601.65 572.99 12.818 2.5544 4.1103 1
606.88 602.28 17.49 29.378 3.2343 1
571.71 551.64 3.0081 1.4181 2.7883 1
598.44 601.52 30.161 20.341 2.8315 1
575.93 599.64 -0.10329 7.5192 4.0796 1
161.15 196.81 137.98 295.33 1.9817 1
487.88 475.63 291.65 297.2 3.3087 1
411.63 362.88 52.875 52.875 1.25 1
