638.98 638.99 412.87 147.87 1.2592 1
136.62 574.12 479 478.97 1.2737 1
213.74 208.22 270.39 112.86 5.5433 1
340.38 563.33 179.14 92.804 5.0493 1
211.78 339.92 87.652 179.26 5.2497 1
208.27 206.97 110.42 84.046 4.4238 1
565.6 498.97 91.932 252.81 4.7679 1
207.03 437.83 84.773 35.157 4.5459 1
310.57 214.01 371.43 270.53 4.2528 1
499.94 491.68 253.14 256.76 3.9363 1
494.26 468.9 258.09 274.46 10.842 1
318.44 305.53 368.96 375.67 9.6694 1
292.71 263.76 165.81 155.1 2.9072 1
247.22 239.42 144.41 126.5 3.2905 1
264.03 292.99 158.13 168.82 2.7059 1
291.45 256.91 197.1 184.59 2.3869 1
285.31 252.53 253.04 240 2.785 1
246.39 238.26 233.41 210.68 3.368 1
437.39 565.18 35.242 90.815 4.0847 1
243.97 240.18 170.42 157.93 3.4806 1
274.22 290.35 193.83 199.2 1.9805 1
244.35 239.01 279.41 260.41 3.2323 1
468.57 323.4 274.49 365.99 8.3711 1
213.91 241.93 115.66 137.49 2.6373 1
282.35 253.87 301.51 288.43 2.6081 1
265.29 285.3 248.11 255.58 2.4959 1
256.59 281.67 292.96 304.02 2.388 1
240 251.49 258.85 263.22 3.2248 1
347.22 321.23 185.27 351.76 3.1629 1
239.69 212.51 139.66 118.34 2.5437 1
211.17 213.56 119.09 172.9 2.0793 1
215.18 215.7 200.38 222.9 1.2781 1
241.16 256.6 211.87 216.71 3.5785 1
242.69 259.29 125.84 132.45 4.4088 1
241.28 260.32 156.36 163.03 3.599 1
212.84 214.32 174.13 196.61 1.9036 1
215.15 215.94 226.63 256.64 1.3491 1
254.15 244.13 182.85 170.1 3.0202 1
201.04 215.81 291.11 275.75 9.0097 1
372.86 358.77 170.33 175.7 1.8691 1
639.1 586.56 25.578 18.365 3.7633 1
389.04 373.99 163.91 170.05 1.63 1
331.57 340.36 267.87 211.62 2.2387 1
341.35 344.07 204.29 187.87 2.2516 1
252.84 247.05 239 232.34 3.1988 1
253.03 263.78 235.14 242.16 2.4571 1
337.76 289.06 181.78 146.72 1.6219 1
336.56 291.64 187.97 155.36 2.3142 1
210.66 210.97 95.369 110.39 1.5126 1
257.63 245.1 223.37 217.18 2.2803 1
331.68 276.51 210.3 168.03 2.1759 1
247.98 216.92 256.52 226.32 2.0368 1
280.54 329.52 167.66 204.85 2.1001 1
327.39 331.05 295.3 270.29 1.9309 1
260.41 246.6 167.79 162.93 3.123 1
289.67 263.96 153.39 134.35 2.0459 1
217.62 263.04 223.14 266.45 2.1884 1
259.67 248.4 154.76 144.79 2.3775 1
428.86 393.84 148.45 162.16 2.0227 1
271.59 324.54 136.67 176.07 1.9077 1
252.87 214.73 209.13 176.12 1.9649 1
322.83 336.64 159.43 161.54 1.9904 1
