137.78 454.19 105.43 128.24 4.7384 1
136.62 574.12 479 478.97 1.2775 1
638.97 638.99 411.62 147.87 1.2703 1
181.7 136.98 272.18 106.19 5.7458 1
388.15 180.07 304.66 275.03 9.744 1
457.9 453.19 119.13 165.53 6.2013 1
453.33 462.75 165.35 177.97 5.2626 1
458.93 455.69 182.94 172.78 3.9525 1
452.89 450.42 225.37 215.36 3.6405 1
460.78 471.43 91.006 100.44 5.081 1
462.03 468.71 120.05 128.21 4.3099 1
452.11 447.61 171.68 209.39 6.1141 1
468.04 460.99 103.74 94.886 3.6669 1
472.12 471.42 103.86 109.26 4.2027 1
451.3 458.26 210.77 228.48 4.6973 1
463.06 455.89 178.67 195.59 4.7401 1
463.51 464.56 136.73 130.24 4.5007 1
242.88 464.03 51.429 61.314 4.7367 1
463.25 460.6 61.439 91.754 5.3721 1
447.12 436.52 213.08 305.22 5.5833 1
460.07 457.77 96.865 118 5.7848 1
453.57 457.64 191.36 182.76 2.8229 1
467.71 456.9 136.27 149.35 4.3549 1
472.01 462.67 109.6 120.06 4.3624 1
455.57 452.02 226.71 235.01 2.4671 1
454.75 450.25 194.79 199 3.6499 1
457.72 388.85 310.88 304.67 8.8366 1
555.44 451.78 13.629 0.37911 3.7097 1
520.27 582.91 6.4559 12.544 3.9395 1
476.72 520.26 0.66875 5.1965 3.551 1
639.13 555.39 16.36 14.564 3.8027 1
584.11 639.13 12.122 12.437 2.5143 1
451.72 445.76 235.46 242.09 3.7188 1
196.61 141.69 113.12 110.33 3.9772 1
230.39 211.62 114.95 114.31 1.7141 1
281.65 230.43 118.7 115.64 1.7696 1
210.39 195.4 114.41 114.14 2.6579 1
185.73 186.47 292.9 282.77 2.3224 1
160.63 177 85.681 72.077 1.7743 1
385.38 362.88 60.375 60.375 1.25 1
