537.73 508.92 98.855 247.59 4.7879 1
543.74 537.95 70.023 96.911 4.7182 1
136.62 574.12 478.99 478.98 1.259 1
638.98 638.98 414.13 146.63 1.25 1
216.55 169.48 279.15 109.93 4.4514 1
257.75 540.84 190.08 71.481 5.8253 1
486.85 542.68 50.964 69.709 4.3593 1
529.13 563.1 37.916 31.583 4.7486 1
571.01 546.62 29.281 40.353 5.4904 1
572.41 592.62 21.496 14.623 4.4264 1
545.47 522.9 39.612 40.882 4.5708 1
170.06 420.65 109.48 27.469 5.8331 1
591.92 571.66 18.762 25.469 3.936 1
510.23 291.92 248.88 377.5 9.5758 1
289.98 286.44 377.1 367.48 6.7288 1
628.97 624.02 1.1875 17.062 4.916 1
563.64 573.24 27.701 20.887 3.4857 1
429.05 459.1 10.627 19.212 3.2623 1
609.17 591.51 17.431 18.483 4.1151 1
460.1 484.43 18.881 25.487 2.9475 1
438.17 389.79 15.601 1.7898 4.8042 1
481.78 438.17 27.231 16.664 3.0933 1
284.61 216.74 367.79 279.33 5.6796 1
401.78 429.2 1.075 8.8481 4.4886 1
511.04 528.12 34.447 23.771 5.0343 1
541.6 516.41 26.488 31.878 4.7991 1
593.2 600.97 14.394 -0.069332 9.5645 1
517.93 528.06 35.074 36.762 3.9044 1
511.37 481.86 38.627 28.451 3.6677 1
288.72 255.09 366.7 187.93 4.2565 1
636.77 633.01 1.0711 8.569 3.9213 1
0.6635 64.763 16.998 3.6783 12.239 1
484.95 511.35 26.717 35.004 3.7441 1
196.39 116.69 -0.061716 10.838 3.6413 1
625.61 608.89 20.762 16.233 9.4262 1
69.322 16.42 8.7467 20.718 4.9924 1
558.6 504.01 57.004 39.475 4.5528 1
529.12 564.12 24.145 24.427 2.7113 1
77.545 68.665 6.3258 8.2159 7.0754 1
525.51 582.9 43.629 59.031 3.8878 1
584.12 570.39 32.91 30.293 3.4495 1
117.64 1.336 10.251 29.916 4.6918 1
620.07 559.05 70.487 56.973 3.8179 1
15.712 1.2868 20.613 23.883 3.0563 1
70.215 133.03 14.265 5.2173 3.1669 1
133.9 162.82 4.7953 1.2106 3.7322 1
560.36 542.84 28.168 27.318 3.2241 1
127.73 111.52 1.027 4.9539 3.9015 1
421.34 453.18 27.358 39.593 3.5004 1
1.4293 71.576 26.816 13.86 3.4768 1
102.88 81.631 5.7239 5.6085 6.3314 1
175.04 188.09 117.97 165.32 1.9922 1
595.33 620.39 26.038 27.586 4.2054 1
575.4 587.83 27.678 29.422 3.3664 1
583.32 587.67 57.311 31.804 9.4368 1
509.83 514.64 227.78 200.47 2.4621 1
515.76 533.96 195.45 101.59 2.38 1
188.99 195.76 167.91 192.77 1.25 1
254.02 172.89 187.99 112.86 3.6063 1
611.57 597.82 30.951 29.665 2.722 1
