136.63 575.38 478.98 478.98 1.2548 1
638.99 638.97 412.88 146.63 1.2644 1
446.11 260.27 402.5 293.78 11.184 1
167.15 294.5 75.313 18.722 4.1915 1
293.08 588.53 19.678 104.92 5.0525 1
202 168.59 256.56 76.261 6.6527 1
528.09 511.99 267.97 302.46 5.0605 1
573.11 527.6 144.53 267.31 4.6385 1
505.22 459.27 208.71 362.04 4.4342 1
459.23 456.65 362.5 370.38 3.5643 1
587.17 573.35 105.92 144.29 6.7274 1
456.55 454.05 370.68 380.36 4.2559 1
454.48 452.57 380.72 389.6 7.5948 1
211.37 199.9 262.17 256.35 6.1715 1
510.71 454.95 302.3 390.57 5.059 1
260.22 220.37 293.55 269.56 8.1763 1
580.11 506.29 114.9 208.59 4.0762 1
171.51 502.87 76.901 209.14 4.9568 1
133.56 34.123 80.412 126.62 3.3673 1
114.22 177.95 30.738 14.427 2.3698 1
95.432 113.06 36.797 30.917 1.9806 1
57.57 93.823 53.444 37.201 2.5186 1
32.87 122.41 122.86 81.868 3.2179 1
122.39 56.915 80.411 55.853 4.2412 1
54.183 40.266 53.944 49.465 3.2278 1
44.008 57.891 45.727 50.326 3.9528 1
210.76 171.87 2.4856 19.68 2.8152 1
62.77 132.38 53.155 79.195 4.2793 1
170.43 142.88 19.315 26.662 2.4965 1
179.01 203.98 13.87 2.5621 2.1699 1
118.9 94.019 32.164 40.041 2.1855 1
29.04 51.578 71.497 56.555 1.393 1
91.452 66.765 41.227 51.947 1.6899 1
141.71 120.18 26.972 32.066 2.915 1
216.57 210.75 279.18 272.55 2.9337 1
