638.98 638.99 411.62 149.12 1.2609 1
139.12 574.12 479.01 478.97 1.2811 1
420.26 395.55 155.15 305.2 4.5422 1
396.54 251.59 306.18 335.21 8.1007 1
355.7 420.17 52.203 155.04 4.0621 1
250.23 227.9 332.9 183.93 4.5792 1
41.948 62.696 37.089 33.177 3.6851 1
72.862 17.798 41.259 43.28 6.3375 1
61.544 73.996 33.396 25.179 3.8393 1
1.6002 39.089 39.763 38.245 3.408 1
229.3 415.56 182.85 156.71 4.4083 1
93.942 109.02 4.5613 1.1734 2.3155 1
16.675 1.5849 43.513 43.105 4.1546 1
76.473 62.615 27.661 37.51 4.0499 1
197.72 208.8 28.895 81.693 3.67 1
36.468 56.085 25.052 15.515 4.0127 1
282.9 198.04 20.701 28.425 4.4099 1
45.743 38.736 23.259 29.969 2.7082 1
61.798 52.885 36.345 37.93 2.6803 1
70.083 45.972 15.699 23.303 3.7695 1
147.98 139.07 32.662 33.572 2.2333 1
227.48 225.87 180.46 172.52 3.4271 1
224 221.13 164.15 149.22 3.9186 1
126.73 160.35 33.402 26.493 2.5166 1
220.58 213.46 149.74 119.58 6.5894 1
61.608 79.128 39.679 39.256 1.5211 1
140.35 102.84 33.941 38.83 2.6406 1
96.571 74.07 39.885 42.384 2.0709 1
145.42 124.08 1.7471 8.9956 2.7238 1
298.65 291.97 16.924 6.4074 2.9692 1
160.47 148.98 29.535 32.268 2.4322 1
392.85 415.99 301.62 161.73 2.1034 1
346.63 332.39 39.121 15.671 2.8256 1
293.13 303.74 1.4484 16.888 2.7683 1
211.5 205.8 111.65 81.545 3.7494 1
220.63 217.43 174.26 151.51 2.3191 1
399.01 386.64 126.7 107.86 1.25 1
