638.98 638.98 412.88 149.13 1.2528 1
379.57 377.78 1.5969 52.872 4.0086 1
524.04 476.53 148.82 355.07 4.9399 1
476.5 316.75 356.01 388.5 7.2808 1
256.65 225.48 6.2613 3.9297 5.3001 1
136.62 574.12 479 478.99 1.2607 1
212.77 213.08 22.856 41.601 2.6828 1
594.85 607.98 41.86 1.66 5.5526 1
407.08 382.24 1.1848 46.274 3.2658 1
216.18 216.56 40.366 20.35 2.5961 1
254.71 255.23 26.603 40.381 2.6844 1
219.35 218.58 30.385 46.658 3.5117 1
374.33 524.89 73.709 147.62 4.6336 1
196.92 195.74 36.685 17.93 4.0553 1
247.28 248.81 27.647 40.413 5.2617 1
324.16 521.68 160.82 147.43 4.5228 1
107.01 104.89 19.166 39.206 3.276 1
251.98 251.81 42.872 25.385 2.6452 1
247.98 243.78 235.41 77.851 4.2302 1
381.43 383.25 47.916 1.5905 3.2324 1
385.51 410.9 46.702 1.2227 3.3015 1
117.14 119.47 15.307 32.994 3.1325 1
609.02 639.21 3.4046 5.2165 4.7664 1
93.166 94.924 26.584 39.012 2.8256 1
167.57 169.16 15.3 35.274 3.0479 1
380.37 504.12 52.143 52.388 2.7424 1
503.31 498.74 1.5485 50.339 3.8118 1
98.319 96.824 37.822 25.351 4.3694 1
477.16 495.86 1.4176 49.425 3.2982 1
624.23 639.4 63.547 66.371 4.6868 1
123.05 121.42 36.708 15.487 3.3548 1
258.16 258.59 40.383 25.36 1.6428 1
369.67 374.01 53.026 1.405 8.8482 1
124.51 127.01 15.327 35.327 3.2559 1
172.75 171.25 32.886 15.515 4.1661 1
498.67 480.93 47.57 1.4129 3.6864 1
154.9 156.38 21.534 34.154 3.0645 1
621.1 623.17 70.979 64.215 3.4243 1
117.1 112.18 34.343 16.82 5.4895 1
148.34 148.8 22.856 34.138 1.6572 1
198.52 201.29 27.731 40.173 2.4406 1
79.588 81.957 26.545 40.318 3.0994 1
43.464 47.816 24.666 40.038 4.992 1
78.207 75.572 39.274 23.046 3.4692 1
505.39 585.38 40.661 39.84 4.058 1
494.13 386.63 50.047 48.984 3.0062 1
639.46 625.38 16.731 60.378 3.3414 1
157.7 162.55 31.315 9.0551 3.2765 1
251.73 269.58 11.82 2.4858 5.1118 1
640.16 619.72 78.815 74.825 9.1257 1
504.76 505.27 50.412 41.619 2.6401 1
312.03 250.29 388.95 245.95 5.8178 1
314.62 324.7 385.4 192.9 3.5156 1
310.59 320.84 377.89 167.9 3.1119 1
603.11 590.25 1.2505 36.119 6.113 1
433.18 407.92 326.34 334.28 2.5843 1
324.55 324.65 190.38 162.87 2.5976 1
585.61 595.56 38.86 1.0169 5.6649 1
50.505 48.549 38.047 25.272 3.0386 1
8.2574 12.497 15.274 31.396 3.6267 1
321.75 316.03 196.63 317.85 2.0134 1
588.1 565.31 74.353 69.424 2.8077 1
95.493 80.481 23.255 24.34 5.2572 1
21.148 16.975 32.982 14.326 5.0241 1
225.3 247.95 8.5863 10.912 4.2078 1
441.71 414.13 272.03 277.91 2.8852 1
52.118 54.056 30.28 40.388 2.7417 1
639.29 590.08 98.625 82.531 3.8408 1
322.94 312.08 400.14 387.48 9.225 1
311.04 313.26 34.267 23.939 5.9395 1
396.59 426.56 178.29 181.04 2.0334 1
593.97 639.15 80.861 95.312 3.0985 1
396.63 420.38 213.97 215.23 1.978 1
511.6 326.55 180.13 195.77 3.0356 1
514.16 397.93 157.09 164.88 2.732 1
573.02 590.55 68.403 72.034 2.4039 1
434.07 396.59 178.63 175.91 2.3124 1
622.79 599 48.843 46.832 4.5611 1
566.62 620.4 65.348 62.041 2.6687 1
313.34 312.38 37.842 60.407 4.0654 1
27.527 42.35 1.0972 26.415 5.103 1
326.61 510.46 192.64 177.62 3.2104 1
619.14 572.9 65.739 67.421 2.9075 1
164.19 163.3 54.122 36.603 1.7547 1
405.38 384.12 333.63 333.4 1.4509 1
314.82 313.81 325.36 357.87 1.25 1
508.14 504.89 1.5372 37.943 3.1371 1
267.95 324.15 101.55 159.13 3.5138 1
420.36 390.36 213.07 210.61 2.3693 1
310.54 271.4 62.413 70.559 4.3304 1
36.748 27.622 27.166 25.585 3.7435 1
465.84 476.31 359.87 369.47 8.1386 1
25.648 38.151 31.501 33.986 4.6605 1
412.85 382.79 278.14 274.86 2.7141 1
466.61 445.25 171.5 174.46 3.0279 1
500.46 513.32 237.9 181.73 2.0552 1
531.37 524.57 1.578 37.958 2.2274 1
385.37 405.37 335.73 335.78 1.2938 1
521.83 528.32 37.911 1.4821 2.3668 1
246.85 247.43 55.327 72.89 3.7887 1
314.12 360.38 53.737 53.687 1.2988 1
251.62 372.87 76.259 74.067 3.3201 1
487.61 499.3 294.07 242.92 1.6356 1
383.66 403.67 37.616 1.3731 1.96 1
427.83 450.39 262.21 263.98 3.7385 1
435.45 460.33 199.6 202.07 3.6078 1
422.91 514.13 160.8 154.19 2.3667 1
162.26 161.02 7.993 1.5023 2.3002 1
246.01 244.58 12.817 27.918 3.4362 1
477.55 484.72 336.55 305.51 1.592 1
245.15 189.1 75.544 66.758 5.4471 1
415.38 381.62 54.132 54.505 1.4706 1
591.65 572.82 45.755 47.125 5.6216 1
449.05 464.06 167.73 168.81 2.6737 1
322.63 321.88 167.87 187.88 1.8115 1
357.87 336.64 167.78 168.34 1.4784 1
399.13 419.13 161.63 161.63 1.25 1
334.2 366.57 319.62 314.97 1.9405 1
391.6 407.82 278.04 280.73 1.4426 1
451.6 441.63 265.32 270.38 3.91 1
422.87 436.59 317.93 318.6 1.6158 1
491.37 473.75 46.725 1.2865 2.1165 1
357.87 320.43 319.08 324.48 1.7612 1
394.13 366.62 165.5 166.54 1.9601 1
475.39 462.86 245.7 246.45 1.7733 1
367.87 315.37 56.494 56.907 1.2794 1
402.87 420.37 166.73 166.82 1.3016 1
417.88 407.87 309.16 310.34 1.8279 1
434.13 404.12 181.98 182.63 1.7107 1
395.39 384.15 255.46 256.86 1.7026 1
314.77 312.54 1.5335 16.194 5.8829 1
336.6 322.96 404.19 400.08 5.9836 1
90.287 65.241 74.213 76.114 4.702 1
41.465 34.134 16.095 1.0132 3.3726 1
434.09 446.69 164.39 166.15 4.2326 1
469.83 466.37 371.8 385.62 4.8502 1
382.88 364.13 160.38 160.38 1.25 1
411.6 387.87 217.02 215.46 1.25 1
628.63 639.52 60.213 26.753 2.0184 1
345.4 336.61 262.07 262.62 1.6368 1
465.35 446.65 153.85 155.63 1.3633 1
571.63 557.87 47.231 47.268 1.2868 1
