139.12 574.12 479.02 478.97 1.2925 1
638.98 639 411.62 149.12 1.2647 1
212.61 172.06 303.88 142.45 5.1418 1
349.4 212.98 359.7 303.87 9.5227 1
172.34 311.04 142.9 34.629 8.7268 1
468.1 443.65 61.901 192.55 6.912 1
175.37 272.78 144.16 174.43 4.1403 1
424.73 352.83 228.91 357.99 6.9817 1
383.84 471.02 158.91 43.967 10.334 1
368.91 279.12 22.543 1.6398 6.1193 1
444.91 424.98 189.54 228.92 7.3377 1
355.45 350.84 201.59 355.39 3.6008 1
295.42 319.38 1.3405 4.8761 4.9465 1
468.61 369.41 38.345 21.23 8.9139 1
473.39 467.53 50.061 63.794 6.239 1
335.33 349.06 3.8811 1.2982 3.2234 1
194.9 205.8 220.49 264.02 1.8261 1
361.61 345.5 5.337 10.747 3.5725 1
547.9 527.87 3.5426 3.4041 5.0258 1
377.86 378.39 16.624 1.5546 7.6282 1
186.74 194.31 186.6 217.83 1.8035 1
274.9 355.34 175.74 199.25 5.0022 1
349.15 371.61 12.647 15.474 2.1768 1
