543.86 506.38 121.23 266.56 4.8699 1
550.88 544.09 94.832 119.8 5.3742 1
135.37 574.12 478.99 478.98 1.254 1
638.99 638.97 411.63 146.63 1.2655 1
179.43 446.78 87.008 37.452 4.809 1
448 482.76 7.5005 19.459 3.2914 1
488.6 543.16 24.201 45.918 4.1945 1
523.04 492.51 41.169 30.132 4.0784 1
482.86 454.47 22.918 13.116 4.6837 1
547.77 523.85 51.842 40.775 4.2683 1
228.97 549.56 170.97 93.429 5.1932 1
445.91 550.38 36.701 92.875 4.2271 1
182.23 178.25 97.022 88.376 6.7229 1
257.07 251.44 354.93 333.58 9.4173 1
209.42 179.98 237.55 95.458 4.2439 1
576.68 624.16 62.786 61.638 4.787 1
453.91 441.55 13.286 6.7766 3.4939 1
509.11 256.32 269.07 359.51 9.7606 1
253.7 228.2 332.74 179.07 4.3571 1
228 226.24 178.88 169.19 3.69 1
481.24 488.66 18.614 22.504 2.8999 1
543.53 563.99 46.541 56.891 3.3329 1
626.65 581.7 64.43 67.708 5.934 1
625.96 639.46 56.78 51.192 4.4209 1
579.54 563.27 70.851 62.13 3.8158 1
97.907 1.5658 2.0356 9.6235 4.7497 1
213.24 209.53 256.3 237.79 4.1611 1
622.92 580.39 55.553 53.677 3.5443 1
225.79 183.95 168.88 96.727 4.2886 1
587.9 619.26 49.95 52.07 3.9768 1
580.48 639.59 68.86 91.673 3.8246 1
639.13 579.45 95.355 72.033 3.9615 1
493.73 482.77 29.895 24.334 4.4913 1
50.345 22.891 1.1934 3.0996 1.4202 1
637.79 625.38 58.743 61.644 5.8012 1
247.85 212.35 334.68 253.81 4.9362 1
36.657 71.612 4.4953 1.4735 2.4296 1
619.12 627.89 52.923 53.981 2.6317 1
577.85 592.83 52.579 51.126 2.609 1
14.139 1.615 2.336 2.0179 1.5352 1
184.24 187.53 101.6 116.7 2.1759 1
1.5842 16.606 5.9147 5.0509 2.3524 1
516.34 527.15 215.3 174.26 2.1633 1
527.63 538.37 171.56 130.5 1.6748 1
201.57 184.09 86.238 88.889 1.4233 1
