93.441 115.39 5.244 11.578 4.7797 1
638.98 638.99 411.62 147.87 1.2526 1
137.87 574.12 479.01 478.97 1.2831 1
116.55 204.17 9.9743 17.323 5.0709 1
151.63 112.84 15.145 14.342 3.7492 1
116.26 89.879 16.385 6.7299 4.3498 1
205.39 265.47 16.486 23.279 4.4503 1
250.58 207.9 24.778 20.113 4.3113 1
232.95 196.3 326.31 171.11 5.6246 1
403.5 449.8 170.61 45.164 4.4542 1
195.49 286.91 171.52 61.865 4.4725 1
275.28 294.18 23.71 19.365 3.3746 1
207.63 148.96 21.586 15.781 5.5649 1
301.98 280.78 18.718 27.586 3.8364 1
89.731 79.592 5.3175 0.61819 3.3195 1
570.96 561.44 14.666 6.8457 5.966 1
284.29 250.21 30.599 25.18 5.9193 1
559.65 545.53 7.4663 11.011 7.2688 1
379.1 232.98 364.23 327.47 8.5868 1
383.17 380.22 355.71 369.36 6.373 1
627.5 632.17 15.68 2.2468 3.5915 1
300.34 271.5 8.9304 14.75 3.7094 1
449.06 447 53.886 65.215 2.5679 1
477.93 444.13 3.3801 4.3522 6.4271 1
389.21 314.04 39.474 32.546 6.1606 1
547.84 524.11 10.46 11.22 4.9174 1
560.31 590.28 26.176 22.166 3.9609 1
272.93 300.36 10.725 6.5012 3.4197 1
533.53 553.14 22.373 28.243 3.9596 1
312.7 299.48 31.49 48.159 2.9712 1
322.85 339.2 3.7852 2.7834 2.5718 1
446.29 429.2 68.913 196.8 3.9883 1
309.07 284.21 33.598 31.768 3.2811 1
639.18 632.83 7.8492 8.1399 3.8604 1
392.92 389.98 206.53 242.94 4.1397 1
571.51 551.55 20.807 23.598 3.6879 1
592.01 571.03 12.318 18.269 11.667 1
388.9 386.69 259.02 289.22 4.1378 1
447.74 388.06 45.559 39.752 4.9223 1
390.3 388.9 243.99 257.98 3.7313 1
282.83 310.37 28.488 30.424 2.8641 1
384.24 383.88 320.33 330.41 2.8543 1
550.49 536.34 23.609 20.35 3.5583 1
386.87 382.87 334.49 355.92 10.518 1
386.67 384.38 290.28 319.24 4.2291 1
524.25 507.8 12.056 9.6402 3.0184 1
591.93 591.58 1.4918 10.373 6.7247 1
429.29 390.44 197.57 334.5 4.7563 1
553.96 561.5 27.641 26.786 3.7262 1
198.86 391.3 171.89 205.95 4.5193 1
515.37 544.14 14.679 15.024 2.5448 1
502.91 505.45 69.127 30.38 3.3328 1
319.06 307.8 10.994 9.8173 2.8764 1
510.25 529.07 5.2394 3.5022 3.9639 1
509.97 508.65 29.112 70.36 3.0599 1
337.82 324.11 6.4696 5.7405 2.8283 1
507.96 467.83 71.818 68.403 2.597 1
488.94 490.2 9.0942 1.3914 2.2474 1
402.88 386.61 36.411 36.155 2.6374 1
323.13 320.54 22.823 10.341 2.168 1
560.38 544.11 31.262 30.866 1.5843 1
464.17 500.35 64.866 68.183 1.919 1
