638.97 638.98 412.87 147.87 1.2554 1
213.16 212.45 112.87 86.569 3.6815 1
139.12 574.12 479.01 478.97 1.2849 1
217.75 213.52 272.91 115.32 5.568 1
214.92 354.56 87.306 180.98 5.0152 1
354.04 564.54 180.18 90.103 5.0731 1
567.25 499.73 88.349 251.36 4.5425 1
320.07 217.51 373.19 273.21 4.5249 1
213.32 436.76 86.019 33.445 4.9386 1
495.63 365.61 255.75 345.04 9.3358 1
272.8 303.01 159.32 169.98 2.7045 1
437.47 567.17 33.842 88.307 3.9459 1
253.05 246.52 141.55 126.67 2.7915 1
304.18 267.78 167.71 154.37 2.7408 1
301.32 274.08 198.75 189.25 2.3057 1
256.33 246.03 179.27 158.16 3.4758 1
296.5 269 255.71 245.71 2.5642 1
248.68 245.42 275.49 262.86 3.0446 1
250.21 246.31 227.93 215.47 3.5063 1
326.64 318.15 371.65 375.92 6.7257 1
334.68 324.49 365.77 373.97 8.9778 1
274.03 299 191.88 200.72 2.5017 1
291.17 258.43 303.91 289.45 3.0861 1
269 295.29 248.2 258.1 2.2205 1
365.57 334.65 345.08 366.23 8.2491 1
262.65 290.43 294.65 306.5 2.2829 1
617.95 639.22 18.478 20.799 2.1007 1
219.03 219.29 180.38 221.62 1.2894 1
248.35 217.51 142.22 119.62 2.6935 1
216.64 217.87 121.62 172.91 2.1984 1
257.83 249.26 287.91 276.53 2.2562 1
261.16 250.64 241.99 228.65 2.6836 1
218.96 221.38 227.88 272.89 2.1212 1
639.19 601.63 23.57 19.1 2.4825 1
247.79 264.3 261.82 268.71 3.2704 1
248.92 263.98 158.52 163.33 3.9043 1
360.29 329.81 186.61 361.53 2.8268 1
218.9 240.36 116.93 132.89 2.2868 1
601.42 575.27 19.113 14.787 3.6997 1
205.43 220.99 291.69 279.27 7.8069 1
351.59 281.46 182.93 135.62 1.9755 1
350.23 290.28 189.33 148.01 2.4773 1
247.58 259.39 213.59 218.48 3.5486 1
250.09 269.35 127.36 134.79 4.3981 1
266.07 257.45 186 178.35 2.1775 1
345.14 278.16 211.95 163.73 2.3205 1
264.04 253.77 152.95 141.96 2.6203 1
253.72 262.87 228.21 239.13 1.7911 1
250.69 221.16 255.03 228.39 2.4208 1
244.33 250.12 160.29 174.23 1.9176 1
270.35 254.28 139.2 133.68 2.3268 1
282.65 350.94 139.45 186.37 2.1832 1
290.92 317.13 169.62 188.42 2.3398 1
353.57 356.56 206.52 190.36 2.5498 1
297.44 304.05 155.67 165.43 3.4717 1
318.78 348.82 189.61 210.81 2.2234 1
395.28 359.18 166.4 181.75 1.7564 1
347.24 352.61 245.27 212.83 2.4753 1
223.06 264.04 226.42 262.97 2.3476 1
210.7 214.18 298.43 287.5 4.2805 1
338.95 344.35 292.85 261.66 1.9182 1
256.78 245.52 208.95 198.96 1.4498 1
255.4 240.61 124.09 113.79 1.5575 1
241.88 220.56 196.31 178.9 1.6785 1
246.76 262.99 196.46 210.24 1.4739 1
332.93 349.16 160.03 162.65 1.2742 1
334.47 331.67 295.45 309.13 1.9764 1
