638.98 639 411.62 147.87 1.266 1
139.12 572.87 479.01 478.97 1.278 1
418.05 276.76 292.22 334.57 8.1253 1
435.33 416.19 138.8 290.79 7.6254 1
248.16 430.63 184.12 142.77 4.2281 1
19.415 36.747 50.618 47.251 4.8732 1
325.11 435.11 9.3508 140.6 8.2123 1
260.39 191.83 19.203 30.356 4.3034 1
42.652 50.795 13.952 3.4798 4.3861 1
191.23 214.44 32.549 93.705 5.4382 1
36.011 51.895 47.847 35.729 5.3588 1
1.4701 17.762 54.222 52.032 4.2161 1
84.127 61.623 5.8888 5.9585 10.027 1
44.107 5.1649 53.973 58.611 7.241 1
52.66 38.508 41.32 51.275 4.9991 1
66.507 84.165 15.014 9.2485 2.0371 1
139.28 90.579 36.029 47.491 3.294 1
276.36 265.51 331.04 285.64 12.104 1
266.68 282.87 18.169 15.321 2.8954 1
268.44 249.6 284.49 184.81 7.2341 1
106.79 138.09 40.983 32.396 2.8592 1
14.236 35.142 36.842 26.169 4.049 1
31.952 19.536 32.245 38.782 3.3768 1
223.55 196.38 178.29 59.18 4.9818 1
60.321 44.007 53.675 55.645 2.7817 1
280.2 269.34 14.274 1.4445 2.5693 1
119.33 100.34 8.3453 16.532 2.3158 1
274.37 284.76 1.4189 13.585 2.4558 1
260.61 222.43 286.98 177.59 5.6317 1
70.251 60.259 17.57 16.262 2.4788 1
196.15 192.06 58.927 42.765 2.1054 1
