588.8 515.24 118.45 291.04 4.9584 1
638.98 638.97 412.88 146.63 1.2542 1
136.62 575.37 479.01 478.97 1.2818 1
515.95 308.59 291.81 336.21 10.535 1
205.43 487.91 60.288 46.108 4.7678 1
206.91 210.65 115.74 100.14 7.8762 1
210.23 211 152.91 129.15 6.1247 1
214.96 212.53 206.59 154.14 5.631 1
218.02 218.39 251.61 225.36 6.3742 1
246.63 586.81 154.15 118.37 4.9015 1
211.47 206.78 129.18 116.12 5.0347 1
218.47 215.02 216.45 204.59 6.6992 1
217.6 212.99 132.78 146.66 3.5626 1
219.84 217.46 187.79 202.81 4.1539 1
222.95 220.31 234.14 250.36 3.5003 1
214.73 209.91 104.35 117.71 3.7247 1
487.94 588.87 46.528 116.99 4.0031 1
207.91 205.65 100.52 61.536 5.3528 1
212.99 227.04 147.55 164.8 4.7745 1
217.76 227.27 203.4 217.44 5.278 1
211.15 219.6 116.93 130.07 3.3831 1
221.77 231.96 182.63 188.55 2.8995 1
216.92 216.68 224.16 217.82 2.7427 1
225.01 233.17 228.33 235.01 3.518 1
308.32 255.66 335.52 347.3 11.396 1
219.93 227.85 128.49 134.16 3.4879 1
234.51 219.52 227.41 214.9 4.8059 1
244.24 244.18 171.63 151.62 2.5592 1
231.06 213.03 172.08 156.66 5.2739 1
244.72 244 192.9 175.33 6.2448 1
249.75 245.09 342.93 192.92 4.7786 1
249.47 245.44 344.48 334.1 2.7829 1
229.65 219.89 143.7 133.33 7.0148 1
222.37 209.27 100.59 69.591 3.0975 1
233.71 226.22 128.04 109.29 3.2518 1
243.46 236.88 150.65 134.53 2.9505 1
221.52 230.49 251.33 264.04 3.6051 1
232.74 224.61 207.36 189.58 3.6034 1
515.01 536.74 283.97 232.92 1.7341 1
243.44 229.64 325.57 277.73 3.9042 1
198.77 214.37 253.24 244.56 7.3978 1
279.12 249.11 60.201 60.679 1.2697 1
510.61 504.75 303.34 320.16 5.9012 1
555.42 572.8 189.14 147.84 1.4545 1
545.39 554.15 212.88 191.63 1.2946 1
246.56 242.99 332.93 325.93 3.715 1
485.34 457.94 132.43 134.88 1.8002 1
231.92 228.39 161.56 145.54 3.5359 1
229.06 221.15 130.4 110.07 2.0714 1
349.13 330.38 56.625 56.625 1.25 1
321.61 289.13 57.54 59.148 1.681 1
507.83 490.25 129.87 131.55 1.5071 1
218.79 214.81 122.98 110.56 2.046 1
255.22 256.71 160.29 179.12 2.1967 1
242.88 217.88 61.625 61.625 1.25 1
249.12 239.09 350.57 350.2 2.775 1
