176.39 133.28 271.36 106.19 4.882 1
446.8 429.46 170.56 307.92 4.4782 1
455.23 449.32 187.43 172.79 3.722 1
136.62 574.12 478.99 478.98 1.261 1
455.51 447.02 99.296 167.92 4.7541 1
460.74 454.59 134.63 123.86 4.0297 1
638.98 638.98 412.88 146.63 1.2523 1
448.01 443.44 226.57 215.15 3.482 1
451.76 461.06 147.97 134.97 3.3021 1
451 457.53 169.42 183.04 4.3675 1
440.08 175.04 314.87 275.08 9.6054 1
446.68 453.64 196.66 185.36 3.9324 1
456.91 463.77 121.44 131.86 3.7936 1
443.35 451.56 209.49 225.41 4.9505 1
457.74 448.96 184.05 199.73 4.6241 1
135.23 449.15 105.94 131.36 5.2448 1
463.97 457.08 107.98 97.572 3.4789 1
457.28 467.67 94.59 104.34 5.2443 1
451.27 443.58 226.47 243.89 3.9024 1
462.6 450.83 139.99 153.28 4.8934 1
468.78 458.82 110.1 122.39 4.6723 1
246.6 459.04 53.38 64.532 4.7997 1
460 456.78 65.195 94.28 5.101 1
584.19 524.07 19.766 13.423 3.8661 1
522.64 587.83 10.103 17.045 4.068 1
450.5 521.68 0.53895 8.6531 3.346 1
524.06 425.52 12.168 0.43174 3.7516 1
639.15 585.35 20.325 19.272 3.2845 1
589.11 639.14 16.371 17.11 3.0718 1
443.36 438.44 240.74 247.37 3.0107 1
139.11 178.81 115.38 267.96 2.0701 1
454.22 436.53 308.55 310.95 5.4593 1
434.72 439.75 189.05 141.69 2.3538 1
261.59 139.02 119.57 110.48 3.2323 1
431.17 434.01 222.83 191.61 2.0359 1
440.98 443.2 196.68 174.16 1.2636 1
427.12 427.85 260.4 246.62 1.6437 1
151.33 181.55 91.242 67.782 2.1818 1
281.63 265.38 120.38 120.38 1.25 1
436.42 438.1 231.6 216.65 1.5201 1
