209.94 178.4 301.46 141.28 4.7591 1
638.98 639 411.62 149.12 1.2712 1
137.87 574.12 479.01 478.97 1.2837 1
421.52 285.19 21.234 4.3349 5.5771 1
177.85 255.89 141.6 42.031 4.7583 1
389.51 423.26 132.99 21.365 4.1459 1
356.74 210.26 336.1 303.4 8.4093 1
496.67 474.12 4.5156 5.1236 4.0855 1
375.58 372.78 200.25 223.02 4.0078 1
366.34 359.61 293.03 334 9.0559 1
372.81 364.44 223.96 291.82 4.078 1
378.38 375.7 176.39 199.31 4.0153 1
285.36 264.08 5.0715 32.843 3.8011 1
466.54 510.34 6.5156 9.6204 4.2616 1
262.89 222.79 9.0279 2.1307 4.3706 1
512.91 497.86 4.124 4.3585 3.7106 1
394.41 378.53 124.21 176.82 2.4395 1
180.37 376.59 141.63 175.59 4.4072 1
246.65 280.26 3.9393 7.6653 2.9009 1
279.15 261.67 9.8328 9.1768 2.6389 1
424.32 419.86 25.421 44.298 1.8079 1
419.12 399.07 47.684 179.31 3.7475 1
221.78 210.4 2.7266 1.4298 2.6254 1
398.83 370.64 180.3 293.25 3.6765 1
467.12 467.61 49.131 11.622 3.3451 1
471.95 472.11 11.624 50.383 3.7188 1
183.23 202.14 149.05 245.27 1.9063 1
471.73 421.61 51.834 46.756 2.6461 1
431.68 462.85 44.866 48.117 2.3568 1
634.13 605.35 32.809 30.753 2.0483 1
604.01 554.28 30.988 22.04 2.6559 1
614.14 639.15 28.839 29.779 1.2961 1
