638.98 638.98 411.62 149.12 1.2522 1
134.12 574.12 478.99 478.98 1.2602 1
501.21 490.77 210.07 266.7 5.3355 1
469.21 296.74 382.63 397.97 6.8125 1
490.65 470.05 266.9 380.32 5.3712 1
291.3 285.24 345.44 195.33 8.5023 1
505.84 500.89 183.18 210.69 7.258 1
508.02 505.83 176.29 183.5 5.874 1
294.94 293.04 403.03 382.63 6.0762 1
413.67 508.29 79.571 176.22 4.3164 1
293.06 291.26 381.74 346.52 5.7326 1
270.29 314.01 22.225 28.676 4.2572 1
225.42 250.33 26.985 23.745 3.9305 1
315.64 325.66 34.271 36.677 3.5983 1
284.64 276.96 195.25 84.015 6.3721 1
286.68 505.4 186.48 175.86 4.7155 1
164.1 217.88 35.189 27.884 4.4497 1
206.7 161.57 14.785 19.901 4.5709 1
335.42 300.48 17.538 13.285 3.8088 1
142.89 156.67 22.796 25.094 3.0828 1
489.9 487.76 7.7359 34.217 8.4195 1
494.11 625.39 34.449 33.005 4.1055 1
116.44 144.27 22.469 28.469 3.5932 1
387.83 397.91 24.605 24.769 4.9993 1
156.65 144.18 21.402 19.919 2.7777 1
254.31 241.45 9.8219 11.073 4.0085 1
1.614 116.61 33.083 31.865 4.6103 1
366.63 356.63 16.5 16.398 3.8007 1
398.02 417.87 22.391 21.494 5.5596 1
391.98 369.33 10.543 16.188 6.9751 1
359.42 378.9 31.61 26.929 7.047 1
418.06 403.11 347.16 352.3 2.8095 1
142.89 111.85 9.0182 3.9701 4.3034 1
342.52 344 11.51 23.051 4.5127 1
286.71 279.17 10.934 10.006 3.2446 1
277.89 412.85 83.248 79.368 3.9563 1
425.25 400.56 293.7 301.01 3.7807 1
434.13 401.63 200.39 206.67 3.3317 1
236.66 224.14 5.8848 6.8272 3.7394 1
213.79 211.41 8.0004 25.516 5.686 1
409.16 391.73 238.2 240.11 2.6212 1
431.76 410.58 232.08 238.54 2.9577 1
627.86 494.11 28.468 31.082 3.7532 1
491.16 489.61 1.1759 7.0799 4.5769 1
250.53 260.36 24.032 22.728 4.7921 1
370.27 387.95 206.15 208.56 2.033 1
439.12 291.62 211.46 219.03 2.7454 1
500.37 330.37 185.24 192.69 2.7061 1
395.37 410.32 209.12 208.23 3.7433 1
400.38 357.88 206.56 201.61 3.0028 1
402.88 415.26 355.4 351.29 1.9786 1
198.05 164.12 62.34 65.334 4.5775 1
207.04 206.95 27.893 17.84 6.3238 1
210.34 232.86 56.417 52.76 3.0689 1
333.05 292.67 62.003 53.872 3.4551 1
412.87 425.38 208.26 208.27 5.0043 1
399.08 370.34 301.22 299.77 3.3133 1
508.34 497.48 1.1432 18.886 3.3129 1
477.94 484.15 34.602 1.1653 9.4754 1
291.71 268.06 53.639 49.359 3.0225 1
390.39 375.37 238.59 238.3 1.4938 1
484.14 445.38 209.59 210.67 1.5626 1
462.8 468.58 384.78 396.28 6.7213 1
291.61 362.85 216.27 212.49 2.6713 1
231.71 199.02 55.909 60.974 2.7668 1
466.9 462.81 395.69 415.36 5.4043 1
618.43 628.95 1.4092 28.429 5.3703 1
417.87 459.12 37.847 37.315 1.7175 1
630.35 626.66 16.632 1.316 3.9829 1
356.75 334.13 61.85 62.891 4.9373 1
415 370.07 47.286 56.346 5.4253 1
445.39 482.88 208.26 206.81 1.4435 1
500.95 518.76 28.255 1.3818 3.4528 1
417.1 417.39 16.637 5.3624 3.781 1
143.09 140.05 19.94 9.7282 6.2176 1
371.63 416.63 193.03 191.96 2.2911 1
496.55 498.56 16.78 1.5507 2.1498 1
380.38 366.61 354.05 353.01 1.8143 1
399.18 384.11 353.27 355.27 2.3141 1
477.88 456.61 271.64 272.13 1.624 1
116.23 113.49 19.23 8.9613 3.9455 1
290.39 290.46 221.62 256.62 1.2812 1
375.39 409.14 188.28 186.98 1.3935 1
447.9 422.88 273.51 274.33 1.493 1
422.88 446.62 190.77 190.36 1.4442 1
425.36 441.65 210.24 208.05 2.1457 1
454.15 437.9 326.97 328.2 1.4354 1
636.16 635.5 1.5715 22.879 6.3637 1
380.38 361.63 277.87 277.87 1.25 1
292.48 294.11 284.14 327.88 1.25 1
420.38 449.12 185.78 185.35 1.4555 1
311.64 290.39 193.28 194.33 1.6197 1
487.65 490.88 264.08 246.72 1.3179 1
414.12 391.62 275.37 276.62 1.8006 1
410.48 427.88 286.04 289.07 2.6777 1
308.97 300.64 416.7 408.93 7.1281 1
460.38 421.63 40.375 40.375 1.25 1
455.38 474.13 269.44 269.31 1.3303 1
364.11 357.37 57.826 60.146 3.9527 1
332.88 360.38 194.12 194.12 1.25 1
416.7 436.49 226.12 228.87 2.8522 1
415.07 414.98 25.383 36.643 5.0105 1
354.13 335.38 186.63 186.63 1.25 1
