638.98 638.98 412.88 146.63 1.2546 1
136.62 574.12 479 478.97 1.2754 1
611.65 533.32 104.22 272.5 5.3923 1
533.71 524.31 272.48 274.86 3.9562 1
305.61 609.36 150.65 104.44 5.1012 1
235.47 497.95 56.556 36.346 5.0894 1
238.41 235.09 236.61 86.576 4.5276 1
524.72 342.49 277.43 330.29 8.8651 1
235.16 234.32 86.631 56.585 4.9286 1
290.49 238.07 341.57 235.91 4.002 1
249.49 250.59 144.15 125.39 3.5245 1
249.47 250.42 202.84 179.13 3.5964 1
249.31 250.29 247.83 226.62 3.5726 1
248.91 250.24 114.11 95.365 3.3867 1
498.32 612.56 36.751 103.41 4.0619 1
252.47 252.99 185.39 199.12 2.7346 1
252.56 253.13 132.89 142.86 2.7102 1
305.74 284.11 340.42 346.58 10.12 1
245.6 236.6 101.46 89.143 2.6003 1
252.2 265.27 226.77 233.09 3.0988 1
251.66 255.94 105.36 115.13 3.2929 1
252.58 264.02 125.85 133.04 2.8219 1
252.54 265.32 96.419 100.54 5.1026 1
280.66 253.92 136.09 122.01 2.7351 1
269.6 255.31 142.24 131.71 3.9223 1
256.78 239.01 225.29 192.94 2.1428 1
253.13 265.67 143.77 157.6 4.0264 1
255.53 271.05 203.94 217.29 3.548 1
265.35 255.34 194.15 185.42 3.0685 1
342.28 305.64 330.15 340.71 9.2625 1
264.41 255.41 240.01 232.83 2.7339 1
256.6 267.19 115.25 127.23 3.5662 1
256.58 250.15 155.4 143.68 3.8892 1
263.31 251.25 217.51 203.19 4.2767 1
274.92 254.52 269.77 255.33 2.9366 1
303.45 283.95 183.37 156.75 2.7554 1
238.13 248.04 86.067 100.26 2.5734 1
265.81 279.95 101.21 115.82 2.8667 1
295.89 302.86 279.07 184.03 3.98 1
303.17 304.82 176.53 160.32 3.2264 1
253.41 250.09 120.74 114.27 3.3656 1
266.53 236.68 97.945 59.079 2.9027 1
263.75 256.84 160.74 153.92 3.5679 1
217.29 238.47 255.74 241.88 7.7611 1
531.03 551.78 270.1 225.45 1.7714 1
279.92 285.89 116.8 131.91 2.3739 1
256.04 266.95 250.93 262.49 2.6249 1
239.72 261.69 188.23 229.09 2.4246 1
310.58 309.66 220.39 232.91 1.4307 1
502.87 465.44 124.09 129.59 2.224 1
280.29 269.54 126.69 112.24 3.7298 1
287.44 302.91 131.95 152.85 2.0095 1
297.02 284.27 150.08 132.77 2.2773 1
274.79 300.73 138.65 175.12 2.1525 1
309.55 301.7 232.8 317.88 2.3931 1
316.24 310.73 156.59 219.16 2.7414 1
266.58 239.06 57.307 59.515 1.7924 1
310.32 310.11 197.88 182.88 1.3721 1
256.14 246.59 94.489 81.651 1.2858 1
258.16 240.09 177.7 148.05 1.9016 1
244.62 261.09 150.08 177.45 1.9139 1
438.91 422.88 134.78 136.63 3.4906 1
294.11 294.55 314.12 301.64 1.4238 1
239.13 239.13 111.63 135.38 1.25 1
292.58 293.18 331.66 316.64 1.9428 1
