526.9 495.31 92.669 242.33 4.9572 1
135.37 574.12 479 478.98 1.2689 1
533.36 527.92 63.672 87.886 4.9027 1
638.98 638.99 412.87 147.87 1.2602 1
535.49 578.09 34.135 30.107 4.8101 1
226.16 531.97 167.74 63.889 5.5172 1
578.02 610.03 24.545 13.168 4.8958 1
586.38 559.32 28.377 37.231 5.2273 1
610.18 591.56 17.204 22.648 3.6553 1
481.85 445.8 17.102 6.4357 3.7307 1
445.1 498.22 2.5106 19.293 3.2644 1
200.81 154.57 259.01 84.925 4.6236 1
497.6 270.13 243.57 356.14 9.5854 1
496.57 482.74 21.786 17.003 3.1351 1
633 607.77 15.889 17.676 4.4576 1
559.11 537.88 36.711 36.978 3.9539 1
156.06 419.65 84.231 14.882 6.5476 1
262.46 256.7 358.82 343.18 7.9019 1
259.16 223.56 341.87 165.24 4.3979 1
611.62 624.13 25.172 25.204 5.0225 1
536.6 569.11 21.833 20.926 4.306 1
513.97 496.8 30.701 22.515 3.1217 1
498.72 513.95 19.993 27.011 3.2288 1
222.64 157.06 165.37 87.307 4.9411 1
576.63 536.63 24.669 24.608 3.7841 1
419.41 480.64 14.751 42.284 4.6133 1
559.38 530.15 50.967 39.699 4.2997 1
625.36 639.12 26.69 26.897 2.4997 1
617.83 559.84 68.03 50.934 3.965 1
539.14 605.42 40.339 61.495 3.6999 1
253.95 200.62 343.77 258.2 5.5985 1
601.61 586.59 31.703 28.031 3.6427 1
569.01 580.38 21.87 22.75 3.2567 1
445.71 433.09 5.7287 1.038 4.6865 1
514.29 525.28 27.132 29.54 2.4422 1
590.58 604.22 25.68 28.682 2.979 1
482.89 531.3 44.074 62.481 3.5543 1
598.03 603.14 57.363 33.91 10.037 1
38.985 1.3788 0.67073 6.2009 4.5831 1
499.7 512.98 206.48 142.9 2.3211 1
639.13 625.37 29.619 29.488 1.3811 1
160.57 167.94 95.323 122.86 1.7685 1
517.72 522.97 120.34 96.645 1.7609 1
639.19 618.02 69.653 67.628 2.9646 1
607.96 639.23 62.343 67.235 2.2344 1
