638.97 638.98 412.87 146.62 1.2533 1
136.62 574.12 479 478.97 1.2727 1
502.95 449.02 148.45 343.4 7.3852 1
363.94 361.69 1.5324 36.468 4.5831 1
467.89 479.65 1.2091 36.863 3.2631 1
232.69 228.19 235.18 210.55 6.1482 1
481.89 471.56 34.041 1.2525 3.46 1
230.43 232.04 1.357 16.712 5.2332 1
228.88 229.35 210.38 60.38 4.0563 1
449.48 410.85 340.74 350.91 8.4615 1
360.14 501.94 63.278 146.45 5.5361 1
575.92 588.93 33.096 1.0389 6.8332 1
235.47 235.53 15.384 6.6179 2.5565 1
238.32 239.02 1.5571 19.129 2.4479 1
277.53 233.46 339.8 235.13 5.338 1
488.67 482.49 0.83737 33.82 9.212 1
352.93 358.11 35.383 1.2805 8.6197 1
601.98 639.81 56.059 66.665 7.2216 1
19.561 28.61 1.2952 13.264 4.499 1
294.21 309.51 367.99 186.66 3.0898 1
310.41 499.12 156.19 147.72 7.3244 1
288.98 277.48 365.44 339.99 5.6955 1
153.74 169.35 8.3569 11.849 4.6068 1
296.4 288.36 376.79 365.4 8.1106 1
640.05 598.11 78.397 66.427 11.677 1
309.81 310.9 184.1 157.9 3.1712 1
366.64 368.72 22.997 1.4652 3.4468 1
381.24 368.43 0.6627 22.467 4.7562 1
366.57 429.15 35.11 38.604 3.5291 1
290.15 305.28 361.61 175.47 2.7129 1
372.38 388.31 27.085 1.122 3.6802 1
300.46 300.34 255.38 274.12 1.2658 1
250.34 310.43 85.406 154.23 3.7519 1
306.68 301.61 189.13 250.37 2.1583 1
488.76 488.01 39.147 26.617 3.8926 1
410.4 295.21 350.53 371.99 8.2888 1
489.1 565.47 27.533 29.785 7.2788 1
566.55 575.66 30.839 0.94863 6.6617 1
439.98 451.35 343.89 360.06 7.0401 1
294.64 293.9 327.84 344.11 1.4186 1
574.81 566.7 78.229 65.329 3.0547 1
622.72 604.29 2.3509 51.686 5.1459 1
299.45 296.98 276.65 304.16 1.9167 1
476.74 372.95 34.467 29 3.9378 1
582.26 576.6 1.3533 14.113 3.2993 1
297.88 296.36 17.767 35.242 4.7635 1
589.38 572.1 83.651 74.31 3.1207 1
308.69 295.1 387.18 376.62 8.443 1
469.91 464.82 16.78 1.3956 1.9812 1
230.33 360.4 61.44 64.068 5.5039 1
228.77 229.7 20.343 46.649 3.1184 1
444.9 439.3 356.42 369.2 4.7191 1
565.6 548.21 65.897 60.546 4.4113 1
474.56 470.92 31.854 18.97 2.2222 1
54.132 42.9 45.546 45.999 2.6995 1
430.33 471.61 38.775 40.746 2.4375 1
195.69 182.94 46.284 43.78 3.2956 1
295.41 277.81 42.98 42.478 6.604 1
572.91 550.39 37.061 36.715 3.8645 1
601.24 588.72 41.691 37.985 6.2142 1
639.28 596.87 98.572 86.991 3.0658 1
420.36 435.35 195.51 196.85 2.936 1
305.67 306.38 172.89 160.36 1.7471 1
597.45 588.72 86.35 82.553 2.6422 1
143.21 144.3 21.526 11.508 3.2384 1
410.36 424.01 254.27 255.46 2.9223 1
71.535 55.444 43.504 45.85 2.1844 1
43.062 35.363 45.282 44.213 3.3703 1
182.72 167.93 43.799 41.32 2.2657 1
228.24 196.25 52.234 46.036 6.4501 1
504.84 509.51 24.012 1.7061 1.9341 1
277.43 263.57 43.286 47.13 7.1567 1
426.62 442.89 164.18 166.52 2.6528 1
592.88 566.63 59.165 59.468 1.409 1
332.94 311.62 188.87 190.22 2.416 1
242.91 227.83 53.723 54.347 4.1601 1
317.9 309.03 392.83 387.28 4.5051 1
321.6 332.88 184.92 184.25 1.6928 1
