543.49 504.34 114.88 262.6 4.9354 1
550.05 544.13 89.963 112.55 5.0947 1
135.37 575.37 478.99 478.98 1.2533 1
638.99 638.97 412.88 146.63 1.2649 1
479.8 536.82 19.307 42.404 4.5757 1
519.31 481.08 38.626 24.344 4.5426 1
230.24 548.25 167.32 89.42 5.3739 1
440.19 481.26 3.4034 17.675 3.4418 1
444.5 549.84 33.277 88.888 4.3102 1
474.63 439.97 18.963 6.4976 3.8589 1
257.26 252.17 354.91 334.3 8.1965 1
176.99 444.53 83.57 33.784 5.4606 1
548.78 520.36 52.354 37.905 4.3626 1
182.21 178.39 110.5 90.278 3.8508 1
211.21 182.45 252.7 111.46 4.2401 1
227.83 176.41 165.88 83.48 5.758 1
254.16 227.85 333.07 165.57 4.2675 1
615.37 576.76 61.527 64.586 5.3181 1
585.36 605.38 59.379 59.64 2.6793 1
537.26 561.43 42.905 54.537 3.5475 1
570.36 584.31 56.687 59.458 3.1989 1
600.58 618.03 59.154 56.371 3.7032 1
630.13 612.49 54.762 61.941 5.5319 1
509.06 265.4 263.94 352.96 10.234 1
620.35 639.68 52.801 45.621 4.2179 1
616.65 575.38 52.282 50.277 3.5636 1
639.49 630.68 50.577 52.821 2.0675 1
576.14 564.34 69.247 61.299 3.1556 1
585.41 610.37 47.102 48.077 3.6984 1
249.03 211.29 335.42 253.03 4.4563 1
574.23 639.23 65.097 90.11 3.5031 1
639.68 576.44 93.936 69.613 4.0385 1
484.69 475.05 24.331 19.81 4.5267 1
639.31 629.41 59.719 56.869 3.2579 1
65.316 1.5472 1.7647 5.1661 3.9612 1
569.13 586.46 50.383 47.008 2.9964 1
609.13 621.59 49.083 50.638 3.2568 1
182.79 185.88 97.895 111.51 1.5754 1
514.28 535.44 212.91 132.89 1.8785 1
637.62 637.86 86.62 74.125 3.8946 1
