638.99 638.97 412.88 147.88 1.2596 1
581.35 505.08 126.68 303.46 6.0533 1
139.12 575.37 479 478.97 1.2789 1
202.44 193.9 95.639 110.24 3.9521 1
206.6 199.68 181.61 201.38 3.6573 1
505.76 288.99 304.16 336.97 11.236 1
208.09 204.44 231.41 248.93 3.9761 1
201.59 196.14 129.11 145.21 3.9704 1
192.14 199.1 144.32 126.14 4.842 1
189.01 199.09 110.31 94.106 4.3864 1
196.15 206.27 200.19 173.99 5.2187 1
199.7 209.33 246.35 222.45 4.669 1
201.7 205.41 199.1 210.36 3.937 1
194.26 198.68 111.26 123.04 4.5373 1
203.53 192.14 162.8 144.94 7.1018 1
211.25 196.67 222.72 201.19 6.5124 1
223.52 215.2 300.34 151.7 4.9322 1
194.93 189.79 126.37 110.1 6.2115 1
197.43 201.34 144.3 154.24 3.9472 1
217.81 580.5 149.36 127.38 5.3368 1
204.21 201.83 256.61 245.6 4.3583 1
199.14 490.41 54.748 50.052 6.0074 1
205.89 212.99 208.53 216.52 3.7362 1
489.01 581.15 50.249 125.96 6.5208 1
206.04 210.9 248.65 260.15 3.5857 1
201.71 197.03 92.392 55.167 8.0656 1
202.27 209.38 153.53 160.1 4.4513 1
217.14 204.92 272.47 256.99 4.7536 1
215.71 213.36 151.58 135.49 3.1965 1
225.58 222.98 341.61 304.03 6.4076 1
288.73 232.24 336.48 344.81 11.717 1
212.28 207.57 158.01 137.66 4.5893 1
211.17 208.22 125.52 116.51 6.3289 1
203.25 202.45 150.42 135.4 3.0276 1
207.21 206.4 204.19 196.52 3.012 1
500.86 490.86 312.55 335.75 5.6012 1
203.28 205.02 120.41 100.24 11.959 1
205.26 204.5 175.29 165.25 3.7394 1
511.67 542.96 280.4 207.91 1.9334 1
504.16 510.67 297.89 283 1.7194 1
232.94 233.18 272.87 309.12 1.3855 1
228.65 229.12 186.64 201.63 1.4862 1
226.82 226.22 212.9 181.63 2.1418 1
229.66 231.84 202.86 264.12 2.4979 1
226.96 229.03 155.35 185.38 2.1087 1
545.49 559.37 201.67 169.23 1.4754 1
183.04 200.57 253.16 242.84 6.4021 1
229.12 227.99 256.63 222.87 1.8805 1
219.13 219.13 160.38 179.13 1.25 1
219.19 214.33 304.11 272.84 2.83 1
559.11 536.6 132.52 133.69 1.25 1
226.63 216.59 347.75 347.27 2.6157 1
