638.98 639 410.37 150.37 1.2693 1
475.25 492.37 28.785 22.707 3.346 1
139.12 572.87 479.03 478.97 1.2987 1
445.63 470.69 45.18 39.182 4.4163 1
471.79 437.87 42.316 50.361 4.4124 1
490.36 476.3 26.581 32.051 3.0412 1
369.24 550.37 225.52 86.62 5.0934 1
331.4 288.02 18.95 9.6997 4.1079 1
285.11 340.72 5.3399 17.538 4.8609 1
382.7 335.46 33.616 22.524 4.8041 1
350.47 400.29 22.453 33.27 4.5248 1
214.72 415.24 147.82 47.609 3.9515 1
469.44 477.26 35.599 28.449 3.0839 1
426.41 382.47 47.282 32.847 5.0893 1
340.91 352.24 18.715 22.35 4.4246 1
1.4826 136.6 16.61 1.3949 3.3796 1
430.13 461.51 34.756 30.726 4.447 1
149.24 1.4752 2.5833 20.382 4.0081 1
288.2 277.86 9.1471 1.6415 3.3946 1
522.05 518.4 1.5059 26.701 6.724 1
398.95 445.27 34.845 45.838 5.6266 1
459.04 430.09 34.577 37.795 4.5546 1
492.46 499.84 22.736 0.61135 10.278 1
547.06 539.27 93.807 113.9 8.3482 1
510.5 369.54 241.74 389.58 6.8794 1
515.21 491.55 28.38 26.144 10.073 1
541.46 505.8 111.25 245.82 8.935 1
247.1 218.62 309.63 147.74 10.842 1
492.85 514.11 34.569 35.667 1.5063 1
438.96 427.2 51.624 46.545 6.2332 1
568.37 572.83 28.833 17.371 7.1839 1
596.49 569 41.352 37.56 2.8609 1
485.45 475.54 39.928 38.179 2.6792 1
480.3 438.94 64.409 53.574 3.052 1
548.45 474.85 87.609 65.478 7.6518 1
414.09 431.57 49.262 54.302 2.9111 1
587.21 580.09 1.3699 19.972 5.5633 1
550.26 540.44 7.8258 8.6715 4.1374 1
485.05 490.79 57.789 36.074 7.4605 1
362.43 245.64 391.96 307.79 11.546 1
601.47 638.03 36.16 43.321 5.1216 1
545.4 563.11 44.246 40.119 2.2702 1
561.66 549.17 35.526 38.074 1.9744 1
580.28 605.5 34.84 38.211 3.889 1
224.86 303.1 151.4 191.14 6.049 1
444.32 480.54 50.84 59.715 3.6904 1
557.86 568 4.3156 5.309 2.6099 1
