638.99 638.97 412.88 147.88 1.2641 1
137.87 575.37 478.99 478.98 1.2637 1
267.35 527.38 211.83 80.612 5.8132 1
494.61 518.94 42.312 25.11 4.1337 1
516.22 494.73 31.608 46.268 4.6043 1
523.67 481.97 80.604 252.35 10.519 1
486.58 290.88 250.76 394.36 7.997 1
529.49 516.49 26.35 31.255 4.1034 1
160.3 380.93 122.66 43.45 7.603 1
455.69 471.05 40.801 29.582 2.949 1
517.34 531.49 26.417 21.251 4.2679 1
531.32 539.84 22.759 0.46527 12.844 1
566.58 557.36 5.352 24.529 13.344 1
466.48 496.68 42.45 39.771 6.7778 1
495.25 465.33 45.742 50.098 4.3835 1
196.39 159.03 297.1 128.45 9.9837 1
629.61 621.12 27.081 36.151 7.1832 1
640.57 630.8 6.3649 20.665 6.5707 1
617.95 625.13 28.422 16.478 7.2887 1
285.46 195.64 391.77 296.22 12.058 1
595.41 580.33 9.6121 9.0044 9.0953 1
523.55 527.54 53.686 37.145 11.275 1
439.06 458.9 33.154 37.634 4.091 1
614.05 595.91 40.23 50.104 2.5012 1
568.85 554.07 32.433 41.527 3.8491 1
339.25 357.75 1.1478 5.8668 2.7314 1
471.51 497.89 29.782 28.081 3.4205 1
359.01 322.71 14.599 6.0714 3.5116 1
624.53 626.54 17.062 9.4329 3.3314 1
136.56 1.5714 1.0274 14.851 3.4083 1
516.67 507.95 41.335 39.907 2.6691 1
606.7 598.35 3.0589 6.529 4.9023 1
496.63 476.64 36.296 35.929 1.5256 1
629.12 639.16 35.473 36.077 2.721 1
417.81 435.8 48.176 52.249 4.3247 1
486.48 511.89 50.881 58.188 2.4027 1
272.8 270.06 234.29 211.97 5.3947 1
280.1 272.36 320.29 235.31 4.867 1
436.25 489.65 51.532 68.86 9.252 1
283.28 281.98 355.43 335.35 3.7422 1
14.136 1.6111 2.4774 2.1415 1.5512 1
285.42 282.88 377.72 356.78 3.8735 1
281.13 279.57 334.32 320.47 5.3876 1
484.22 471.47 60.081 55.832 1.5822 1
