177.78 138.14 271.34 108.75 4.8881 1
448.28 454.8 178.25 193.13 4.2202 1
135.37 574.12 479 478.98 1.2644 1
140.22 439.13 108.05 141.57 4.8302 1
454.11 461.22 131.63 143.12 3.9478 1
638.99 638.99 411.63 147.88 1.25 1
442.92 449.17 216.95 240.36 4.6716 1
461.41 449.76 146.47 162.42 4.583 1
457.24 465.11 105.78 118.05 4.2083 1
455.13 445.27 193.98 210.31 4.7051 1
138.35 190.37 107.34 72.864 3.0884 1
462.15 458.35 77.447 94.936 6.6382 1
441.03 428.7 142.81 254.35 4.3295 1
462.33 456.31 124.77 131.34 4.6121 1
276.58 461.53 62.218 76.541 4.5363 1
447.66 441.6 239.65 251.61 2.8492 1
438.8 446.04 183.63 178.89 3.8818 1
345.38 447.88 1.5421 1.7435 1.2721 1
429.13 359.1 10.137 7.2986 3.1901 1
460.04 459.37 96.519 106.56 3.4096 1
550.51 429.29 26.876 10.413 3.4557 1
459.05 479.07 3.5031 1.1225 2.9254 1
357.97 272.93 6.5107 0.77743 3.8539 1
450.38 352.88 5.0941 2.8632 3.5775 1
425.14 421.65 291.27 317.88 6.3595 1
421.59 549.22 6.8855 23.383 3.3651 1
477.76 513.94 8.3326 2.9193 7.1058 1
448.9 458.74 130.68 124.18 2.1953 1
357.9 420.4 4.7356 7.0736 2.3114 1
550.11 619.1 25.21 33.103 4.0834 1
472.81 460.41 7.3309 6.2693 6.4403 1
516.55 471.7 8.3427 12.402 4.6304 1
639.2 592.87 36.262 34.223 2.8669 1
451.8 449.71 161.5 179.05 4.1663 1
447.6 447.01 189.18 199.15 1.692 1
595.15 551.45 34.372 27.816 3.3995 1
271.64 247.88 1.9305 1.5827 1.4328 1
315.4 341.64 1.2135 2.6124 1.5144 1
436.24 401.3 324.09 318.72 8.3628 1
402.26 185.81 319.64 276.91 7.6769 1
428.39 424.72 255.3 291.43 3.9838 1
447.8 444.4 119.1 130.46 3.2324 1
620.36 639.15 32.429 32.763 2.6995 1
455.53 452.31 95.42 106.82 3.7654 1
449.54 444.09 137.6 154.11 3.5613 1
236.62 189.12 1.8323 1.7907 1.2774 1
182.31 180.9 295.53 279.08 5.6234 1
639.12 576.62 2.0121 1.9033 1.3457 1
152.6 178.35 154.19 260.26 1.9099 1
441.65 434.72 247.89 259.21 4.6781 1
444.17 438.4 186.26 205.15 1.9681 1
277.85 144 126.83 112.78 3.7432 1
316.56 279.11 130.97 126.8 2.0721 1
422.59 429.9 224.1 150.45 2.4778 1
143.57 152.28 117.7 152.71 1.5491 1
435.98 428.47 260.52 291.47 2.7966 1
441.82 429.1 318.8 321.52 3.6672 1
418.77 422.17 265.34 227.92 2.0373 1
215.41 256.64 57.37 60.172 2.24 1
430.56 429.27 170.28 184.14 2.1403 1
416.66 418.32 285.38 267.92 1.8976 1
