638.98 639 411.62 150.37 1.2672 1
140.37 572.87 479.04 478.97 1.304 1
135.79 363.71 171.32 71.931 7.7875 1
450.37 439.2 262.87 284.16 6.9464 1
464.35 460.1 10.44 25.297 3.6073 1
451.8 457.28 27.936 12.292 4.7188 1
272.74 484.75 256.42 115.7 6.9494 1
482.56 448.83 114.73 262.23 7.5697 1
458.81 464.86 50.297 25.554 9.1201 1
491.05 483.34 10.277 55.241 6.7938 1
494.17 502.93 32.298 15.405 3.9045 1
557.92 537.61 1.6383 70.665 5.2901 1
1.5241 109.29 32.973 23.535 3.6088 1
429.23 440.96 67.015 57.34 3.806 1
125.66 85.251 23.565 29.537 3.9468 1
465.98 467.59 25.43 7.8489 6.1095 1
438.33 285.08 284.54 430.06 6.8859 1
508.32 501.08 16.812 33.895 5.1321 1
110.09 185.29 22.734 7.4647 3.5009 1
446.01 430.33 58.454 72.827 3.5322 1
84.227 1.4832 29.048 36.245 3.4644 1
177.8 126.31 12.49 22.502 3.6129 1
467.9 483.06 14.156 1.8549 7.3993 1
172.82 138.75 340.13 171.7 9.3988 1
538.3 532.46 2.5825 18.976 4.0343 1
19.142 1.4876 1.9243 2.9071 3.8137 1
534.09 536.42 55.132 42.837 6.1408 1
637.08 630.33 85.727 94.365 5.4796 1
440.62 452.49 56.338 48.541 3.8524 1
528.13 533.46 63.023 53.958 5.3854 1
630.29 610.16 95.95 93.121 7.4471 1
265.12 309.61 30.199 40.827 4.9175 1
535.84 541.16 42.357 21.507 4.2764 1
320.6 377.06 45.743 59.883 4.2575 1
452.25 456.73 76.454 60.061 6.6878 1
256.04 264.23 24.44 30.229 3.0625 1
247.11 256.13 13.677 23.429 4.1746 1
430.72 412.16 72.77 78.387 3.6207 1
510.3 535.52 7.26 6.1953 8.6368 1
547.11 553.95 26.413 1.5773 2.4956 1
211.66 179.05 10.993 12.803 3.5354 1
524.52 508.49 12.69 18.655 11.252 1
309.79 320.29 42.146 45.634 3.9573 1
221.62 246.61 6.6397 12.937 3.3309 1
292.56 256.63 44.171 35.351 3.62 1
476.51 464.77 55.537 47.321 13.417 1
615.32 639.56 166.59 133.19 3.1329 1
280.39 172.21 431.19 338.65 10.07 1
366.55 304.84 66.902 49.8 4.5568 1
411.6 396.49 77.543 78.88 3.5148 1
591.31 586.3 32.719 42.711 2.2434 1
304.41 292.91 48.357 44.024 3.3569 1
192.86 220.38 7.3069 7.0062 2.4999 1
640.06 620.9 142.28 169.5 3.2558 1
241.95 211.79 17.68 10.9 5.4546 1
406.61 421.64 68.788 68.326 2.6524 1
543.56 546.19 10.204 1.4927 3.2287 1
604.16 620.48 79.92 79.302 7.542 1
400.1 371.3 77.703 70.406 4.2654 1
358.59 399.78 75.869 88.551 9.4631 1
368.69 369.81 14.3 1.1521 10.681 1
377.48 392.55 61.61 66.394 2.9885 1
515.1 504.96 37.35 38.926 5.9005 1
475.25 465.84 110.67 106.76 2.9845 1
407.86 429.1 56.447 55.062 1.5727 1
