638.98 638.98 412.87 146.62 1.256 1
135.37 574.12 478.99 478.98 1.2613 1
91.303 99.035 24.594 21.406 3.9433 1
217.08 194.65 243.9 71.394 4.8333 1
584.24 510.7 163.66 345 4.7613 1
510.6 381.43 344.89 439.65 6.989 1
337.24 583.03 36.62 162.57 5.0649 1
134.12 125.37 18.515 18.542 3.769 1
105.61 80.462 26.359 35.612 9.6945 1
224.55 217.11 252.32 243.52 6.7521 1
385.67 263.51 436.36 298.28 8.8576 1
101.72 109.25 9.8308 8.7738 2.9972 1
192.92 205.47 70.609 68.42 3.7509 1
207.77 336.85 67.443 36.318 4.9813 1
15.574 52.672 32.283 28.422 7.8762 1
74.241 32.877 36.587 32.851 4.2892 1
59.159 27.834 20.739 23.69 2.6062 1
196.05 423.36 72.368 248.86 3.4035 1
99.105 98.026 10.526 1.4583 2.838 1
1.0695 16.435 37.259 32.685 8.358 1
52.956 76.609 31.026 34.242 3.379 1
69.127 86.649 19.195 18.669 2.799 1
204.91 171.13 66.092 44.203 4.2543 1
163.84 210.39 34.548 65.347 3.4644 1
32.823 1.4323 33.925 42.139 3.775 1
32.916 64.086 19.928 18.353 2.8755 1
263.11 228.18 297.83 257.77 6.4748 1
33.852 18.499 22.252 15.562 3.2328 1
18.168 7.3035 15.029 5.8242 2.6731 1
199.69 220.55 81.712 244.26 2.6995 1
508.25 576.91 343.03 172.99 2.2084 1
424.49 387.66 250.45 430.33 4.2739 1
1.5744 35.294 102.74 90.157 2.622 1
206.56 180.49 35.113 42.047 2.5706 1
193.26 127.77 84.252 102.49 2.9417 1
264.08 285.47 23.772 21.139 1.6989 1
35.258 25.171 88.443 86.364 2.5432 1
127.86 193 99.068 80.832 2.793 1
176.63 196.45 40.409 34.747 2.0603 1
225.3 262.88 28.505 24.197 2.096 1
23.152 1.3388 98.738 105.73 2.8075 1
72.785 102.78 81.316 72.554 2.0492 1
199.1 217.76 34.023 29.854 2.2966 1
296.64 255.44 21.715 28.26 2.4913 1
327.75 299.28 11.259 20.841 2.3463 1
345.24 328.02 1.3832 10.649 2.2016 1
309.09 334.31 15.286 4.5479 2.278 1
97.936 74.005 76.837 83.708 1.8794 1
250.44 232.86 28.559 30.207 1.8278 1
276.39 258.99 139.42 125.55 1.5883 1
441.92 424.29 237.23 245.72 2.3356 1
46.507 20.479 7.0991 11.056 3.0352 1
230.23 223.07 284.96 265.77 3.2315 1
