135.37 574.12 478.99 478.98 1.2658 1
638.98 638.99 412.87 147.87 1.2549 1
204.06 162.75 288.55 114.81 5.2792 1
510.7 504.76 111.17 139.78 5.8654 1
504.88 475.04 140.28 290.31 5.1893 1
485.37 204.09 295.07 292.43 9.9996 1
204.12 475.4 49.778 46.325 4.7928 1
164.13 506.63 114.79 112.58 4.4124 1
501.2 510.28 94.945 112.33 5.1099 1
165.05 203.48 109.72 49.509 3.8554 1
475.67 495.44 46.538 84.091 4.8355 1
496.36 502.78 83.6 91.698 5.6744 1
630.73 639.68 29.84 35.797 3.1214 1
623.13 603.1 5.5958 0.71412 3.6738 1
632.69 623.75 10.735 6.1036 3.4496 1
618.45 635.75 0.36524 8.3053 3.2219 1
639.89 627.32 40.518 31.867 4.2526 1
637.43 631.98 14.5 26.21 3.4788 1
627.61 632.86 27.2 15.369 3.6822 1
492.95 480.6 288.11 292.28 5.5374 1
434.13 370.38 50.375 50.375 1.25 1
186.63 169.13 117.88 117.88 1.25 1
