485.51 425.88 143.79 343.53 5.0951 1
255.85 259.13 315.4 111.65 5.5036 1
638.98 638.99 412.87 149.12 1.2595 1
135.37 574.12 479.01 478.97 1.2818 1
258.67 318.8 111.35 10.931 4.2774 1
459.53 485.49 30.569 144.1 4.0003 1
424.07 257.54 344.49 317.45 6.0644 1
260.29 483.07 112.19 144.04 4.4441 1
341.58 367.76 147.99 156.96 3.9852 1
375.27 340.38 154.51 145.36 3.2276 1
404.13 367.88 186.97 187.91 2.5957 1
394.09 357.91 246.13 248.45 2.6053 1
365.34 345.39 186.74 181.57 2.7335 1
319 458.98 11.325 30.166 3.8832 1
369.06 402.83 156.48 158.61 2.6363 1
384.21 347.97 296.62 299.18 3.1243 1
410.37 376.61 154.88 154.59 2.4891 1
407.78 264.16 167.24 145.17 2.8566 1
359.13 385.37 250.39 250.32 1.2605 1
355.32 337.85 246.89 243.01 2.5763 1
255.8 258.08 334.19 318.97 7.6024 1
361.62 377.85 301.61 300.1 1.707 1
471.68 410.42 176.23 167.58 2.2714 1
477.73 464.07 152.65 150.74 2.2774 1
259.12 259.12 264.13 314.13 1.25 1
421.69 420.58 345.38 365.46 5.6125 1
457.75 308.99 149.96 127.49 2.5814 1
261.81 261.32 124.09 140.37 2.0852 1
304.17 326.56 153.82 157.09 1.7783 1
261.14 260.85 146.62 206.63 1.5261 1
262.77 326.58 142.31 151.95 2.2125 1
260.93 259.59 209.11 259.14 1.8633 1
456.2 471.38 231.5 180.3 1.6017 1
321.58 382.75 131.94 141.2 2.024 1
495.39 469.1 1.8161 3.7955 2.8683 1
424.15 432 339.13 312.99 1.3181 1
443 424.09 7.4488 1.7533 4.4273 1
331.62 352.93 152.91 156.31 1.8789 1
473.83 478.98 171.54 154.08 1.2817 1
263.92 260.92 340.09 329.32 6.8906 1
257.47 257.02 346.64 335.31 2.498 1
519.13 499.13 1.625 1.625 1.25 1
