638.99 638.99 411.62 149.12 1.2501 1
137.87 574.12 479.01 478.97 1.2854 1
224.46 193.61 347.81 193.73 5.1583 1
37.874 94.145 41.599 39.741 3.0347 1
397.93 379.2 195.23 345.38 4.7986 1
95.339 132.88 40.199 41.458 3.329 1
377.88 225.37 349.3 350.12 7.9097 1
134.17 49.134 45.048 43.603 5.8242 1
375.52 398.03 67.85 196.38 4.3331 1
135.93 163 41.744 35.966 4.5329 1
1.4777 36.649 38.37 41.339 3.8419 1
193.53 222.15 194.87 90.518 4.4133 1
49.183 1.5514 45.514 43.044 4.7343 1
171.93 149.75 34.834 44.337 3.9396 1
156.76 133.89 48.359 44.181 5.8169 1
338.57 321.2 4.8827 8.107 7.5141 1
168.36 178.81 13.558 6.1734 4.206 1
413.99 408.88 1.0556 13.513 5.1006 1
404.01 389.17 16.104 19.329 9.452 1
196.62 395.38 194.58 195.28 4.4352 1
364.12 236.61 45.848 44.463 5.9508 1
323.16 306.56 6.9485 10.009 3.9478 1
205.37 186.6 9.0281 9.1735 10.038 1
235.12 226.18 47.804 80.253 3.6154 1
136.88 160.39 28.722 21.678 3.4759 1
150.38 196.62 44.982 45.384 1.4347 1
200.38 157.87 47.966 48.379 2.7186 1
389.15 364.04 20.984 20.008 3.456 1
190.21 204.21 16.79 14.682 2.6583 1
166.38 139.91 24.409 31.031 4.2429 1
306.8 286.9 8.6741 0.91044 2.982 1
264.06 245.31 3.8456 2.5316 3.2164 1
295.71 308.22 0.78769 5.75 2.5645 1
367.52 385.35 23.633 26.758 4.0617 1
386.48 410.22 25.239 22.69 3.9955 1
375.09 386.3 27.967 62.978 3.0969 1
381.95 370.44 64.026 26.606 3.4929 1
285.37 264.06 1.604 3.3637 3.4173 1
232.94 204.16 46.228 48.346 2.952 1
198.88 204.42 202.92 230.32 1.7473 1
384.54 385.71 276.66 262.9 1.3511 1
376.62 379.6 340.37 312.93 1.25 1
386.55 388.03 260.37 245.39 1.7376 1
