135.37 575.37 478.99 478.97 1.2677 1
199.41 156.56 340.01 158.85 4.8913 1
638.97 638.99 412.87 146.62 1.2707 1
518.45 483.47 163.68 314.93 5.479 1
524.69 518.39 137.41 163.6 5.7844 1
464.41 525.82 66.207 137.32 4.5992 1
156.37 179.91 158.68 79.732 4.939 1
181.54 464.23 79.857 66.322 5.7393 1
495.64 200.62 318.42 344.44 10.91 1
612.63 639.43 68.339 82.289 3.6001 1
639.73 605.09 86.722 68.532 4.5073 1
584.84 608.24 48.806 62.237 4.638 1
494.12 426.64 8.6371 9.782 2.8813 1
567.88 584.03 40.362 49.298 3.9078 1
608.11 613.44 63.794 67.584 3.1914 1
426.71 320.36 9.1198 1.7963 4.0809 1
371.58 446.59 2.3915 7.1677 3.6069 1
600.19 567.04 60.749 44.528 4.158 1
563.15 535.49 20.839 11.292 3.5026 1
319.13 264.13 2.0256 1.4397 1.4496 1
534.23 494.07 11.425 8.62 3.2181 1
474.1 545.44 4.4843 9.3904 4.0771 1
340.38 370.38 1.5942 1.6689 1.25 1
446.58 472.93 6.524 5.6547 3.212 1
543.55 566.57 9.9454 19.257 3.9977 1
159.03 520.31 158.77 136.87 5.1463 1
246.63 82.855 1.719 3.4399 3.6973 1
563.07 565.17 39.347 25.729 4.5667 1
55.376 30.237 4.1364 6.1343 5.6775 1
606.23 595.44 67.242 60.273 5.5564 1
569 567.54 24.272 35.494 3.2345 1
81.633 56.613 5.0384 5.2532 2.7039 1
160.56 194.27 161.58 304.09 2.0795 1
29.173 1.5529 7.553 8.9842 3.4216 1
1.611 34.219 5.1365 3.2195 3.6695 1
497.45 462.79 109.49 69.196 1.4975 1
54.126 96.625 1.8298 1.5963 1.3255 1
375.35 347.87 73.727 75.352 1.543 1
336.63 314.13 76.625 76.625 1.25 1
