137.87 574.12 479.02 478.97 1.2968 1
639 638.97 411.63 149.13 1.2748 1
359.1 222.93 380.19 317.75 7.5973 1
319.3 192.69 23.034 2.803 5.9811 1
286.63 336.84 12.847 23.055 4.4825 1
216.86 285.36 1.6159 14.21 5.2976 1
551.66 564.64 10.204 12.857 9.5739 1
225.99 191.81 318.54 158.28 7.7123 1
343.28 319.54 30.105 23.801 4.6621 1
565.09 571.55 10.188 11.911 5.3716 1
201.62 216.6 1.8441 2.3114 1.639 1
453.15 343.5 54.108 30.046 7.0927 1
567.87 532.88 20.056 20.084 5.0281 1
509.01 528.93 3.4447 7.5482 7.3459 1
192.15 334.54 160.21 51.775 8.9421 1
405.84 491.72 171.99 63.214 9.3484 1
337.82 360.41 23.457 24.094 5.3148 1
196.97 370.4 161.84 220.3 3.9925 1
487.9 453.75 60.227 53.573 4.8758 1
534.75 513.51 20.661 6.8981 4.0194 1
425.34 394.12 2.497 5.3023 5.2182 1
487.28 460.32 83.011 212.34 8.0044 1
541.59 556.12 1.7347 6.8255 3.2462 1
361.34 376.61 23.34 17.822 4.0509 1
359.07 396.84 30.743 36.445 3.265 1
494.09 471.63 8.0724 4.1194 3.8412 1
378.1 357.99 25.598 28.642 4.5298 1
482.86 509.16 2.7769 3.1807 3.7687 1
462.04 362.76 211.6 378.78 9.5052 1
394.13 380.39 15.027 14.744 3.7492 1
354.12 386.62 10.141 10.061 2.5702 1
385.59 378.53 19.424 24.562 3.4035 1
375.48 349.1 13.387 18.99 4.2965 1
471.69 494.09 44.906 48.146 2.2952 1
397.92 399.56 34.264 19.037 7.4568 1
582.98 549.2 96.025 89.968 2.4608 1
485.35 466.67 50.535 47.577 2.0782 1
550.4 574.27 86.469 90.833 2.0095 1
364.57 362.18 330.32 364.16 2.9335 1
584.36 585.17 21.41 12.856 6.1041 1
546.59 530.38 89.337 86.609 1.6475 1
369.79 369.08 240.36 267.87 2.7555 1
