136.62 574.12 478.99 478.98 1.2671 1
638.98 638.98 411.62 146.62 1.2535 1
540.47 504.29 118.54 266.36 5.5522 1
547.25 540.47 91.14 117.3 5.9153 1
173.21 444.11 84.642 34.033 5.1983 1
492.22 531.59 20.733 36.702 4.2611 1
443.83 547.2 33.419 90.351 4.2525 1
221.84 544.33 168.78 91.217 5.4761 1
525.1 495.43 37.369 26.487 4.1467 1
532.51 570.06 36.091 54.754 3.901 1
554.66 525.88 50.493 36.809 4.1278 1
487.83 465.28 20.498 11.861 4.4947 1
252.03 246.81 352.77 331.89 8.4892 1
449.16 494.16 2.7725 19.029 4.3084 1
509.6 252.32 267.99 357.54 9.9735 1
179.29 173.32 99.818 84.705 7.8941 1
464.33 445.42 12.423 4.0295 4.3193 1
585.38 614.14 58.882 59.991 3.0759 1
629.08 589.05 61.058 64.52 4.4902 1
609.34 627.99 59.164 56.059 4.1112 1
629.61 639.98 52.877 48.82 4.4543 1
248.63 218.76 330.47 166.92 5.2272 1
207.89 177.21 239.4 101.22 4.4686 1
626.67 584.14 51.918 49.999 4.375 1
583.67 572.69 69.262 61.388 3.201 1
582.88 639.34 65.353 87.332 3.6375 1
639.38 623.42 54.839 60.624 5.1268 1
218.35 181.58 167.05 99.15 4.8564 1
82.88 1.5562 1.7128 6.7678 4.37 1
495.25 487.2 25.634 21.701 4.5437 1
639.69 582.07 91.447 68.673 4.3016 1
243.19 206.23 332.75 240.53 6.0555 1
591.66 631.71 46.216 49.352 4.2039 1
577.87 590.56 50.371 47.42 3.0862 1
1.5967 29.111 3.0432 2.3234 2.4991 1
517.5 526.77 197.78 160.41 1.5651 1
