638.99 638.97 412.88 146.63 1.2599 1
136.63 574.13 478.98 478.98 1.2527 1
115.32 127.75 29.953 28.203 3.1605 1
578.49 511.37 163.9 348.58 4.6944 1
223.74 198.22 241.87 72.634 4.7552 1
511.49 370.68 348.92 438.89 7.4323 1
198.44 285.08 71.163 146.96 3.9976 1
143.42 128.05 24.115 17.467 3.7834 1
134.56 110.65 31.771 40.071 9.7586 1
342.38 577.47 37.55 162.38 4.9432 1
162.96 153.03 24.382 23.54 3.948 1
19.163 34.255 46.971 45.293 3.3134 1
373.86 223.37 434.61 242.48 8.3629 1
36.811 21.726 48.21 49.984 3.4325 1
225.21 341.87 64.649 37.678 4.5632 1
1.4231 7.9073 39.117 38.076 4.0988 1
106.69 61.616 41.504 39.313 4.4738 1
129.38 127.73 16.77 5.3962 3.5319 1
81.805 101.49 36.452 38.939 3.2636 1
34.832 86.713 42.736 32.054 7.8504 1
214.21 200.11 89.03 76.93 1.3509 1
60.562 37.822 41.01 47.693 3.2454 1
64.141 120.42 25.999 24.533 3.5859 1
151.9 153.6 1.5644 9.241 3.2537 1
202.06 224.92 48.494 64.222 3.6659 1
90.44 64.067 27.343 29.73 3.3913 1
219.86 194.88 64.881 48.005 3.471 1
45.51 1.3041 103.37 115.45 3.1828 1
152.74 148.41 16.663 1.4733 2.9196 1
188.49 196.96 38.741 44.91 3.0312 1
2.1589 8.3996 13.968 35.221 5.5018 1
1.3935 45.376 112 100.38 3.3295 1
65.412 55.445 27.779 23.944 3.4999 1
114.22 101.63 27.216 29.147 2.4711 1
80.262 49.121 0.99634 6.6023 3.2234 1
508.72 571.75 346.93 172.92 2.2942 1
228.74 225.47 262.96 247.85 5.5802 1
40.527 22.868 7.6094 10.332 2.754 1
205.89 222.25 101.55 209.03 2.656 1
202.87 238.93 44.104 34.62 2.2916 1
18.881 1.3859 73.556 81.068 3.4526 1
284.52 400.85 146.37 246.27 2.66 1
379.79 360.4 0.49079 10.42 2.3049 1
197.82 150.15 91.441 104.56 2.6207 1
107.95 130.23 81.879 74.915 1.7886 1
241.67 256.68 34.383 31.94 2.2378 1
69.408 46.639 92.227 102.91 3.325 1
147.9 195.61 101.73 88.726 2.5231 1
266.62 285.37 30.307 29.042 1.9205 1
317.67 344.09 23.463 15.263 2.1408 1
230.52 211.45 39.655 44.714 2.4905 1
327.99 313.87 23.359 26.816 2.1313 1
372.66 343.1 218.13 192.62 1.8926 1
303.03 244.1 29.154 36.385 2.5502 1
359.44 341.67 11.054 19.219 2.1797 1
460.44 400.34 215.51 242.8 2.5837 1
94.078 91.202 11.639 1.7479 4.8012 1
345.57 365.28 14.534 5.1786 2.0862 1
85.344 56.691 13.921 18.306 3.8959 1
230.89 228.29 274.31 264.02 3.3433 1
49.086 35.382 20.952 21.742 2.9994 1
557.97 572.96 171.9 166.87 1.9916 1
392.46 391.4 312.84 326.61 1.5335 1
