638.98 638.98 414.13 146.63 1.2557 1
136.62 576.62 479 478.97 1.2717 1
572.7 486.56 180.95 362.25 5.1088 1
174.47 146.54 325.15 130.21 5.3214 1
163.06 171.63 99.263 87.882 4.0074 1
523.15 573.91 80.868 181.12 4.8997 1
146.71 165.53 129.96 100.01 5.4417 1
173.07 203.99 89.252 42.36 4.0838 1
203.98 522.86 42.787 81.726 6.0032 1
486.6 167.94 363.06 327.33 11.876 1
151.64 411.84 130.26 162.37 4.3852 1
412.74 570.52 162.82 180.29 5.6665 1
173.46 166.33 91.102 100.14 1.7555 1
488.19 566.16 351.78 187 1.7144 1
637.85 619.77 0.97177 36.317 9.0047 1
151.28 153.77 139.17 157.92 1.568 1
157.42 160.3 181.68 205.38 1.543 1
194.16 180.71 62.898 83.1 1.25 1
