166.93 121.62 13.548 9.1292 4.7946 1
638.97 639 411.62 149.12 1.2713 1
139.12 572.87 479.02 478.97 1.2953 1
102.82 182.99 4.774 11.574 4.515 1
194.68 158.88 322.75 164.86 4.9025 1
195.69 219.29 12.73 5.9638 4.3018 1
67.911 101.72 1.3586 5.8953 3.5505 1
158.44 223.73 165.74 63.423 4.3258 1
363.28 357.45 190.16 248.08 4.3398 1
345.38 195.31 346.6 324.58 8.0328 1
221.61 199.58 7.8244 16.531 4.4336 1
358.03 352.01 251.51 306.8 8.4517 1
351.89 347.79 307.63 344.26 5.3858 1
465.4 421.64 10.504 11.24 4.0857 1
66.641 12.897 3.5388 2.0603 4.0579 1
251.28 229.84 20.943 55.038 3.8399 1
120.4 87.791 9.9303 8.2083 3.7448 1
387.74 251.5 33.041 20.487 6.075 1
376.58 363.45 112.87 190.47 3.3377 1
420.32 434.18 11.854 15.121 2.1467 1
448.25 443 6.2135 1.482 2.8743 1
206.72 191.43 21.269 17.402 3.3576 1
246.65 207.83 23.807 21.056 2.7589 1
465.23 449.05 3.3064 6.2313 4.9202 1
435.37 466.67 15.16 14.242 4.0415 1
369.2 388.45 141.64 34.005 3.7939 1
161.43 361.54 165.76 189.81 4.33 1
86.893 57.935 7.7641 4.7894 5.5447 1
201.65 247.89 17.522 21.405 2.7004 1
193.04 167.71 16.968 15.029 5.6533 1
347.28 344.46 347.75 361.69 2.3212 1
427.23 430.61 19.071 56.716 2.8425 1
386.55 380.91 60.364 100.45 3.3462 1
425.26 423.12 55.382 19.11 3.5228 1
430.44 387.87 58.013 55.471 2.5144 1
466.63 479.12 17.546 17.913 0.77129 1
381.08 374.88 101.57 159.21 4.1297 1
164.06 180.21 172.89 244.16 1.8379 1
375.32 362.87 160.37 253.04 3.9914 1
394.12 422.92 52.935 54.662 1.9214 1
589.13 574.11 34.416 34.686 1.4749 1
316.62 354.11 23.063 24.421 1.7468 1
570.4 525.29 35.184 29.858 2.4738 1
570.39 590.38 32.343 32.028 1.5057 1
520.33 504.03 28.247 26.109 2.8041 1
353.04 354.53 264.14 244.16 1.25 1
