480.35 510.56 38.949 34.042 3.8703 1
511.88 479.16 36.692 43.052 5.0772 1
638.99 638.97 411.63 149.13 1.2637 1
137.87 575.37 479 478.97 1.2751 1
274.47 529.72 202.33 76.578 5.2771 1
523.17 488.51 103.59 246.48 4.7137 1
352.96 367.72 1.1332 3.7678 1.8898 1
529.77 523.57 77.404 101.8 4.5988 1
381.11 343.42 11.519 0.93314 4.3676 1
405.29 438.35 16.914 26.164 3.8545 1
367.96 404.19 3.9064 17.701 3.8904 1
536.6 517.84 21.545 27.761 3.5597 1
520.44 534.41 23.097 18.789 3.2149 1
435.26 380.25 28.282 13.344 3.6351 1
202.65 162.12 290.14 116.22 5.4369 1
468.99 479.33 36.174 37.862 2.694 1
438.54 464.05 27.138 35.614 3.5624 1
511.89 521.22 29.499 22.807 3.621 1
162.54 391.54 115.49 35.13 5.6925 1
517.91 510.76 30.426 34.756 3.8552 1
455.52 435.41 38.837 29.049 5.0132 1
489.27 299.87 247.31 383.42 8.7227 1
552.88 540.38 21.352 21.236 2.5114 1
507.83 486.59 29.853 28.464 2.9843 1
475.44 536.54 43.907 61.923 3.0436 1
469.03 495.33 28.331 25.024 4.0255 1
510.77 472.3 57.852 45.971 3.9334 1
554.06 511.3 69.369 57.837 3.2548 1
537.76 562.77 29.02 31.45 2.7651 1
572.06 565.35 6.4023 17.376 8.828 1
487.52 470.37 28.452 31.603 3.4885 1
623.92 639.26 30.021 33.545 3.2761 1
538.41 544.26 17.677 0.80508 9.952 1
565.38 555.19 25.344 22.216 7.9034 1
639.3 620.73 36.945 33.466 3.7633 1
496.56 511.65 25.904 27.7 2.926 1
531.6 517.74 35.461 32.216 3.0039 1
602.58 622.5 4.3574 29.426 3.3113 1
480.26 470.36 41.006 39.225 2.6818 1
472.26 454.42 44.385 39.321 4.647 1
521.67 534.38 30.172 32.949 2.2382 1
612.31 597.54 22.036 1.8717 3.6335 1
419.42 519.02 37.026 71.927 4.2547 1
62.846 1.5664 1.2399 5.8451 3.6458 1
293.58 202.21 386.13 288.42 8.8092 1
629.04 632.31 17.172 2.7468 4.8765 1
636.53 585.94 126.9 109.94 3.2159 1
602.78 639.22 78.307 86.185 3.137 1
564.14 547.81 33.134 33.77 2.5954 1
1.613 24.129 2.2767 1.8237 1.5766 1
291.69 274.64 379.24 204.07 4.0737 1
639.02 590.22 89.589 78.559 3.19 1
588.91 636.6 107.29 122.95 3.2608 1
529.34 532.72 57.719 35.164 8.8386 1
614.31 595.27 32.639 36.059 2.5564 1
592.87 616.63 30.208 30.359 2.5789 1
629.04 604.06 4.9356 2.1675 3.1734 1
615.61 591.64 40.212 45.432 3.2897 1
586.62 614.3 42.837 37.521 3.2112 1
586.72 610.69 16.192 21.455 2.7387 1
167.08 171.97 123.06 144.04 2.0298 1
580.33 559.13 71.98 69.083 2.2541 1
575.37 594.14 69.099 68.459 1.7602 1
172.6 178.13 146.69 170.31 1.7868 1
505.22 514.72 162.84 124.27 1.8837 1
501.61 504.54 179.12 165.46 1.4848 1
520.14 524.11 99.412 85.372 2.0653 1
595.36 589.95 5.3655 11.369 7.0616 1
631.35 626.57 37.779 51.608 4.0365 1
264.31 273.37 193.89 201 2.3138 1
