207.12 313.31 43.749 183.8 4.8495 1
638.97 639 412.87 147.87 1.2718 1
136.62 574.12 478.99 478.98 1.2574 1
539.12 483.72 150 334.75 4.7967 1
70.145 46.551 65.899 55.545 4.2162 1
485.44 331.86 335.53 397.2 7.9808 1
282.82 208.14 32.468 43.449 4.4739 1
230.23 210.46 209.32 71.434 4.2595 1
76.587 69.341 65.286 68.381 4.0624 1
210.81 207.06 72.635 46.384 4.4204 1
89.572 77.131 60.207 65.349 4.2201 1
353.76 538.47 22.15 150.08 5.3019 1
70.189 42.968 69.844 79.391 4.1988 1
193.33 165.01 13.731 21.544 8.5179 1
81.942 86.342 26.238 58.257 5.7286 1
143.96 159.36 15.07 17.793 3.9104 1
84.127 104.12 21.53 21.85 2.6599 1
235.7 229.67 220.2 208.84 4.034 1
112.99 90.597 22.432 25.664 3.2011 1
41.706 1.3386 53.275 61.463 4.4552 1
60.488 90.817 76.92 65.275 3.5944 1
1.4572 40.259 65.524 59.612 4.3781 1
108.29 145.45 18.006 12.118 6.173 1
48.187 35.298 58.026 69.035 4.3365 1
164.33 132.9 21.586 16.497 3.4309 1
159.12 179.13 6.2863 6.2542 2.526 1
1.1454 10.711 79.782 72.041 2.9602 1
41.674 29.053 78.54 77.474 2.5963 1
147.88 131.54 9.025 7.4873 2.489 1
27.912 59.12 80.81 80.125 3.6395 1
135 113.86 17.292 21.589 3.4656 1
18.369 1.8827 69.537 84.411 4.8221 1
46.238 55.696 69.851 62.867 5.5073 1
294.16 352.93 30.629 22 3.8918 1
84.194 68.557 54.438 62.887 6.1815 1
131.61 146.64 4.1998 6.5225 2.9422 1
328.62 237.92 395.07 225.93 6.3699 1
330.75 421.57 208.02 183.93 3.2049 1
35.006 40.208 1.3486 17.928 2.7022 1
37.857 10.343 48.493 49.297 5.0709 1
10.417 1.3347 49.036 44.738 4.5196 1
146.61 161.63 4.4197 5.3264 1.8503 1
422.7 535.5 183.51 152.08 3.2581 1
89.324 68.034 69.699 77.085 2.7716 1
236.57 211.25 87.919 54.41 1.5743 1
114.24 94.068 69.539 75.169 2.548 1
511.61 528.3 230.37 174.25 1.9449 1
144.29 157.89 11.387 9.2018 2.9092 1
231.27 231.02 235.38 216.63 2.6178 1
274.09 294.02 23.896 20.941 1.9231 1
84.087 117.73 75.251 64.897 2.3907 1
209.13 192.77 77.894 81.075 2.1814 1
499.25 510.71 271.66 232.97 1.5535 1
400.41 371.7 10.546 16.959 2.4399 1
330.29 331.81 317.87 214.11 3.4552 1
299.11 346.6 20.111 17.476 2.1482 1
379.25 399.32 12.144 7.4748 1.8688 1
487.49 494.51 310.26 286.74 1.4478 1
36.939 19.293 67.328 70.169 3.1484 1
192.92 208.98 78.108 74.709 1.6694 1
345.37 306.66 20.245 22.298 2.1654 1
