136.62 574.12 478.98 478.98 1.2531 1
638.97 638.99 412.87 147.87 1.2643 1
227.17 202.56 254.23 83.99 4.7237 1
609.13 535.19 143.62 324.79 4.5267 1
333.78 608.79 37.53 142.5 4.6722 1
203.03 333.21 82.09 37.591 4.6823 1
40.595 51.814 42.562 39.93 5.0784 1
235.52 226 261.43 254.52 4.7804 1
74.164 49.155 31.216 28.814 5.7434 1
535.76 436.3 323.2 426.36 6.0791 1
60.9 39.138 41.945 54.476 8.8635 1
435.56 234.06 426.4 262.67 10.501 1
31.731 1.6147 56.285 54.279 3.4925 1
17.87 31.7 52.743 52.168 3.539 1
1.6458 46.656 38.281 35.97 3.904 1
191.3 121.84 84.773 49.939 3.3589 1
138.81 195.99 54.769 82.91 3.6868 1
125.04 135.95 47.252 53.053 3.0059 1
1.5643 17.814 51.161 52.415 3.0697 1
489.76 438.35 236.8 420.51 4.6101 1
39.134 16.657 39.258 40.831 1.9701 1
74.934 79.939 1.3816 18.006 3.8353 1
207.64 486.7 85.804 238.99 3.915 1
197.53 101.54 84.44 120.14 3.6503 1
140.03 187.66 101.91 84.766 2.9629 1
79.084 70.777 25.389 1.4854 2.7216 1
50.495 48.628 25.579 15.239 2.3208 1
193 213 36.054 32.299 1.7651 1
264.53 288.11 20.041 9.6493 2.1903 1
176.48 191.6 39.659 36.525 1.3598 1
242.9 222.75 29.221 33.526 2.2781 1
209.71 220.62 102.79 179.27 3.7322 1
88.036 83.808 15.696 1.35 3.0294 1
141.63 175.32 51.627 40.219 2.3495 1
241.4 262.67 27.115 20.918 1.7486 1
101.45 139.01 116.13 102.55 2.677 1
304.15 278.35 1.6741 17.408 2.6554 1
211.63 191.61 35.384 39.042 2.0098 1
264.15 244.12 22.959 29.118 2.0221 1
166.82 144.07 45.935 53.969 2.0808 1
1.6009 16.546 7.746 4.9515 2.2919 1
221.65 230.95 186.62 254.22 2.8516 1
44.227 61.572 100.64 93.987 1.7907 1
232.88 211.46 104.11 91.914 2.1557 1
250.45 235.28 114 105.55 1.8324 1
47.427 42.571 15.093 1.2922 2.3583 1
190.39 168.97 39.184 44.788 2.1585 1
239.98 232.77 282.52 269.18 3.2115 1
553.08 561.69 272.96 251.65 1.6486 1
572.95 582.06 224.15 201.8 1.416 1
503.43 496.5 227.34 232.71 2.5189 1
581.26 563.01 166.16 180.54 2.1711 1
517.68 505.33 216.39 226.57 2.1499 1
