135.38 574.13 478.98 478.98 1.2505 1
638.98 638.98 411.63 150.38 1.2523 1
201.12 158.57 346.45 162.43 5.0155 1
534.16 527.71 124.72 149.08 4.9795 1
526.37 486.51 153.72 302.84 5.3337 1
158.39 165.8 162.81 75.517 5.0045 1
457.44 535.32 52.092 124.18 4.3509 1
604.72 635.16 60.724 80.704 5.0633 1
497.18 201.99 305.18 351.45 9.5055 1
165.52 457.68 75.976 52.924 4.9784 1
573.19 605.33 45.892 62.955 4.2802 1
529.03 573.91 20.552 43.346 4.4222 1
628.02 598.75 80.668 62.226 6.3029 1
597.67 568.06 63.257 47.368 5.3464 1
562.66 531.34 40.832 25.98 3.8074 1
160.47 531.75 162.58 124.04 4.5496 1
640.59 627.25 92.27 81.746 7.1763 1
568.13 560.49 46.32 39.983 4.9517 1
164.9 170.44 175.49 199.11 1.6344 1
172.81 178.31 209.14 232.77 1.7844 1
191.22 194.22 287.96 302.86 1.7192 1
179.03 185.93 235.4 266.5 1.7618 1
485.77 457.02 82.442 56.194 1.4442 1
311.59 295.39 67.589 69.307 1.5067 1
