638.98 638.98 411.62 149.12 1.2525 1
137.87 574.12 479.02 478.97 1.2884 1
430.09 408.85 142.66 293.19 6.8872 1
411.86 270.29 294.94 335.06 8.0542 1
327.3 429.7 14.579 143.93 5.9215 1
189.39 215.67 30.284 106.95 3.7809 1
243.05 426.7 183.7 145.75 4.3907 1
39.345 53.426 41.919 28.517 4.7019 1
55.355 52.434 26.619 36.495 2.971 1
261.65 190.56 19.291 29.174 4.1641 1
29.483 13.112 27.805 38.877 4.477 1
258.3 242.6 275.3 184.99 5.7312 1
17.839 37.887 46.476 41.675 4.4692 1
53.979 48.046 3.8273 9.1783 3.622 1
52.386 38.43 36.342 47.33 4.555 1
14.778 32.592 31.745 22.339 3.6879 1
219.43 191.06 180.57 42.735 3.8536 1
268.1 258.57 331.86 290.11 11.075 1
51.571 1.4127 49.773 54.241 6.5832 1
68.945 85.473 11.074 5.6766 2.7164 1
140.52 95.577 33.502 43.759 2.9277 1
107.87 137.87 37.855 30.365 2.429 1
1.4765 15.222 48.8 47.504 4.6261 1
220.03 218.78 186.31 177.74 4.6099 1
280.05 269.82 14.372 1.0863 2.5949 1
126.96 103.01 2.374 13.18 2.9733 1
253.72 220.66 290.89 185.29 4.2533 1
260.75 258.47 289.27 275.48 5.9619 1
274.72 285.06 1.1606 14.373 2.3112 1
