638.98 639 411.62 149.12 1.2695 1
139.12 574.12 479 478.98 1.267 1
99.962 320.1 115.73 1.0975 4.6804 1
234.38 464.29 189.48 26.861 6.4965 1
461.2 447.59 55.096 197.85 7.7034 1
172.2 101.29 285.13 116.24 5.4634 1
474.08 407.99 11.871 0.93723 2.9022 1
423.04 466.64 0.63623 7.7878 3.1132 1
448.34 283.23 199.6 360.8 7.5879 1
274.86 171.8 361.05 283.04 6.5803 1
285.36 272.85 361.24 361.35 5.0779 1
464.25 460.27 28.746 53.657 9.0872 1
355.64 448.95 0.49564 22.362 3.8403 1
639.02 519.23 75.854 49.89 2.8706 1
520.36 567.78 46.709 57.074 3.0564 1
529.18 571.58 16.089 20.753 2.8827 1
570.3 527.88 23.549 19.083 2.6171 1
276.17 234.76 358.3 190.22 3.6764 1
505.37 475.38 11.559 11.775 1.2771 1
471.63 509.13 9.125 9.125 1.25 1
574.04 630.35 58.277 70.478 2.2396 1
207.8 231.85 174.26 187.46 2.4716 1
