174.3 132.99 278.77 113.78 4.603 1
443.19 439.86 240.67 230.14 3.197 1
440.43 447.26 222.86 243.92 4.0145 1
455.84 458.14 140.54 151.57 3.6714 1
139.12 574.12 478.99 478.98 1.2641 1
448.33 452.23 186.5 200.2 4.6418 1
638.98 638.99 411.62 147.87 1.2577 1
453.8 462.02 109.33 122.17 4.4223 1
133.95 437.97 114.63 145.73 5.3273 1
458.74 445.5 151.29 166.56 5.2274 1
428.01 173.78 328.38 282.3 9.4852 1
452.26 439.51 199.91 216.91 5.5004 1
438.48 436.62 160.32 182.87 4.5588 1
458 454.09 80.113 96.908 5.7206 1
445.13 439.27 244 255.45 2.8728 1
440.18 439.7 145.37 160.35 7.5364 1
433.4 429.89 209.05 241.71 4.3961 1
455 452.81 97.267 107.6 7.6642 1
436.08 433.96 182.94 204.23 3.8552 1
267.87 456.57 66.739 79.956 4.9636 1
458.64 453.02 129.89 135.52 4.4247 1
447.89 466.73 5.478 2.2671 4.5367 1
427.8 421.57 261.62 321.62 5.7832 1
639.13 506.62 3.0362 2.396 4.0338 1
466.51 502.08 11.055 3.8946 7.3604 1
236.62 435.38 2.4854 3.4624 4.3337 1
430.33 427.52 241.44 261.4 3.5392 1
437.87 427.87 7.7549 7.7554 2.5003 1
447.78 445.8 165.36 181.52 3.2433 1
427.93 421.6 7.649 7.4198 2.6792 1
444.28 436.84 7.4253 6.7447 4.8098 1
639.13 556.57 39.048 33.756 4.494 1
448.46 443.09 114.66 132.94 4.9397 1
434.18 356.62 14.34 10.541 4.4082 1
557.82 431.91 32.021 14.543 4.2683 1
420.38 392.87 7.4003 6.93 1.6985 1
437.98 592.92 12.119 33.831 4.0289 1
242.85 210.35 3.5549 4.8464 4.4997 1
453.39 452.09 118.11 128.1 3.5575 1
464.29 445.39 10.024 8.9302 6.3839 1
594.06 639.13 33.455 35.161 3.1799 1
324.18 247.85 7.4944 4.8214 3.3977 1
355.41 325.37 9.0491 8.6755 6.3894 1
444.65 443.08 194.22 202.91 2.905 1
501.64 466.67 10.491 14.533 4.4862 1
385.44 436.67 8.3277 12.239 2.5023 1
392.9 356.61 6.6866 5.9009 2.6888 1
210.4 146.58 6.2666 2.2913 3.9718 1
440.75 432.62 250.66 261.43 4.2336 1
141.17 176.38 132.99 274.19 2.0843 1
171.62 221.62 2.2353 2.2677 1.2783 1
449.17 427.95 321.82 326.94 5.7821 1
297.81 138.99 134.77 119.31 3.0059 1
418.77 428.91 262.84 155.36 2.5362 1
365.38 384.13 9.125 9.125 1.25 1
135.86 180.33 112.32 81.554 2.8496 1
434.02 428.72 261.6 287.79 2.2023 1
224.13 244.12 63.742 64.182 1.3874 1
