638.99 638.98 411.63 149.13 1.2544 1
140.37 574.12 479.01 478.97 1.284 1
197.85 158.04 6.7992 0.55743 4.6984 1
200.44 165.95 312.59 152.48 4.8459 1
185.37 209.23 1.6439 4.5389 3.1203 1
357.1 351.98 303.67 340.43 8.1492 1
165.47 237.26 151.7 55.849 4.2775 1
214.24 241.7 5.2424 2.3572 4.315 1
367.91 355.56 184 303.02 4.2722 1
350.25 200.47 342.28 313.65 8.0124 1
406.46 270.18 28.022 12.011 4.9625 1
249.32 225.63 2.3194 8.8107 4.5899 1
228.26 198.87 11.874 6.9034 6.1988 1
372.32 367.09 169.35 185.92 3.6381 1
264.06 229.06 17.268 13.481 3.3248 1
167.81 366.43 152.04 182.89 4.2961 1
379.38 407.56 132.95 29.947 5.0608 1
270.38 250.78 12.88 39.426 4.549 1
227.87 265.36 10.462 14.254 2.9764 1
490.55 467.63 6.6494 9.8158 10.036 1
456.74 444.88 10.097 5.3666 3.0138 1
466.71 457.85 10.072 9.6151 2.7542 1
450.38 460.6 11.615 14.607 3.3062 1
156.66 142.88 2.1657 1.5423 1.5312 1
385.75 360.56 186.44 303.9 3.6667 1
404.42 385.97 52.742 185.46 4.0202 1
461.61 495.38 14.599 14.942 3.8385 1
172.68 192.13 167.92 259.02 1.7588 1
450.27 450.11 54.125 14.121 2.6399 1
380.75 371.85 136.73 168.84 2.2613 1
454.41 455.14 15.37 55.402 3.4771 1
437.88 419.15 55.262 53.819 1.6303 1
