638.99 638.99 411.63 149.13 1.2527 1
136.62 572.87 479 478.98 1.2691 1
268.08 255.17 21.299 13.207 3.1776 1
339.99 474.32 52.04 175.27 4.3614 1
186.74 197.89 16.583 15.564 4.303 1
473.79 439.68 176.25 318.96 5.2603 1
440.07 308.14 319.54 367.68 8.9821 1
7.1792 34.714 93.166 83.263 4.8495 1
215.76 255.43 75.141 140.34 4.1807 1
254.29 248.95 15.091 18.881 3.7463 1
273.92 266.43 22.275 24.808 5.5374 1
283.57 280.17 1.2485 17.572 4.7406 1
266.96 243.09 25.992 30.328 4.3619 1
233.13 215.82 207.84 82.814 4.2487 1
245.51 339.43 68.64 52.08 4.5612 1
196.56 180.19 21.39 25.982 7.8965 1
53.221 68.546 1.4435 30.678 6.2767 1
30.902 37.758 26.925 43.442 3.6378 1
97.754 81.376 25.712 19.817 4.1395 1
238.28 233.37 221.92 208.15 6.0525 1
106.82 148.93 28.666 18.325 6.6659 1
148.87 163.28 18.043 20.621 6.6829 1
15.503 9.3016 12.809 0.88319 5.0571 1
169.13 145.36 12.988 13.397 1.4648 1
258.74 283.03 31.498 24.686 3.757 1
27.914 26.406 41.849 25.281 5.2043 1
42.526 40.449 31.72 24.105 4.2755 1
39.277 29.243 20.273 5.2963 4.1746 1
163.83 179.02 22.057 24.724 3.1956 1
308.99 239.02 364.19 222.29 4.6086 1
65.387 50.514 49.184 52.29 3.1597 1
44.008 42.105 42.117 32.005 8.3679 1
247.9 235.38 18.335 18.511 2.5349 1
160.46 144.12 23.775 22.943 2.4968 1
177.86 160.34 27.961 24.289 2.9009 1
15.93 24.299 0.50712 14.017 4.2506 1
143.98 118.74 23.57 30.126 3.0951 1
26.565 1.1837 94.93 98.343 6.7668 1
37.661 25.849 33.603 10.136 2.3009 1
161.59 194.1 10.329 11.312 2.4233 1
54.067 70.381 55.176 50.394 2.1094 1
36.502 19.293 86.321 93.289 3.9164 1
254.7 279.77 36.044 60.982 1.8554 1
56.531 46.642 41.234 46.657 5.5381 1
124.2 71.725 78.216 89.586 3.1765 1
39.166 49.144 2.5077 2.0405 2.6727 1
148.38 134.75 12.934 5.2237 3.2203 1
307.8 353.91 221.32 209.53 4.0257 1
39.132 31.841 47.753 54.363 3.7909 1
309.83 307.21 361.64 222.84 3.8671 1
32.156 25.971 66.251 57.456 3.4831 1
96.93 99.904 1.329 16.953 4.9118 1
93.604 87.602 17.546 4.248 2.9039 1
237.77 216.67 70.744 73.224 3.2867 1
274.6 250.98 61.144 37.278 2.7665 1
27.054 22.593 8.0629 1.0124 5.562 1
42.437 36.319 77.535 85.417 3.5078 1
55.274 45.275 58.68 57.423 2.4805 1
39.147 42.187 67.423 75.981 3.4044 1
80.443 116.62 84.441 76.621 2.5422 1
0.96307 12.622 77.99 71.191 2.6145 1
19.117 0.64475 20.346 25.812 7.1918 1
100.29 82.828 52.585 57.715 2.3986 1
18.883 3.174 72.428 80.928 3.2078 1
39.127 27.872 96.155 96.112 1.2889 1
8.3349 1.6516 4.2204 1.5582 2.5586 1
451.77 395.19 158.97 106.83 1.6224 1
25.219 20.424 26.921 21.422 3.9296 1
470.14 454.03 175.62 160.48 1.25 1
70.38 91.6 27.942 26.302 1.3426 1
