638.98 638.98 414.12 147.87 1.2562 1
136.62 575.37 479 478.97 1.2745 1
217.48 361 91.001 181.89 5.3858 1
220.24 215.88 276.63 121.58 4.998 1
362.44 563.09 181.93 89.588 4.9357 1
215.71 214.77 115.41 90.304 3.8413 1
214.31 433.64 89.875 34.707 4.596 1
565.22 499.85 88.554 249.65 4.5659 1
326.3 220.06 374.48 276.86 4.799 1
500.39 372.38 250.39 345.14 8.5715 1
311.52 272.73 170.67 157.04 3.3146 1
277.79 309.18 161.88 172.72 2.7293 1
433.86 564.96 34.788 87.661 4.0545 1
306.4 272.77 201.02 189.44 2.7315 1
258.41 250.52 178.21 161.56 3.3292 1
261.78 250.19 149.78 130.49 3.6454 1
341.02 329.81 367.45 376.25 10.109 1
277.89 305.23 194.08 203.31 2.4244 1
301.59 277.73 257.96 249.54 2.4267 1
371.99 341.21 344.94 367.31 7.6316 1
252.05 248.93 276.84 265.09 2.8121 1
277.63 301.51 252.32 260.7 2.5233 1
296.35 266.28 306.06 293.72 2.6692 1
256.18 249.59 234.3 217.69 3.7067 1
596.69 639.18 17.321 22.379 2.4825 1
270.09 295.52 298.57 308.77 2.5429 1
629.13 577.77 24.048 17.476 2.8556 1
248.73 255.1 138.29 144.42 2.3535 1
211.57 223.48 290.28 283.06 7.5158 1
253.23 220.64 146.11 123.74 2.6453 1
576.99 563.1 17.5 14.39 3.9325 1
221.43 248 120.65 138.94 2.3805 1
252.58 265.32 217.5 221.78 3.9528 1
252.36 264.39 265.75 269.54 3.8861 1
253.71 268.01 130.47 134.93 4.6965 1
252.55 274.21 161.31 168.87 3.5962 1
358.85 295.4 184.55 144.09 1.6343 1
218.9 220.98 125.38 175.4 1.4589 1
269.29 259.54 187.69 178.68 2.1864 1
368.39 347.35 187.74 305.5 2.7696 1
562.78 554.2 14.188 1.575 1.8577 1
212.09 218.79 298.18 288.07 6.9294 1
377.86 362.87 158.38 158.68 1.4977 1
409.16 366.9 164.21 183.48 1.7755 1
286.74 311.63 141.44 157.87 1.7522 1
263.5 257.17 242.36 234.71 2.5562 1
222.74 223.12 241.63 275.39 1.2778 1
334.1 329.26 335.37 371.64 2.2336 1
332.19 306.73 174.52 157.72 2.0866 1
353.47 333.13 188.21 174.98 2.0956 1
335.75 296.49 202.32 175.58 1.9156 1
354.12 336.72 214.14 202.73 1.7307 1
297.77 320.77 173.04 188.53 2.3464 1
303.69 310.78 159.47 168.53 3.9377 1
221.07 221.86 182.86 221.62 1.4019 1
252.84 223.89 256.67 231.9 1.7624 1
223.78 265.14 228.28 263.15 1.7614 1
341.34 339.38 297.84 311.66 2.1156 1
344.18 339.76 320.38 346.73 2.2687 1
326.1 316.25 378.15 383.42 3.9358 1
210.47 215.21 306.67 297.17 3.9161 1
