157.05 118.84 225.27 66.393 4.555 1
136.62 574.12 478.99 478.98 1.261 1
638.98 638.98 412.87 147.87 1.25 1
121.06 365.57 67.502 132.12 5.2826 1
323.88 155.97 300.95 228.14 8.6678 1
439.72 419.08 72.63 233.03 4.6498 1
220.12 438.86 27.879 71.718 4.4216 1
419.05 358.05 233.07 309.52 4.9664 1
381.45 406.82 117.98 97.793 4.8907 1
364.9 380.93 131.02 118.25 4.4909 1
576.49 621.61 7.201 3.9467 7.7623 1
119.37 219.77 66.022 28.353 4.2329 1
405.91 414.45 99.787 90.683 6.1557 1
420.9 418.3 102.74 116.7 3.0625 1
418.3 415.96 128.97 141.73 3.1348 1
353.75 324.29 311.79 300.79 8.7626 1
510.55 639.21 0.76658 27.459 3.6006 1
380.36 352.69 316.71 313 8.0081 1
560.67 489.34 13.798 0.45647 3.7039 1
408.15 406.26 220.41 234.07 3.1985 1
397.58 410.74 179.44 175.26 3.2524 1
639.26 561.5 30.976 14.736 3.5385 1
402.59 415.82 130.5 127.09 3.3582 1
415.11 429.77 91.293 79.61 6.0354 1
570.43 555.35 5.4596 4.7503 7.6091 1
415.39 397.66 130.4 138.66 3.1018 1
620.32 577.82 9.4095 12.045 4.2939 1
554.19 530.37 2.7617 1.6785 2.7246 1
364.74 364.04 134.1 154.17 2.9759 1
409.83 390.78 191.97 203.54 2.5179 1
363.93 359.19 161.56 262.94 4.422 1
144.91 154.28 161.74 200.34 1.9098 1
124.29 131.82 76.585 107.83 1.8683 1
154.87 160.16 203 224.18 1.5205 1
324.25 206.6 124.9 94.23 2.9981 1
136.48 144.33 126.66 159.08 2.0972 1
353.25 353.95 212.88 164.12 1.8416 1
365.99 395.11 154.62 130.06 2.5081 1
387.68 366.19 140.14 158.62 2.4274 1
357.75 325.2 133.36 124.81 1.7825 1
356.63 356.63 179.13 204.13 1.25 1
205.47 142.89 93.786 76.571 2.2314 1
163.19 159.32 249.03 236.19 3.7053 1
351.65 352.59 270.38 214.12 1.9015 1
433.98 414.46 83.947 99.55 1.9527 1
359.24 357.51 265.38 295.43 2.3255 1
389.53 381.3 316.26 314.18 4.5167 1
