145.19 400.35 80.004 134.24 4.7843 1
179.66 143.01 235.25 80.048 4.7483 1
136.62 574.12 478.99 478.98 1.2614 1
639 638.99 412.88 147.88 1.2594 1
459.65 440.16 81.531 230.51 4.2771 1
361.66 458.94 57.677 72.813 4.2819 1
143.26 236.44 78.754 37.452 3.6995 1
440.54 389.67 230.91 308.66 4.9765 1
445.6 445.73 101.64 115.38 2.6112 1
565.21 609.07 6.0034 2.1945 6.1184 1
484.14 462.87 2.2637 1.7022 2.5651 1
442.14 443.33 127.95 139.21 3.7293 1
491.93 639.33 -0.12045 25.421 3.6223 1
639.23 484.55 28.54 1.6855 4.3194 1
436.93 437.65 175.43 189.14 3.5459 1
432.01 432.3 217.87 232.89 3.6766 1
384.31 187.34 312.11 242.11 9.2305 1
429.22 440.68 131.88 127.4 3.0376 1
432.48 435.28 193.08 181.6 2.7251 1
440.26 426.08 131.38 137.94 3.2346 1
420.26 434.56 180.02 175.49 2.8789 1
400.07 437.52 132.6 96.296 4.4601 1
560.48 540.3 4.3058 2.392 7.7026 1
436.86 422.37 190.66 202.53 2.4751 1
441.73 421.72 106.86 115.59 4.8743 1
434.22 442.45 120.47 112.44 2.7072 1
416.41 430.64 222.25 217.39 2.825 1
604.05 570.24 7.037 10.207 4.3945 1
404.89 384.09 315.57 311.83 7.9482 1
420.47 397.6 139.22 162.58 2.7725 1
398.4 389.22 162.75 302.88 4.3808 1
399.65 398.67 136.59 156.66 3.2863 1
401.28 423.87 155.05 131.38 2.3513 1
258.08 149.14 108.21 84.065 3.6415 1
236.44 360.44 37.782 57.493 3.2858 1
338.08 260.24 124.36 108.56 3.8343 1
428.75 437.55 106.45 104.14 3.0117 1
539.14 517.87 2.297 1.6592 1.6616 1
158.76 164.28 132.96 156.59 1.7861 1
165.02 172.04 159.21 189.03 1.5032 1
438.04 451.39 238.39 241.4 4.9987 1
390.34 339.08 135.53 124.35 1.7073 1
435.09 456.83 102.59 80.578 1.25 1
188.18 182.7 264.03 245.8 3.7107 1
386.75 390.04 201.63 140.42 2.535 1
219.12 272.73 102.9 114.77 1.918 1
420.39 405.38 314.04 313.87 5.0968 1
384.14 383.73 267.87 249.13 1.4102 1
385.15 386.44 239.12 206.62 1.8441 1
