537.89 501.59 123.82 272.56 4.9106 1
544.22 538.29 98.534 122.67 5.1749 1
135.37 574.12 479 478.97 1.2762 1
638.98 638.98 412.87 146.62 1.253 1
170.67 443.02 88.285 39.97 4.6889 1
496.13 548.97 24.088 45.761 4.034 1
175.13 169.75 105.05 88.515 6.7166 1
456.41 497.67 7.2084 22.178 3.3998 1
442.39 543.62 38.703 97.487 5.822 1
549.18 498.89 48.981 29.728 4.7694 1
491.5 461.32 23.237 12.49 3.3885 1
504.13 244 275.39 362.49 9.5497 1
211.54 540.26 173.77 98.626 5.0139 1
245.05 236.54 357.65 323.2 9.4087 1
462.05 452.26 13.482 6.9304 3.1173 1
549.46 564.61 45.703 54.538 2.9741 1
238.38 208.92 322.52 175.17 4.6551 1
602.87 616.63 65.491 65.442 2.5493 1
209.59 177.17 175.73 104.44 4.4485 1
639.14 591.69 66.871 70.11 6.1802 1
565.26 549.72 60.537 49.535 4.5866 1
617.64 636.64 65.446 61.719 4.1612 1
202.81 173.59 235.67 106.46 3.9639 1
585.48 601.84 62.346 65.508 3.2076 1
589.36 639.33 71.035 91.119 3.3089 1
605.16 578.66 82.016 67.48 4.5605 1
105.4 1.6336 2.0005 9.2486 4.5843 1
605.5 639.36 51.837 55.898 3.9727 1
635.38 590.42 57.762 55.707 3.9235 1
639.35 605.89 94.816 81.563 3.5525 1
565.12 578.02 54.74 60.013 2.9981 1
231.82 201.41 324.49 236.7 5.5479 1
584.04 605.39 56.25 51.688 2.9673 1
498.94 489.52 28.375 23.384 4.4841 1
39.167 76.602 4.6099 1.3577 2.3272 1
1.596 30.383 5.1126 4.5615 2.5713 1
577.91 565.44 67.81 61.489 1.6206 1
27.883 14.106 1.8591 2.326 1.6303 1
510.51 517.01 222.91 196.72 1.5142 1
521.48 533.56 177.84 128.99 1.7874 1
