638.98 638.98 412.87 147.87 1.2502 1
137.87 574.12 479 478.97 1.2768 1
537.91 352.26 262.99 313.93 10.453 1
617.09 537.15 88.184 261.29 5.1469 1
232.97 504 41.56 20.011 4.5839 1
238.39 234.04 172.85 72.824 4.1285 1
298 615.51 134.99 88.783 5.0987 1
240.51 238.24 222.87 172.91 4.3687 1
233.8 232.94 67.929 42.83 4.39 1
245.76 248.54 125.45 110.5 3.4593 1
250.47 250.58 171.62 185.37 0.72802 1
244.52 247.42 96.471 80.519 4.2506 1
248.25 250.29 232.79 211.62 3.9269 1
247.27 249.07 186.57 166.62 3.3993 1
245.47 240.55 234.08 222.28 3.6514 1
249.45 250.47 117.85 131.62 3.3674 1
503.67 617.32 19.894 87.561 4.5011 1
296.49 285.27 326.94 331.37 6.4486 1
257.45 245.13 146.89 126.77 4.8522 1
252.22 250.92 219.05 230.29 2.9154 1
249.94 260.77 81.566 85.554 4.0736 1
265.51 251.52 95.155 86.8 4.2924 1
255.59 268.96 192.61 203.09 3.0857 1
287.56 256.25 326.77 258.05 3.9909 1
271.38 254.27 188.1 171.47 3.7124 1
263.76 249.98 205.71 190.63 4.1347 1
265.58 252.62 127.63 116.94 3.1802 1
273.06 257.62 120 112.13 1.745 1
352.02 292.85 313.44 329.38 11.606 1
251.45 269.01 134.38 146.78 3.3041 1
288.59 295.03 324.1 167.81 3.6439 1
264.27 235.02 86.149 44.376 3.5788 1
251.95 254.81 226.86 238.02 2.6981 1
295.09 285.98 166.84 154.6 3.755 1
236.6 244.6 70.391 83.845 2.149 1
295.41 295.9 161.63 145.32 3.6741 1
250.1 247.66 245.46 237.95 3.4133 1
256.52 250.8 258.48 245.75 3.6515 1
250.6 244.25 109.01 96.562 3.9082 1
260.13 249.92 248.06 234.47 2.7532 1
273.16 264.69 208.99 204.04 5.3947 1
263.63 257.08 148.04 143.47 3.7905 1
221.81 240.47 239.43 228.03 7.1102 1
307.59 297.03 141.61 322.9 2.6071 1
240.32 245.06 172.14 184.25 2.7361 1
300.12 300.34 235.37 217.87 1.3625 1
535.32 554.36 257.85 216.74 1.8003 1
276.62 250.37 41.459 42.738 1.8572 1
256.24 242.08 211.82 183.27 2.3067 1
278.56 293.13 136.98 160.22 2.2616 1
492.78 471.68 109.8 113.22 1.6688 1
291.51 278.89 137.95 119.29 2.1014 1
280.35 294.55 116.64 137.59 2.1381 1
249.26 259.22 192.81 211.57 2.0712 1
244.16 256.75 62.85 81.539 1.25 1
296.25 296.71 299.12 280.38 1.4055 1
256.5 240.58 164.19 135.26 2.2475 1
301.85 302.92 200.38 167.88 1.8676 1
242.49 263.67 133.08 171.87 2.2953 1
297.6 299.02 270.36 246.62 1.6929 1
532.1 530.82 274.38 283.12 5.6717 1
555.48 568.17 214.18 186.76 1.4045 1
269.54 263.45 106.38 96.279 1.9359 1
252.3 242.74 79.515 65.467 1.4502 1
520.3 496.66 106.12 109.41 1.7549 1
470.45 451.65 113.65 115.57 2.487 1
535.37 525.34 104.07 105.03 1.7188 1
295.71 282.26 133.91 113.28 2.4122 1
278.22 288.28 197.69 216.41 1.6097 1
287.89 275.37 332.7 332.57 3.823 1
