638.98 639 411.62 149.12 1.2715 1
137.87 574.12 479.01 478.97 1.2824 1
117.89 187.88 1.3959 6.5862 4.2497 1
180.64 127.92 10.158 4.9207 4.992 1
216.19 181.9 316.72 161.29 4.631 1
187.82 217.93 7.459 3.2338 3.9092 1
398.27 369.11 66.668 334.26 4.8028 1
366.57 214.07 337.06 318.31 8.4353 1
126.7 67.854 6.5257 3.2515 4.5062 1
225.09 203.56 2.1743 10.826 4.194 1
201.81 181.51 12.848 9.8844 6.2118 1
86.626 116.64 1.5842 2.492 1.8541 1
305.45 265.3 16.876 13.972 4.9126 1
181.55 234.62 161.02 64.395 4.249 1
262.96 239.37 14.17 57.323 3.89 1
426.6 470.41 2.7021 3.5936 4.2579 1
399.1 306.52 23.277 16.835 4.3484 1
184.04 384.11 161.28 180.57 4.4074 1
259.06 202.79 17.689 14.39 3.5973 1
206.61 250.37 11.905 14.234 2.6293 1
391.05 400.62 107.81 25.259 3.869 1
71.646 21.623 2.3763 1.7851 2.5441 1
432.48 428.11 45.275 7.848 3.5137 1
369.01 363.44 337.85 360.21 1.8376 1
432.14 437.32 5.3085 45.447 2.9983 1
437.9 401.61 47.458 45.681 2.9862 1
401.62 429.12 42.995 44.245 1.8732 1
192.63 204.3 194.18 247.84 1.7535 1
324.1 344.12 14.814 15.52 1.5576 1
374.84 378.26 251.57 220.42 1.6646 1
370.23 374.33 294.11 255.4 1.6958 1
366.67 368.14 326.63 312.9 1.6417 1
566.62 545.34 20.395 18.26 1.8675 1
597.88 574.13 20.375 20.375 1.25 1
378.78 380.22 216.6 199.11 1.25 1
530.31 502.84 16 13.262 2.1157 1
575.38 592.88 17.875 17.875 1.25 1
