256.2 262.2 287.95 129.1 4.8306 1
262.15 262.9 124.18 97.876 5.1761 1
638.98 638.98 411.62 147.87 1.2528 1
137.87 575.37 479 478.98 1.2695 1
395.55 256.13 368.82 289.05 5.3234 1
263.33 423.28 96.178 21.24 4.2426 1
265.16 457.48 97.157 175.09 4.7326 1
563.2 499.06 65.009 227.58 5.1416 1
447.29 431.33 207.7 260.29 3.9093 1
454.19 448.12 184.97 202.96 3.582 1
365.33 335.43 196.76 187.7 3.0074 1
339.02 364.01 191.98 199.5 2.3939 1
419.98 410.65 297.75 325.88 3.5591 1
388.17 342.61 167.96 156.41 3.3942 1
344.19 364.78 160.14 166.15 4.6502 1
423.78 562.53 21.549 62.775 3.7775 1
402.53 400.88 351.84 358.95 3.1167 1
250.54 260.96 304.33 293.49 7.2078 1
429.85 421.28 265.6 292.77 3.4491 1
498.19 475.37 228.1 260.37 6.919 1
410.58 403.03 326.31 351.67 3.6936 1
355.02 326.65 255.14 245.29 2.7231 1
253.98 255.94 322.86 300.32 11.316 1
347.5 325.13 303.93 296.08 2.2956 1
261.15 259.14 241.6 286.63 2.0507 1
265.11 261.43 130.37 234.12 2.5192 1
330.64 350.44 249.61 256.43 2.0772 1
321.67 345.02 297.75 306.35 2.2823 1
475.27 406.18 260.67 359.19 5.2788 1
451.76 373.91 182.53 150.9 2.3894 1
266.18 265.05 107.84 122.85 1.9307 1
383.99 367.96 199.98 197.37 2.4675 1
445.53 266.7 206.26 130.21 2.7634 1
321.42 302.64 243.07 223.1 3.3702 1
639.43 584.61 33.577 3.2568 3.1655 1
268.85 280.51 127.22 132.59 2.6155 1
326.25 314.6 147.07 137.31 3.1886 1
285.18 338.08 134.59 157.39 2.9684 1
330.1 310.32 185.68 167.94 2.9838 1
308.78 299.6 285.64 273.76 3.0566 1
306.5 322.93 223.69 226.31 2.4687 1
316.47 339.21 135.12 138.58 3.7866 1
346.56 320.5 139.3 128.81 1.25 1
301.52 284.01 260.58 251.85 1.0632 1
314.01 330.33 167.59 169.52 2.4828 1
372.25 383.05 188.62 197.67 2.564 1
360.43 386.39 147.75 159.63 2.4652 1
