269.5 245.51 335.13 176.41 4.3347 1
283.01 325.23 23.306 30.031 3.4519 1
325.13 401.75 31.57 47.269 4.1155 1
638.99 638.99 411.62 149.12 1.2508 1
137.87 574.12 479.01 478.97 1.2865 1
429.21 456.84 54.669 50.567 3.661 1
325.26 281.71 33.528 26.144 3.8013 1
262.19 283.54 7.1549 23.953 4.6373 1
381.89 326.49 46.431 36.072 5.1547 1
459.11 439.06 52.803 57.623 4.3232 1
465.27 482.85 37.659 29.067 3.4448 1
281.25 256.01 25.878 7.021 4.2695 1
482.3 466.68 32.927 40.486 2.9026 1
514.02 509.74 1.4266 30.648 4.4046 1
425.53 382.72 59.914 45.844 4.3761 1
554.28 521.42 125.09 250.65 4.3748 1
409.38 561.9 248.13 98.152 5.0062 1
234.4 261.67 1.3904 6.4026 3.8872 1
558.18 560.09 10.438 1.3038 3.8694 1
490.93 491.76 11.567 1.5322 3.0119 1
467.05 459.39 43.248 52.013 3.5276 1
484.59 487.66 31.504 11.592 8.7458 1
254.24 214.15 6.8757 4.881 4.1862 1
400.58 420.43 48.218 52.633 3.6589 1
1.2375 47.701 11.125 0.83759 4.6026 1
574.58 567.14 1.4125 29.263 4.028 1
394.16 268.9 415.18 334.47 7.6367 1
561.11 554.18 101.09 124.14 4.0736 1
245.62 423.05 175.02 64.412 4.8225 1
509.2 485.57 35.177 33.979 9.3718 1
426.36 450.51 43.416 40.105 3.9348 1
460.39 434.13 43.655 44.315 2.9388 1
475.14 428.91 71.451 61.373 3.3346 1
485.37 504.1 40.427 41.887 2.3953 1
522.99 398.86 251.71 412.96 6.0746 1
1.5052 131.6 45.914 23.977 3.8187 1
622.87 639.19 53.897 53.245 2.6476 1
160.34 100.26 18.971 33.636 4.112 1
131.72 187.63 23.206 7.0133 3.0307 1
434.02 482.99 59.646 69.801 2.9106 1
187.86 234.07 6.5079 1.1607 3.9096 1
560.07 461.76 97.861 73.585 4.4355 1
213.57 160.21 5.3587 17.137 4.2949 1
451.53 461.64 40.817 41.358 2.5632 1
572.83 605.37 38.734 40.52 4.7869 1
99.28 1.2575 32.522 49.504 3.9948 1
487.42 486.9 10.402 1.5355 2.6419 1
536.79 556.42 12.729 34.313 3.1082 1
597.82 565.33 43.589 40.921 3.0031 1
60.313 1.329 1.3653 15.379 4.9595 1
639.24 619.13 57.343 56.572 5.6705 1
629.19 617.94 40.192 36.434 2.7701 1
548.35 531.91 29.813 11.371 3.1256 1
479.14 467.86 46.293 45.673 1.7963 1
247.91 408.95 176.54 250.75 4.0066 1
605.65 617.54 40.918 45.475 8.3451 1
617.29 622.27 48.459 53.487 2.0306 1
620.06 639.37 33.95 39.532 3.2841 1
579.06 556.54 88.283 84.653 2.4278 1
619.71 611.99 1.2484 14.873 2.5008 1
619.72 605.77 54.525 44.804 3.3868 1
611.07 614.51 11.861 1.7549 2.3909 1
469.16 480.4 42.617 43.954 2.7778 1
550.34 580.33 80.606 85.653 2.892 1
249.31 269.7 180.35 316.54 2.236 1
477.55 480.95 66.569 46.511 5.5574 1
552.82 534.05 38.931 43.825 2.1609 1
554.49 540.25 46.439 51.268 2.3248 1
543.11 525.54 80.39 77 2.261 1
541.67 555.45 8.1347 8.7941 3.5665 1
618.87 609.86 36.182 19.404 1.9705 1
520.64 546.85 24.888 28.894 3.2268 1
618.84 630.34 41.584 44.257 3.9356 1
512.94 545.44 49.955 47.442 2.2999 1
537.88 512.88 51.625 51.625 1.25 1
560.39 594.01 111.56 119.6 2.2988 1
404.34 395.36 311.64 411.74 2.7297 1
530.36 547.89 37 37.512 1.6876 1
639.29 604.18 133.41 125.15 2.003 1
600.36 560.23 124.2 114.74 2.4427 1
496.72 485.18 44.862 42.634 2.4547 1
424.12 436.59 64.141 66.809 2.1829 1
512.94 494.02 77.339 74.912 2.0027 1
629.11 639.22 127.93 129.85 1.9285 1
408.44 404.66 260.32 307.92 2.294 1
564.11 561.6 42.567 52.868 2.7536 1
639.05 617.69 27.146 24.19 2.8191 1
