139.12 574.12 479.02 478.97 1.2962 1
638.98 638.98 411.63 147.88 1.2561 1
209.3 165.21 317.48 157.23 4.9361 1
355.57 208.07 359.67 318.42 8.0112 1
376.99 436.91 163.04 30.502 5.6952 1
165.57 270.84 156.9 43.306 5.6841 1
436.23 418.69 33.919 174.23 4.3413 1
419.78 406.14 175.2 222.74 5.359 1
233 171.69 5.9329 1.951 4.3737 1
299.11 273.74 2.8318 11.775 4.6478 1
263.24 291.55 7.4464 2.4425 5.4335 1
265.62 233.8 12.692 7.2811 5.7675 1
362.64 358.22 219.12 339.14 4.1079 1
405.48 360.42 222.91 353.28 4.8558 1
216.71 246.87 0.9442 4.6193 4.2073 1
589.66 568.99 7.3677 10.806 11.3 1
362.88 362.78 199.12 219.12 2.596 1
167.77 361.49 158.38 197.32 4.2853 1
358 357.92 339.13 351.63 2.5694 1
434.07 299.02 29.669 15.133 8.1865 1
247.59 260.56 4.6087 6.7516 4.9331 1
297.7 279.07 18.094 15.849 4.4708 1
510.11 505.44 10.23 59.011 3.5465 1
499.95 505.68 56.724 9.162 3.2133 1
577.24 573.17 6.0914 1.372 6.106 1
552.83 596.61 16.263 17.279 4.4186 1
191.22 198.21 239.23 265.28 1.7669 1
177.26 190.5 188.04 236.59 1.6496 1
280.41 294.13 12.184 12.794 2.7196 1
319.43 318.05 12.988 1.4539 2.5295 1
171.45 175.9 166.67 183.99 1.5535 1
