638.98 639 411.62 149.12 1.2692 1
289.58 483.22 247.24 104.59 4.5554 1
140.37 572.87 479.04 478.96 1.3109 1
451.02 446.04 3.8983 17.186 3.8038 1
433.69 419.73 48.68 62.249 3.51 1
416.04 429.14 59.935 49.142 4.9396 1
456.81 443.92 243.55 270.87 7.0619 1
427.84 446.06 47.805 39.174 4.6363 1
482.58 455.25 103.58 242.6 6.6986 1
445.34 434.26 44.025 48.234 3.225 1
601.67 621.61 66.149 68.049 11.199 1
477.05 471.83 9.8691 44.157 6.3162 1
143.14 356.82 168.42 65.778 5.924 1
447.19 455.88 42.993 1.2101 8.8212 1
419.04 391.32 62.428 67.466 4.0253 1
527.85 513.85 9.3316 7.7117 5.2026 1
540.97 530.15 1.455 43.141 4.4797 1
588.05 602.08 70.996 66.979 4.4628 1
492.76 490.92 8.1098 16.997 4.6846 1
510.47 492.89 5.0802 6.8032 4.8542 1
520.59 524.17 46.669 29.133 5.3987 1
442.95 302.26 270.49 416.03 6.2013 1
345.58 322.75 53.115 48.503 3.6758 1
620.41 590.36 75.904 74.352 7.9414 1
321.83 243 48.336 27.409 5.4216 1
421.6 386.52 52.512 55.29 3.8989 1
390.28 415.31 61.774 59.637 4.9063 1
372.51 346.12 62.639 53.269 4.4818 1
518.76 507.94 11.15 19.565 5.4813 1
186.44 145.37 331.97 169.76 8.7837 1
392.29 373.86 68.242 62.471 6.8678 1
390.1 412.83 51.138 47.577 3.7786 1
469.31 456.33 45.705 43.083 9.3193 1
245.07 382.12 22.782 58.463 7.0577 1
546.59 520.22 58.111 53.85 3.1414 1
465.36 475.37 6.4923 6.6515 2.6387 1
582.32 573.11 14.997 28.425 1.7803 1
354.29 407.7 67.328 83.445 6.3446 1
242.98 229.14 26.521 12.865 2.741 1
228.23 191.94 12.027 5.9655 4.3108 1
440.45 392.73 82.563 70.963 3.1207 1
161.73 114.22 9.6197 19.574 3.3322 1
441.69 444.18 75.229 55.073 7.7501 1
481.87 472.35 48.718 54.503 3.664 1
639.69 614.8 113.22 153.77 3.5117 1
635.77 639.39 28 16.71 3.1887 1
565.7 546.46 61.176 57.501 3.2696 1
530.38 567.85 51.537 55.645 4.2566 1
230.15 246.69 6.8598 22.805 5.4326 1
609.88 634.24 149.61 111.7 3.53 1
300.23 186.11 413.4 330.15 10.874 1
440.47 429.25 57.176 55.665 2.8114 1
191.63 162.81 6.7082 9.7528 3.0114 1
114.27 39.192 21.356 32.093 3.7081 1
71.556 94.299 22.403 19.062 3.0184 1
215.34 229.27 2.9938 7.4179 4.3872 1
635.63 639.75 82.533 70.591 5.1344 1
565.64 585.62 56.519 60.358 4.6743 1
480.9 438.76 104.06 91.614 6.6209 1
95.399 149.17 19.229 6.8133 3.0893 1
476.86 445.38 113.2 136.63 1.4928 1
531.53 514.15 100.89 97.751 2.016 1
37.941 1.5602 31.019 34.741 3.0249 1
494.13 502.89 16.368 16.327 4.9942 1
576.11 567.19 70.906 62.291 1.9546 1
150.25 189.15 6.8959 1.8294 3.0729 1
414.09 425.33 48.222 49.509 1.8588 1
510.51 521.74 21.825 23.217 3.4141 1
1.5605 70.45 28.366 22.512 2.646 1
526.48 522.24 57.515 73.962 3.9432 1
404.07 434.24 68.12 74.869 3.2419 1
542.52 547.27 76.872 59.645 4.854 1
601.48 580.07 46.116 41.925 4.6667 1
210.43 221.14 203.97 207.94 2.9497 1
221.53 238.54 210.57 219.06 3.9161 1
