203.06 159.21 358.78 177.55 4.9379 1
136.62 575.37 478.99 478.98 1.2629 1
638.97 638.99 412.87 147.87 1.26 1
524.05 489.25 172.57 321.65 4.9952 1
530.46 524.22 145.09 171 5.198 1
175.45 460.51 95.164 73.457 4.9088 1
460.62 531.48 72.619 144.27 3.9652 1
158.98 174.68 178.63 95.48 5.1297 1
597.05 639.66 69.508 90.534 3.9747 1
387.87 440.38 11.083 11.345 2.7311 1
147.78 231.56 6.4832 0.66979 5.2832 1
501.98 212.6 324.39 362.01 9.4613 1
297.88 339.13 7.4483 7.5693 1.371 1
434.1 301.62 14.649 9.2914 4.0636 1
300.38 210.38 9.3412 9.4917 3.6998 1
340.32 387.95 7.4188 10.434 3.0316 1
269.06 190.28 0.79203 6.5775 3.5703 1
561.68 591.53 47.76 63.063 4.4209 1
492.87 435.35 11.507 13.005 2.5642 1
181.62 96.606 12.744 14.334 3.235 1
189.14 154.16 6.8008 9.5182 2.2989 1
640.81 605.03 95.875 77.286 5.9926 1
548.68 560.84 41.118 48.338 3.3928 1
211.53 180.27 10.407 12.745 3.4941 1
436.63 509.13 9.5115 9.7752 3.7 1
584.53 565.66 63.337 53.57 4.4013 1
565.86 544.19 54.302 42.75 3.7516 1
591 596.75 64.562 68.968 3.2737 1
604.09 581.94 77.926 63.636 5.3203 1
221.63 299.13 6.2695 6.4405 2.6461 1
154.18 220.41 11.285 7.1835 2.2749 1
542.84 522.78 22.974 15.643 3.5456 1
545.05 545.24 41.637 26.623 3.8326 1
316.62 270.37 2.998 2.7656 2.6821 1
521.76 492.93 15.341 12.38 3.3472 1
517.26 545.74 10.987 20.531 3.984 1
26.647 147.83 15.789 9.4493 3.6944 1
95.436 37.778 15.015 18.958 3.347 1
27.855 7.8123 17.682 19.775 5.4923 1
161.63 527.87 177.94 144.04 4.4235 1
548.74 548.56 26.641 36.614 3.7261 1
11.646 21.68 13.128 12.287 5.0869 1
134.1 109.08 3.9424 3.3301 3.5654 1
36.648 29.114 18.76 18.655 2.6043 1
7.8565 1.5663 21.165 21.418 2.649 1
163.26 205.16 180.28 354.18 2.2134 1
339.09 292.88 86.083 89.267 1.9344 1
501.45 520.53 256.59 174.16 1.893 1
367.86 342.87 83.808 85.259 1.7549 1
522.17 526.54 166.74 146.61 1.4276 1
500.05 460.79 116.95 77.459 1.25 1
41.668 31.521 3.3161 4.3153 3.1004 1
232.84 212.87 93.745 95.347 1.4458 1
106.62 89.134 1.5926 2.0101 1.3988 1
61.674 42.821 3.1135 3.7403 3.5402 1
