182.72 142.94 263.55 101.3 4.8494 1
136.62 574.12 479 478.98 1.2687 1
143.91 440.46 100.98 134.61 4.8789 1
452.31 457.92 171.82 187.86 4.6592 1
457.82 449.56 189.09 201.91 4.4368 1
458.02 464.53 125.29 137.09 4.491 1
638.99 638.97 411.63 147.88 1.2677 1
461.81 467.69 100.28 111.72 4.9875 1
450.25 451.93 222.75 237.7 3.6022 1
445.73 450.55 214.61 223.46 3.3911 1
448.83 445.34 229.24 220.39 2.7843 1
442.35 427.48 133.94 274.22 4.41 1
290.37 465.31 56.659 69.971 4.5523 1
450.33 445.02 234.88 243.43 4.2117 1
434.12 360.42 4.2124 1.662 3.1469 1
466.44 463.53 71.309 84.543 6.641 1
460.95 455.4 144.58 151.64 4.1422 1
551.75 434.25 19.382 4.4129 3.5775 1
432.68 190.6 318.83 269.27 9.3993 1
465.08 463.36 85.198 100.29 3.5839 1
464.47 459.49 118.15 124.41 4.6927 1
491.52 510.33 3.0233 1.1878 2.6096 1
435.29 444.69 221.5 214.94 3.075 1
414.13 430.38 1.625 1.625 1.25 1
456.74 454.09 151.49 173.97 3.8705 1
431.66 554.29 1.3266 16.548 3.2854 1
449.41 458.16 150.71 143.21 2.0037 1
639.18 590.38 29.343 26.567 3.5723 1
426.85 423.76 284.15 311.58 6.7553 1
443.46 452.55 201 192.52 2.8628 1
590.27 552.74 26.022 19.991 3.2171 1
602.9 635.4 24.708 25.765 2.8236 1
529 489.12 1.8337 6.555 4.0837 1
555.24 605.29 17.542 24.702 3.3635 1
450.21 448.8 202.73 216.59 3.2244 1
460.85 455.06 84.305 99.482 3.0588 1
427.32 426.43 275.32 283.97 3.1321 1
451.76 447.05 107.93 120.53 2.6366 1
445.38 438.41 242.92 249.68 4.5155 1
448.55 441.37 201.13 207.59 3.7188 1
452.24 445.76 132.08 147.51 3.6394 1
216.72 149.07 113.28 105.91 3.5679 1
145.99 199.28 98.831 64.369 2.7152 1
487.83 475.27 5.5261 2.0008 4.4333 1
152.73 177.98 127.91 230.35 2.0024 1
441.52 429.91 248.19 290.25 3.4896 1
425 426.6 206.59 187.87 1.9588 1
244.21 219.08 115.75 113.4 3.5014 1
432.05 429.23 162.92 190.26 2.3946 1
426.94 428.45 189.06 166.58 2.3337 1
307.9 245.3 122.64 116.1 2.8557 1
149.12 167.84 109.13 110.75 1.9517 1
418.75 425.14 275.34 207.85 2.5551 1
451.62 431.7 314.09 316.14 6.4728 1
442.95 445.79 150.39 137.97 1.7762 1
327.84 309.12 124.5 122.98 1.25 1
184.53 185.92 285.12 273.88 3.3942 1
429.47 431.17 160.29 141.58 2.0377 1
426.12 425.92 220.37 231.61 1.4095 1
220.32 267.86 51.29 54.398 2.3072 1
