137.87 572.87 479.02 478.97 1.295 1
638.99 638.98 411.63 149.13 1.2585 1
373.35 438.6 163.09 19.456 4.6588 1
209.74 164.97 314.86 153.54 5.9739 1
437.68 417.82 22.694 181.62 4.4945 1
418.43 355.51 181 362.92 5.9233 1
164.93 264.51 151.33 41.858 6.1275 1
362.76 357.57 190.37 347.91 4.0634 1
355.77 208.48 355.2 314.44 10.497 1
277.87 250.32 5.4655 3.7001 6.477 1
502.45 508.47 46.735 1.5378 3.4684 1
513.15 507.39 1.51 50.318 3.8783 1
436.36 307.91 19.263 6.2803 10.995 1
286.7 278.76 1.9808 3.556 3.6782 1
292.89 277.87 11.523 9.1506 1.8198 1
249.34 231.66 3.8868 1.3629 3.889 1
167.81 360.65 153.22 191.47 6.3638 1
576.61 596.68 8.8118 8.1039 2.4544 1
