139.12 572.87 479.03 478.97 1.3025 1
638.98 638.99 411.62 147.87 1.2566 1
204.62 150.82 294.81 129.82 5.4538 1
356.8 430.68 151.71 1.1625 5.2987 1
150.58 261.5 130.65 11.426 6.2561 1
432.75 416.06 1.4795 159.2 4.0922 1
415.97 369.1 160.14 289.57 5.3704 1
362.26 358.26 307.64 318.02 4.215 1
368.81 362.29 289.79 307.19 4.3888 1
349.75 204.33 334.34 294.64 9.8728 1
350.43 351.8 170.37 326.65 4.2545 1
358.15 355.47 318.32 327.54 4.4532 1
505.46 508.16 21.637 1.4957 3.0526 1
513.29 511.1 1.5484 25.327 2.8489 1
154.16 349.16 131.44 168.95 6.4777 1
165.23 176.37 162.92 196.71 1.2751 1
157.77 164.26 140.41 160.33 1.2673 1
