639 638.97 411.63 149.13 1.2759 1
137.87 574.12 479.01 478.97 1.2842 1
421.27 396.64 148.86 300.17 4.5034 1
349.56 420.92 42.166 149.59 4.2637 1
395.47 249.37 302.06 334.02 8.0517 1
239.7 229.74 247.79 182.59 4.0166 1
34.539 59.119 37.194 31.601 3.985 1
240.91 240.2 256.68 247.89 3.0947 1
242.85 241.97 270.52 262.7 4.9692 1
251.93 246.3 330.33 292.74 4.454 1
64.097 11.598 41.041 43.554 6.3624 1
246.1 243.81 291.91 277.72 6.4129 1
230.58 415.39 180.45 151.69 4.2793 1
244.54 242.83 276.88 271.26 4.3164 1
1.5984 31.577 39.891 38.244 3.3191 1
193.93 207.85 26.37 84.131 3.4698 1
58.108 68.068 30.683 23.129 3.7432 1
272.89 194.32 18.043 26.068 4.1917 1
11.656 1.6046 44.005 43.778 5.0833 1
69.014 52.291 27.708 38.873 4.8495 1
71.181 69.507 19.028 26.708 3.039 1
29.366 53.852 23.465 13.456 3.6823 1
54.164 82.86 39.675 37.661 1.8813 1
53.831 35.649 17.172 24.779 3.6477 1
154.3 103.06 28.902 37.693 3.1647 1
114.21 149.07 33.315 26.336 2.6983 1
228.08 215.91 172.82 123.05 3.1271 1
85.315 65.301 39.873 42.248 2.188 1
219.21 199.91 175.36 64.206 3.4985 1
393.86 417.46 296.58 152.81 2.0998 1
135.33 119.22 1.4993 6.9212 2.381 1
342.32 330.15 33.233 14.266 2.5621 1
86.549 76.431 7.0405 5.1824 1.8862 1
293.25 284.25 14.722 1.5409 3.0462 1
288.63 297.87 1.0895 14.13 2.1677 1
326.88 317.97 11.715 13.395 2.7575 1
239.87 235.65 277.98 258.08 2.2595 1
235.82 226 257.78 209.99 3.2183 1
225.41 220.51 207.87 185.35 2.5521 1
