538.16 503.91 68.695 245.09 5.6808 1
136.62 574.12 478.99 478.98 1.2595 1
433.97 481.68 8.4463 21.407 3.9612 1
639 638.97 412.88 147.88 1.2731 1
481.94 433.78 24.158 11.728 3.8262 1
433.85 399.72 10.02 -0.33386 5.1079 1
245.07 535.79 183.34 68.928 4.7878 1
210.95 162.26 273.96 102.34 4.2454 1
482.49 506.47 21.343 30.772 2.862 1
162.23 418.14 102.35 23.733 5.139 1
504.78 482.8 35.331 24.272 3.9555 1
524.13 556.68 35.548 33.938 4.3142 1
556.28 566.61 33.288 29.082 3.4728 1
489.16 538.68 50.289 67.883 4.1379 1
561.67 535.3 35.629 39.907 4.568 1
505.42 288.4 246.42 368.52 10.078 1
568.51 595.33 25.146 14.025 5.4074 1
577.19 558.76 26.68 37.23 4.8038 1
597.86 576.75 17.831 24.53 4.0095 1
599.15 529.02 65.291 45.753 3.4506 1
598.51 605.82 15.077 0.021055 10.12 1
599.04 626.57 25.276 27.398 2.5862 1
281.18 275.47 371.29 357.63 8.5554 1
526.59 596.38 41.746 61.241 3.3965 1
565.34 522.82 25.862 27.945 4.6271 1
31.566 126.43 13.705 0.25666 3.0677 1
528.54 517.69 45.401 39.467 3.0998 1
272.98 210.99 358.71 273.33 5.4448 1
526.63 569.13 23.457 23.499 3.7825 1
631.95 610.25 19.261 16.239 9.0112 1
242.23 164.66 182.27 104.84 4.4532 1
22.551 52.95 7.2058 2.0717 8.2279 1
536.36 521.63 39.316 36.599 4.1412 1
634.2 630.01 1.3014 16.524 4.9425 1
147.73 35.191 0.58649 16.58 3.9395 1
278.16 242.53 356.31 182.69 4.6096 1
590.27 575.33 32.171 29.367 3.1485 1
0.82879 22.525 10.487 5.7383 12.442 1
80.218 18.926 0.8411 13.132 5.1482 1
418.95 460.63 23.333 39.72 3.6986 1
579.13 591.87 26.624 29.143 2.9517 1
17.974 1.3838 13.378 16.653 3.4052 1
34.435 1.2897 16.861 23.765 3.9261 1
1.5776 30.405 20.142 14.271 2.4945 1
168.19 181.91 111.54 160.3 2.0314 1
587.71 591.55 56.598 33.901 8.8535 1
631.62 601.61 29.373 28.649 2.9517 1
517.23 528.67 159 100.29 2.2784 1
510.37 516.9 194.12 161.68 1.9879 1
636.75 600.25 69.263 65.241 3.3167 1
501.41 509.95 241.58 197.79 2.2744 1
