638.98 638.99 412.87 147.87 1.2588 1
266.74 270.5 271.63 160.42 5.0217 1
139.12 574.12 479 478.97 1.2756 1
264.77 266.36 322.93 269.19 5.5821 1
271.06 271.22 162.89 122.88 5.0094 1
498.09 433.93 160.04 359.51 8.2633 1
477.57 498.32 45.429 161.1 5.2534 1
271.06 336.97 126.66 28.103 7.9125 1
435.71 415.16 355.99 354.43 9.481 1
414.77 267.19 354.45 326.46 8.7874 1
274.03 494.76 127.2 161.8 9.3454 1
264.79 266.57 342.95 328.17 7.8951 1
273.48 272.56 161.61 210.37 1.3685 1
464.46 467.96 171.49 180.34 2.4033 1
269.18 269.09 276.63 316.62 1.2526 1
430.37 430.76 361.5 372.9 6.2892 1
271.46 270.01 221.62 271.61 1.7194 1
274.65 274.51 131.62 155.38 1.3855 1
337.46 475.74 28.361 47.792 7.2531 1
356.75 373.28 166.24 171.65 2.8085 1
460.67 449.34 21.209 19.187 3.4722 1
