638.98 638.98 414.13 147.88 1.2513 1
136.62 574.12 478.99 478.98 1.2567 1
579.48 508.15 163.77 344.99 4.7148 1
218.17 195.02 241.59 72.581 4.9487 1
97.975 110.32 26.737 25.834 4.8955 1
337.12 578.76 36.837 162.32 4.5079 1
377.57 217.06 431.88 241.26 8.2535 1
507.54 373.26 344.88 436.61 7.2037 1
214.06 337.81 66.351 37.583 4.8972 1
197.04 226.34 72.632 96.965 3.3405 1
119.07 87.751 28.181 40.048 9.0681 1
172.66 216.09 35.701 64.922 3.6025 1
195.48 211.43 70.83 67.052 4.6409 1
210.37 170.73 65.381 38.605 3.3896 1
46.658 74.182 31.212 33.407 7.2238 1
86.756 47.898 39.087 35.148 4.1263 1
74.129 91.612 35.045 35.249 3.8665 1
111.56 109.64 13.09 1.3365 3.8786 1
14.812 47.184 38.619 31.763 7.2223 1
64.125 47.876 25.312 25.243 2.5422 1
41.636 100.38 21.708 21.211 2.9019 1
47.268 23.948 25.193 11.936 3.4313 1
1.4953 14.119 42.753 41.56 3.6157 1
50.103 3.3334 36.685 47.38 4.4584 1
225.71 410.6 96.507 246.34 3.0617 1
47.725 32.79 89.685 85.694 1.7276 1
223.6 220.05 261.76 247.64 5.7639 1
397.32 379.99 331.53 428.03 3.3443 1
202.16 216.02 97.972 200.29 2.2695 1
525.72 572.4 291.76 172.69 1.8142 1
35.286 49.019 83.195 87.006 1.5822 1
505.85 524.29 341.81 295.44 2.071 1
456.66 411.95 221.7 243.55 2.8203 1
31.689 1.3712 100.59 109.51 3.1746 1
291.45 262.6 154.34 130.71 1.7691 1
193.98 137.81 87.335 102.62 2.8406 1
216.25 221.63 202.93 241.8 2.1334 1
1.5912 23.212 105.26 99.048 2.5815 1
410.54 397.31 255.4 330.5 2.882 1
211.85 190.47 38.694 44.47 2.4134 1
136.58 171.8 98.946 89.812 2.2848 1
294.26 244.1 26.469 32.682 2.3725 1
239.08 264.09 29.898 27.535 1.5971 1
16.6 1.588 3.7758 4.8645 1.8605 1
