638.99 638.99 412.88 147.88 1.2502 1
209.37 319.55 45.209 207.59 4.9133 1
136.62 575.37 478.99 478.98 1.2591 1
534.65 480.12 156.41 341.18 4.3738 1
480.68 320.43 342.44 402.16 8.4542 1
357.21 534.89 25.031 156.03 4.4355 1
94.372 98.267 24.334 43.054 2.7517 1
232.28 210.19 211.71 52.9 4.2213 1
296.65 210.67 33.04 44.977 5.2988 1
98.816 95.721 42.551 57.427 4.2797 1
234.11 225.31 10.625 9.9669 2.6761 1
237.51 232.79 227.11 211.28 7.4177 1
205.29 191.05 14.517 20.193 7.8925 1
60.562 56.721 39.106 1.4875 3.4019 1
90.361 80.076 64.092 68.412 8.367 1
15.943 13.495 39.203 17.804 5.1462 1
17.558 25.603 18.009 37.056 3.4046 1
118.77 132.33 23.389 16.767 5.0148 1
81.182 70.118 69.464 74.847 3.3721 1
132.91 98.896 6.9206 35.098 4.4548 1
14.111 21.255 49.114 40.082 4.9018 1
192.12 181.55 18.35 21.359 6.6957 1
60.281 51.325 56.43 66.243 4.9755 1
31.388 29.708 28.885 21.783 4.0023 1
63.024 62.152 54.189 39.095 4.3922 1
74.558 68.221 63.362 59.765 3.4082 1
1.8866 23.19 84.625 73.477 5.2679 1
30.327 20.444 22.23 1.0108 4.3151 1
321.16 238.77 398.7 226.85 5.5554 1
47.692 56.32 0.65344 21.229 6.3215 1
70.711 43.04 75.362 79.098 4.8558 1
55.848 101.96 82.936 66.302 4.2414 1
132.86 161.74 16.449 14.722 6.3135 1
58.333 66.589 69.836 62.648 7.1762 1
28.88 24.784 67.758 76.343 3.3498 1
24.789 8.4258 76.355 87.438 5.241 1
27.68 16.605 41.305 51.495 4.7464 1
26.187 12.094 28.706 1.383 2.97 1
306.63 356.71 31.641 24.73 3.5439 1
322.01 479.38 210.68 171.39 3.3385 1
179.2 140.47 23.544 18.42 3.7899 1
139.34 125.21 19.992 23.428 2.9866 1
146.6 192.84 6.1044 7.6932 3.6619 1
161.37 180.3 17.597 19.754 3.9773 1
40.393 55.487 80.21 81.826 3.018 1
480.18 530.35 170.86 157.78 3.5249 1
118.88 103.16 10.019 20.794 6.8928 1
322.38 322.07 396.63 211.62 2.5487 1
53.45 56.341 21.463 31.705 4.6277 1
51.655 33.615 36.806 39.847 9.6672 1
20.38 1.6191 91.147 90.957 3.712 1
164.13 144.12 9.483 9.9726 1.5858 1
476.85 528.28 340.44 166.75 2.3915 1
409.03 388.02 13.72 18.517 2.8212 1
386.73 409.25 15.878 10.953 2.2894 1
442.8 409.39 1.4069 13.614 2.2586 1
146.03 133.08 8.8844 1.2709 3.043 1
17.766 1.3114 63.697 67.896 2.7314 1
43.043 33.877 53.747 49.685 3.5585 1
311.61 340.37 21.905 21.483 1.25 1
284.06 304.13 26.225 22.911 2.0477 1
322.15 308.93 207.13 188.01 1.6633 1
489.34 461.96 126.33 106.17 1.384 1
72.821 41.455 88.286 84.171 3.5556 1
347.89 322.91 23.147 24.643 1.6738 1
238.96 223.07 94.241 71.488 1.3342 1
529.06 501.66 155.47 135.33 1.25 1
