638.98 638.98 412.88 147.88 1.2559 1
136.62 575.37 479 478.97 1.2791 1
600.78 524.59 108.17 275.01 5.3102 1
304.07 598.1 160.04 109.19 4.9929 1
227.93 485.5 66.027 43.032 4.8908 1
525.41 338.92 276.74 338.53 9.6955 1
230.45 226.64 246.62 66.598 4.7012 1
245.07 243.73 159.21 135.4 3.6037 1
243.23 244.33 120.4 105.39 4.0159 1
287.25 230.27 351.39 246.01 4.3336 1
243.5 244.1 210.36 187.87 3.9829 1
485.82 600.87 43.046 107.96 3.9964 1
241.76 244.6 250.4 236.72 2.956 1
246.07 247.83 195.44 211.63 3.0261 1
299.1 283.19 350.32 356.23 11.082 1
275.05 249.13 144.77 131.62 3.3606 1
245.91 255.58 189.55 193.65 3.7664 1
248.8 242.56 265.5 249.25 3.1376 1
245.93 259.28 135.41 142.59 3.8945 1
246.08 260.34 105.79 110.48 4.3268 1
260.81 247.95 204.86 194.03 3.1705 1
310.88 297.73 346.62 351.91 8.5984 1
263.34 248 150.96 140.2 3.5881 1
248.33 244.19 131.45 120.84 4.2028 1
259.31 249.23 117.57 111.45 3.8546 1
239.67 229.12 112.48 97.877 2.4767 1
247.74 256.58 152.69 164.16 3.3587 1
245.73 247.28 244.08 256.54 2.4811 1
251.45 267.61 215.62 227.01 3.6683 1
250.85 263.38 124.9 137.37 3.5623 1
270.45 253.99 279 269.35 2.4524 1
338.36 309.15 338.05 348.06 8.3108 1
313.89 297.79 165.35 335.37 2.856 1
259.31 245.84 171.45 157.38 4.6673 1
301.53 282.21 192.95 168.66 2.9836 1
293.72 300.46 280.34 192.88 3.7366 1
302.93 278.52 169.08 139.63 2.3679 1
259.99 246.49 228.3 214.2 4.7044 1
257.28 269.11 163.96 170.4 2.5999 1
301.23 302.59 186.59 169.2 2.9812 1
309.71 310.54 185.4 169.07 2.3709 1
306.02 306.32 231.63 211.64 1.494 1
229.96 240.67 94.429 108.91 2.7093 1
210.62 230.71 265.73 251.58 8.361 1
272.13 282.41 120.76 140.62 3.4477 1
307.19 308.64 211.67 191.59 2.0405 1
265.02 271.72 114.46 121.54 2.8227 1
247.96 252.66 256.57 264.26 2.3711 1
303.6 304.93 249.18 232.84 1.4796 1
231.71 255.04 197.31 237.34 2.5177 1
276.14 257.88 135.76 112.87 3.7111 1
269.62 290.83 147.5 175.03 2.2885 1
291.45 298.62 175.5 185.73 2.1523 1
465.44 447.77 135.82 138.42 2.5129 1
288.5 298.37 147.1 160 1.9853 1
442.95 427.86 139.74 141.53 2.7768 1
299.89 303.02 291.68 251.64 2.3179 1
496.59 476.72 130.17 133.45 2.0596 1
282.45 269.27 168.21 151.51 1.8088 1
251.01 233.1 235.74 205.24 2.0183 1
291.75 278.83 246.54 226.82 2.1274 1
233.75 244.25 154.37 170.29 1.7787 1
520.28 500.44 126.1 129.5 1.6195 1
527.7 536.85 260.29 240.48 1.3077 1
253.83 232.29 189.32 157.01 1.734 1
232.87 232.87 209.13 244.13 1.25 1
258.79 272.97 191.85 212.81 2.042 1
314.18 297.85 355.86 357.68 2.213 1
