106.57 187.99 17.316 24.018 4.7059 1
638.98 638.99 411.62 147.87 1.2608 1
137.87 574.12 479.01 478.97 1.286 1
167.87 130.35 25.384 21.873 4.3592 1
44.091 1.2085 16.865 10.838 6.0755 1
1.1431 29.275 6.5715 12.113 4.7013 1
30.333 71.62 11.576 13.017 3.3117 1
450.32 442.28 19.174 9.6222 3.3703 1
203.97 223.11 24.914 18.571 3.5724 1
225.32 203.2 21.455 28.848 3.9626 1
193.76 156.62 332.37 176.03 5.7719 1
191.64 202.91 24.604 24.316 2.7862 1
155.51 225.81 176.31 71.918 4.5069 1
70.512 105.49 13.196 18.342 3.8182 1
129.2 44.364 23.331 15.335 5.5901 1
531.53 533.36 17.861 5.447 2.1354 1
205.66 181.51 30.871 27.471 7.5829 1
354.47 353.83 262.7 270.45 3.7374 1
361.44 354.3 185.12 261.64 5.11 1
252.34 230.36 33.35 66.613 3.8176 1
352.41 347.06 302.44 354.17 8.2312 1
476.16 468.58 1.3907 16.348 4.5067 1
387.76 252.76 45.383 32.841 5.9371 1
397.89 366.59 4.4256 5.8864 7.1422 1
353.66 351.18 271.48 301.79 4.3926 1
454.15 441.53 23.142 24.527 4.5612 1
365.71 388.38 157.94 46.474 4.05 1
246.62 264.18 5.305 3.3718 2.2114 1
180.7 167.94 28.636 26.273 4.1427 1
436.59 444.26 7.8018 4.4267 3.432 1
193.64 216.63 13.356 7.8898 3.8255 1
440.41 421.41 25.219 21.483 3.2179 1
224.19 201.71 10.918 13.588 3.134 1
247.82 206.53 36.116 32.894 2.9786 1
207.88 249.1 30.25 33.208 2.589 1
435.36 467.87 27.979 27.446 3.7495 1
468.68 454.8 15.304 19.903 5.1463 1
344.35 191.77 356.42 333.15 9.5923 1
262.87 246.66 1.4545 2.2883 1.5695 1
365.74 358.2 6.0765 1.1257 2.8052 1
158.91 357.72 175.85 200.4 4.7052 1
427.97 425.81 67.869 31.599 3.3885 1
372.73 362.89 135.35 184.38 2.9501 1
386.26 372.51 67.836 197.97 3.4667 1
268.03 247.9 5.2227 8.059 2.4755 1
430.06 433 31.552 69.213 3.2524 1
373.03 356.38 197.7 301.79 3.6046 1
306.59 290.54 5.2681 10.852 2.8239 1
432.88 389.07 70.374 67.416 2.4264 1
319.13 342.88 35.375 35.375 1.25 1
400.39 424.11 65.111 66.838 2.221 1
554.05 534.06 45.94 43.408 1.8519 1
527.82 504.09 41.964 38.072 2.4474 1
589.13 556.62 47.695 46.93 1.7788 1
