271.67 254 302.74 138.87 4.8829 1
638.99 638.99 411.62 149.12 1.2519 1
137.87 574.12 479.02 478.97 1.2931 1
407.81 584.6 217.79 82.251 4.9923 1
575.7 533.35 108.42 239.28 4.4067 1
551.51 546.51 1.262 20.011 5.9573 1
584.65 575.59 83.387 107.64 5.2758 1
494.21 506.48 31.709 18.988 4.5305 1
254.75 445.46 137.88 41.797 4.9667 1
502.1 486.18 29.849 40.349 5.2401 1
459.4 494.27 37.941 34.177 5.2746 1
386.41 271.23 389 302.15 7.5734 1
534.49 391.44 240.73 387.7 6.1632 1
355.33 314.23 10.619 2.3362 4.1604 1
328.01 365.57 1.0472 9.5061 4.1751 1
520.59 525.9 17.941 0.63538 9.0984 1
615.41 608.78 1.1913 19.807 4.2111 1
485.35 464.19 39.929 41.336 3.0751 1
424.49 355.97 30.16 12.986 5.4487 1
507.11 520.23 19.318 14.936 3.5636 1
364.43 452.32 10.486 34.033 5.9281 1
470.45 456.48 28.104 32.411 3.4049 1
455.2 462.89 30.094 25.397 2.5747 1
447.85 424.8 39.198 30.696 4.816 1
256.34 404.58 139.66 219.35 4.6646 1
565.6 472.79 75.86 48.153 6.7937 1
463.82 447.81 44.737 36.746 5.0272 1
546.78 524.29 21.409 20.104 9.9832 1
257.32 271.89 140.3 277.85 2.3384 1
462.85 497.87 24.983 24.671 4.9328 1
494.13 471.62 28.906 27.937 3.5315 1
1.5261 94.005 12.075 0.65009 3.7798 1
582.78 561.84 80.752 75.721 5.5408 1
126.48 1.546 0.4452 15.99 4.5215 1
629.13 606.49 34.053 31.581 3.5921 1
471.84 464.04 48.561 45.612 3.5078 1
510.64 517.26 52.164 31.428 6.7656 1
514.06 501.77 33.206 30.852 3.2128 1
272.56 273.6 280.39 296.66 1.4849 1
469.24 508 43.676 53.626 3.3215 1
521.69 540.39 27.226 28.97 2.173 1
27.936 12.887 3.1355 6.6741 4.2227 1
607.9 639.25 27.503 29.993 4.233 1
558.85 546.22 23.65 30.914 4.1988 1
585.27 574.74 15.453 1.1746 3.4465 1
610.23 585.5 112.13 104.95 2.4006 1
589.1 605.4 101.71 106.54 2.752 1
590.32 614.12 71.918 76.627 2.7087 1
610.44 587.92 80.062 75.174 2.4431 1
574.27 590.57 37.308 33.795 2.0822 1
604.66 600.85 33.851 43.831 3.2262 1
572.9 565.29 1.7024 3.8149 3.6133 1
