270.05 271.9 201.61 147.88 4.4353 1
265.92 270.12 307.94 199.21 4.9963 1
272.01 272.83 140.45 121.62 3.8552 1
273.29 271.73 121.79 113.86 4.1624 1
638.98 638.98 412.87 147.87 1.2548 1
139.12 575.37 479.01 478.97 1.2807 1
420.36 264.08 377.9 309.23 6.4332 1
272.82 403.41 113.48 23.658 5.0193 1
275.3 484.76 114.36 181.06 4.8639 1
493.65 478.83 165.94 203.25 5.3473 1
441.94 422.35 321.68 378.07 10.117 1
479.16 440.76 203.71 320.93 5.5298 1
385.32 356.34 174.31 166.42 3.2838 1
360.3 383.23 171.9 177.74 3.5626 1
403.93 546.26 23.665 58.146 4.1267 1
377.72 355.38 207.12 200.34 3.3323 1
533.54 499.8 97.668 193.12 3.749 1
356.55 374.32 204.37 209.72 2.9981 1
499.78 489.25 193.58 222.13 3.8928 1
263.83 269.07 329.9 312.75 10.193 1
546.83 535.52 59.954 87.932 5.5726 1
275.02 271.1 147.86 255.36 2.2633 1
489.89 446.74 222.66 322.92 4.6071 1
270.89 268.99 260.4 306.62 1.8822 1
414.15 397.81 178.8 177.33 2.8274 1
406.63 387.86 210.12 209.45 1.7357 1
367.87 346.46 266.64 259.62 2.4105 1
480.67 328.04 189.47 139.86 2.5563 1
392.91 375.39 268.49 267.64 2.1148 1
533.75 494.83 85.801 165.72 3.6358 1
275.91 275.17 116.64 140.37 2.1894 1
536.95 533.64 88.75 96.933 3.0345 1
472.95 276.79 212.66 147.38 2.7821 1
346.68 361.62 262.73 267.9 2.3625 1
381.63 364.15 317.77 316.35 2.0546 1
361.34 339.08 316.28 309.28 3.2707 1
338.12 356.41 312.17 318.5 2.3185 1
582.77 538.12 24.329 1.158 2.9923 1
346.42 325.51 198.15 182.7 3.2337 1
277.48 359.47 144.03 171.85 2.4096 1
326.56 314.74 302.94 291.02 2.6723 1
331.97 320.21 252.54 240.54 1.6975 1
343.08 328.11 160.07 150.02 2.8039 1
266.35 267.13 349.21 329 10.424 1
399.13 414.19 180.36 182.35 2.1501 1
606.07 596.16 1.4066 26.442 3.2447 1
350.78 416.6 150.36 171.7 2.6083 1
415.56 436.57 196.08 203.03 1.25 1
380.35 391.1 257.9 266.06 2.71 1
394.14 406.65 212.76 213.86 1.7948 1
418.81 414.9 382.76 393.17 5.8513 1
596.64 585.99 30.339 26.258 4.8439 1
626.62 597.88 30.397 30.519 2.6116 1
602.86 610.79 19.116 1.2538 2.7922 1
330.35 340.37 181.93 182.9 1.7286 1
