638.98 638.98 414.12 147.87 1.2524 1
214.2 211.53 264.11 72.841 5.985 1
137.87 575.37 478.99 478.98 1.2634 1
335.21 214.01 353.1 263.84 5.6958 1
211.66 410.71 71.726 10.202 4.8855 1
545.34 481.64 61.106 219.13 4.7908 1
214.07 382.97 72.985 161.43 6.3226 1
482.2 476.02 219.42 223.79 4.3041 1
382.43 543.05 159.64 61.918 4.361 1
476.94 428.98 225.71 270.31 9.8123 1
343.4 335.42 348.31 357.91 6.914 1
411.19 545.86 10.296 59.94 4.6316 1
373.88 337.65 192.82 350.32 3.5908 1
285.45 314 142.65 152.01 3.5034 1
428.49 349.21 270.94 344.11 7.7717 1
257.41 247.94 266.87 249.09 2.9369 1
386.41 359.67 165.33 280.21 2.9179 1
205.43 218.51 280.44 269.41 8.356 1
317.77 281.52 181.95 170.73 3.3818 1
264.37 256.16 126.45 114.82 3.4841 1
266.16 253.69 161.98 145.71 3.8014 1
210.96 213.44 283.55 276.83 6.2956 1
215.03 216 105.38 164.14 2.0273 1
319.13 284.01 149.11 138.23 3.3306 1
259.12 250.1 216.63 200.53 3.1908 1
300.2 270.13 287.09 276.04 3.4482 1
307.96 276.38 238.86 228.62 3.5025 1
355.27 350.01 297.85 320.29 1.8634 1
284.07 309.03 175.57 183.2 2.6882 1
379.08 382.48 184.11 170.28 2.1497 1
378.65 374.46 170.56 187.95 3.3978 1
214.76 214.87 75.372 97.877 1.3456 1
271.59 296.5 280.48 289.47 3.0686 1
216.74 217.31 217.87 262.88 1.6596 1
279.04 305.02 233.14 241.48 2.5863 1
347.73 352.26 319.09 299.27 1.5296 1
215.86 217 166.61 211.65 1.681 1
369.44 376.95 226.7 193.91 1.9045 1
258.78 269.11 113.27 115.45 3.6698 1
256.46 267.92 144.76 147.68 3.0397 1
250.37 217.77 125.38 106.81 2.1862 1
218.83 240.16 103.38 115.74 2.0512 1
353.1 341.55 350.75 357.75 1.943 1
332.85 326.49 357.81 363.99 6.224 1
