135.37 574.12 478.99 478.98 1.262 1
638.98 638.98 411.63 147.88 1.2503 1
157.06 119.33 222.77 63.779 4.7806 1
440.48 418.91 68.973 231.43 4.7701 1
121.32 364.38 64.004 129.41 5.654 1
418.76 356.5 231.33 307.77 4.2262 1
364.31 437.99 128.11 70.522 6.7126 1
119.49 221.74 62.597 24.442 3.9504 1
320.29 439.95 44.545 68.731 4.6793 1
412.42 411.68 174.1 185.46 2.4948 1
418.24 415.97 125.23 139.22 3.2691 1
341.29 164.83 306.52 230 7.9491 1
581.55 625.37 4.223 1.5602 4.3497 1
366.15 341.07 315.33 305.54 9.06 1
407.81 405.54 217.86 231.85 2.6184 1
399.17 410.78 176.75 172.83 3.1537 1
401.38 416.93 128.24 124 3.7265 1
363.92 363.28 131.62 151.68 3.5097 1
396.31 405.6 219.55 215.96 2.609 1
624.1 579.17 6.186 8.6657 4.5102 1
363.1 357.63 157.89 270.36 4.0495 1
374.56 362.32 148.46 157.56 2.4764 1
639.26 509.51 27.246 -0.18429 4.3829 1
407.88 394.39 190.38 199.51 1.7689 1
349.42 354.41 287.88 135.38 3.0532 1
534.24 639.21 1.0593 22.475 3.7482 1
222.77 319.32 24.636 44.43 3.576 1
412.94 398.99 129.29 135.05 3.2648 1
354.43 354.22 197.87 235.38 1.4031 1
356.6 356.53 156.62 181.62 1.298 1
366.18 399.59 151.09 123.44 2.3905 1
579.12 565.37 3.0356 2.9676 3.7994 1
318.88 165.2 121.28 79.791 2.6061 1
389.13 364.12 313.77 313.76 5.0037 1
390.72 375.13 134.54 147.58 1.9379 1
422.66 434.05 103.87 94.039 1.763 1
352.44 352.81 261.63 282.88 1.5345 1
356.12 355.88 285.37 305.38 1.4663 1
162.54 161.54 250.4 239.02 2.4904 1
