638.98 638.98 412.87 147.87 1.2544 1
135.37 575.37 479.01 478.97 1.2878 1
232.34 231.24 104.27 72.801 7.3648 1
360.58 230.45 353.82 267.76 4.9771 1
231.71 232 266.63 104.13 6.4517 1
233.68 415.85 73.817 159.37 4.9041 1
231 414.88 73.313 5.2929 5.9863 1
552.27 489.14 53.399 214.89 5.1533 1
368.57 355.57 351.77 358.27 9.506 1
305.12 329.17 139.92 147.73 3.1808 1
322.91 299.03 237.76 229.39 2.4201 1
342.82 306.39 181.82 171.17 3.1952 1
388.52 363.1 253.04 351.68 4.4175 1
338.93 303.79 146.08 136.62 3.5769 1
306.57 335.27 174.29 183.22 2.5467 1
485.51 367.44 220.49 351.48 8.3394 1
226.07 234.33 294.85 272.63 11.449 1
415.03 551.31 5.1496 51.296 4.6423 1
299.24 323.92 232.54 240.97 2.3382 1
329.53 341.58 147.51 150.57 3.3464 1
317.2 295.41 287.17 279.04 3.0372 1
291.5 320.09 280.71 291.17 2.549 1
294.01 276.51 130.49 112.99 3.536 1
283.58 269.35 273.27 253.96 2.8581 1
295.23 276.26 166.77 146.97 3.4969 1
289.92 271.83 225.75 203.96 3.8298 1
401.81 256.06 189.99 117.76 2.5873 1
409.12 340.34 166.65 134.2 2.5604 1
345.52 338.53 148.84 145.3 2.8092 1
255.66 237.66 117.32 108.3 2.2434 1
281.47 294.51 125.61 134.19 2.8635 1
414.33 462.14 157.29 121.06 5.3708 1
239.13 253.11 105.36 112.41 2.2598 1
255.08 273.08 113.47 122.45 2.2474 1
403.81 389.37 191.86 250.44 4.091 1
235.38 235.38 221.63 266.63 1.25 1
409.87 405 168.08 185.62 3.8805 1
332.88 346.94 152.87 159.73 1.7253 1
235.38 235.38 169.13 214.13 1.25 1
269.28 238.1 240.12 221.25 2.0817 1
348.9 361.58 160.87 166.72 1.7457 1
235.37 235.37 109.13 164.13 1.25 1
273.97 290.21 203.55 207.33 2.8018 1
368.89 397.73 144.63 158.19 1.7923 1
287.84 269.19 102.96 93.99 1.5393 1
226.96 229.2 308.35 294.97 8.4295 1
236.33 265.26 217.11 234.33 1.7922 1
279.05 291.54 145.63 149.42 3.2262 1
281.49 292.72 113.26 117.09 3.549 1
537.26 548.12 64.635 55.669 3.5196 1
639.39 621.77 12.454 1.3922 3.2991 1
520.57 536.7 76.872 64.215 3.1615 1
508.19 520 85.817 77.358 1.6961 1
