638.98 638.98 414.13 146.63 1.2521 1
136.62 574.12 478.99 478.98 1.2679 1
570.68 485.06 184.33 364.63 5.3364 1
202.74 521.58 42.69 84.499 4.7784 1
522.43 571.19 84.95 185.01 6.5991 1
171.49 143.59 325.39 130.09 6.3644 1
143.27 162.04 130.23 102.32 5.2971 1
482.64 164.4 367.28 328.17 10.683 1
162.03 194.08 99.113 56.278 6.5157 1
193.75 202.21 55.54 42.85 4.8519 1
146.51 461.76 129.97 171.82 4.0699 1
462.71 568 171.76 184.34 4.6131 1
500.45 415.43 84.804 73.697 2.0491 1
639.42 621.12 1.7672 40.136 8.0018 1
529.27 540.38 264.19 240.38 1.433 1
541.61 558.18 237.87 203.02 1.2948 1
