638.98 638.98 414.13 147.88 1.2551 1
136.62 575.37 479 478.97 1.2793 1
172.81 153.55 325.51 131.43 6.3239 1
200.2 510.57 48.106 84.968 5.7586 1
512.46 566.52 86.869 178.67 4.7022 1
563.77 478.91 178.95 354.06 9.2407 1
153.83 165.88 133.26 111.76 6.9385 1
480.42 165.36 356.07 329.29 12.322 1
163.87 182.47 102.6 83.686 8.0358 1
164.99 166.23 111.73 101.28 6.2067 1
181.96 200.98 82.935 48.33 6.7404 1
156.56 460.1 133.46 167.83 5.3685 1
460.3 561.54 167.39 177.52 6.0942 1
175.96 170.34 96.177 104.51 3.1327 1
604.73 591 0.854 34.611 8.7526 1
