468.7 451.68 92.705 260.51 5.2443 1
137.87 575.37 478.99 478.98 1.2619 1
638.98 638.98 412.87 147.87 1.2535 1
212.71 180.85 219.86 76.52 5.8288 1
68.88 66.481 8.8051 1.2729 3.1938 1
62.235 65.577 0.95967 10.303 3.7798 1
451.75 361.83 256.08 319.42 6.3536 1
15.394 20.245 1.179 14.982 3.6018 1
349.88 469.36 149.28 94.898 7.2346 1
24.607 19.508 14.427 1.4741 3.4525 1
45.219 51.71 16.2 17.427 3.1312 1
14.769 11.97 14.525 1.5505 4.3604 1
183.6 350.87 76.601 148.77 8.4647 1
181.53 288.36 75.046 44.569 4.8329 1
79.749 92.473 10.46 4.5151 4.6787 1
322.49 218.29 299.15 225.52 9.9769 1
577.89 639.32 6.1974 8.3001 12.706 1
372.21 321.62 331.42 299.33 13.028 1
130.97 116.37 18.777 24.739 3.9443 1
56.617 1.6134 49.534 48.484 2.9768 1
288.55 437.7 44.917 87.24 6.1089 1
131.11 132.05 9.0477 17.962 3.0106 1
458.34 459.49 166.66 149.15 1.4114 1
452.85 449.79 265.17 284.23 5.5321 1
609.41 579.35 18.486 13.879 7.6028 1
540.45 512.82 8.5829 4.5307 2.8362 1
82.869 64.427 46.586 49.679 3.7059 1
639.16 610.29 17.324 15.46 3.3396 1
66.921 74.088 21.526 42.887 2.7911 1
454.46 455.74 202.9 187.91 1.352 1
573.01 541.5 14.685 8.5357 2.4837 1
131.6 157.83 6.4796 1.3945 2.4543 1
512.89 480.41 5.2438 1.3336 2.7809 1
639.15 609.03 22.586 20.365 2.9529 1
460.08 461.76 146.59 131.64 1.5223 1
114.87 98.677 25.808 35.907 3.7071 1
170.47 144.22 2.1121 7.1144 2.1639 1
94.639 82.947 37.979 45.487 2.7016 1
346.27 345.86 201.63 169.12 1.5672 1
387.81 374.1 329.68 328.05 6.354 1
347.88 347.88 236.63 215.38 1.25 1
