638.98 638.98 412.88 147.88 1.2504 1
520.23 506.24 237.57 300.57 4.6107 1
462.49 454.55 1.4653 82.672 4.4229 1
528.07 526.65 203.9 210.64 3.3021 1
506.65 479.51 298.16 418.65 5.3193 1
525.97 521.11 211.47 232.47 4.2168 1
136.62 575.37 479.01 478.98 1.2746 1
479.22 297.94 420.09 438.53 7.193 1
300.34 313.51 1.6502 20.798 6.376 1
334.96 334.89 1.6232 17.868 3.7816 1
332.2 333.5 20.278 27.981 3.4879 1
299.19 299.22 264.13 205.38 3.7673 1
197.67 193.13 60.43 43.138 3.6881 1
347.22 344.83 1.5591 25.194 4.3458 1
293.63 284.27 28.376 18.981 3.5494 1
317.02 319.75 42.83 66.696 5.394 1
326.41 326.6 51.614 69.125 2.5925 1
407.39 528.4 111.02 202.59 4.3898 1
323.02 323.04 67.876 50.375 2.5133 1
330.47 300.17 34.135 31.889 6.0932 1
287.11 295.97 67.302 77.349 3.9705 1
296.38 296.99 16.563 1.5886 5.3565 1
198.11 200.03 42.702 59.166 3.725 1
203.69 202.24 63.005 44.174 3.5466 1
162.07 159.34 66.798 54.078 3.7544 1
253.28 255.05 47.817 60.244 3.0028 1
181.05 178.51 65.482 51.738 4.5949 1
125.36 134.28 40.381 63.583 5.2056 1
288.46 289.7 1.5676 14.191 3.4633 1
340.47 342.14 24.224 1.4794 5.1695 1
555.24 584.09 1.2184 80.387 3.673 1
245.47 247.16 42.726 57.955 2.8985 1
168.01 166.13 65.542 52.95 2.2268 1
162.61 164.08 51.498 62.881 2.7989 1
250.39 249.59 56.624 41.6 3.0952 1
586.25 559.25 76.312 1.1325 3.5874 1
215.31 207.09 51.678 42.311 4.1229 1
300.38 525.4 209.13 202.6 6.0662 1
321.32 331.67 22.717 2.896 8.9622 1
273.33 270.71 67.985 49.079 2.3428 1
205.55 206.66 42.778 59.123 3.4024 1
295.78 298.85 396.66 265.34 6.2524 1
188.8 185.43 45.308 61.89 5.6272 1
295.11 294.95 439.14 426.63 5.0634 1
285.15 284.65 17.92 1.6089 2.7303 1
304.65 294.95 454.54 437.58 9.6136 1
168.96 180.59 2.1239 5.9707 5.5321 1
275.15 270.01 53.551 44.331 2.9191 1
588.68 587.58 62.726 75.238 3.9556 1
175.48 161.7 49.699 50.479 5.2041 1
357.5 357.02 9.2265 1.5219 7.6416 1
364.4 362.33 1.4922 16.721 5.9647 1
459.41 466.85 72.905 1.5181 3.8338 1
279.75 284.87 17.555 27.491 4.4788 1
162.46 177.74 2.0961 15.524 3.3867 1
284.9 309.15 27.645 40.329 5.4687 1
446.56 457.04 81.779 1.3527 9.8562 1
295.98 295.59 404.24 397.79 7.6351 1
213.18 217.07 1.5054 11.45 3.239 1
295.02 294.01 416.76 405.06 9.0401 1
97.575 114.39 58.048 61.595 4.959 1
271.52 270.13 272.89 111.63 3.6092 1
114.77 110.47 61.775 44.412 6.0663 1
85.953 75.265 52.031 1.3843 7.6754 1
104.08 109.4 44.141 58.243 4.2378 1
122.65 131.6 1.7599 16.64 2.794 1
469.18 459.93 56.655 73.888 3.8147 1
505.54 470.13 0.93295 56.466 3.8181 1
95.243 99.463 6.6701 19.009 3.9834 1
602.03 590.26 0.55276 64.666 10.738 1
294.54 292.44 427.43 413.62 8.9158 1
392.53 392.22 12.885 1.6084 3.8886 1
385.57 386.85 64.02 51.273 5.3414 1
120.18 126.9 57.173 59.61 3.6278 1
100.03 107.57 18.393 23.343 3.1954 1
289.65 271.09 407.8 272.78 4.612 1
232.28 233.77 11.72 1.3933 4.2485 1
247.95 271.68 14.685 17.375 4.5709 1
430.47 415.52 328.25 332.16 2.7912 1
581.65 465.4 78.166 75.503 3.3196 1
297.82 282.59 205.39 152.6 2.7725 1
465.17 512.95 73.559 0.85314 5.5219 1
424.32 411.45 384.79 388.52 2.5928 1
131.73 155.48 14.827 13.6 4.3482 1
105.44 115.52 4.0623 13.975 2.9561 1
1.5648 85.412 63.106 64.953 6.3586 1
320.31 332.84 40.175 39.624 4.0762 1
308.89 319.18 38.693 39.839 3.5886 1
260.27 271.68 7.5149 8.0953 4.2531 1
368.95 379.15 10.597 11.261 5.3143 1
115.55 124.74 14.512 40.154 3.7079 1
86.885 82.076 64.504 51.931 4.5876 1
365.22 381.56 20.769 19.552 6.5113 1
457.8 536.67 79.998 82.94 5.4624 1
157.05 160.92 11.79 1.8358 4.2081 1
109.21 105.44 20.352 6.6063 3.6169 1
124.07 133.6 16.656 34.407 2.6308 1
130.51 119.3 43.303 14.058 3.5992 1
181.41 196.64 4.5825 2.9976 6.7341 1
452.91 428.06 225.55 231.19 2.9406 1
176.56 191.62 13.692 14.129 4.0752 1
594.08 594.38 81.624 70.382 2.7312 1
411.64 425.37 391.68 387.86 1.6295 1
617.77 639.19 69.446 68.811 7.4967 1
134.03 157.92 5.6565 3.2862 5.0894 1
386.65 372.89 390.01 388.99 1.8012 1
196.5 200.17 9.0661 0.96446 2.7904 1
594.1 616.73 68.846 69.54 6.5918 1
241.05 241.43 80.36 65.338 2.5946 1
470.5 479.22 422.19 439.71 7.836 1
241.68 240.34 40.426 9.1267 3.1587 1
316.47 316.86 71.609 97.871 2.8188 1
503.77 513 296.55 255.4 1.7889 1
402.88 389.13 390.85 391.05 1.4075 1
139.11 128.4 35.008 19.628 2.9876 1
271.62 407.88 110.99 111.13 3.8811 1
387.2 384.2 66.529 87.709 5.1258 1
496.11 502.37 331.51 302.76 1.6972 1
417.89 304.11 239.64 243.76 2.5623 1
425.39 407.87 231.23 230.65 1.6219 1
138.35 130.68 81.415 63.989 2.2883 1
410.36 424.11 234.34 235.55 3.1455 1
389.83 388.78 29.09 45.271 6.3179 1
386.64 369.15 366.79 368.21 1.6521 1
389.11 400.39 393.25 393.56 1.4945 1
414.13 397.88 365.38 365.38 1.25 1
382.9 365.35 90.059 90.493 5.3695 1
301.63 402.86 240.55 237.32 2.2598 1
179.16 144.01 95.736 99.164 5.0977 1
330.39 295.11 101.44 98.532 6.729 1
335.4 317.88 371.17 371.83 1.3434 1
447.88 397.88 214.13 214.13 1.25 1
578.86 551.73 75.471 1.5881 2.5385 1
427.98 454.07 234.06 236.06 3.6438 1
302.51 303.06 212.85 236.62 1.2787 1
455.38 515.38 235.47 233.1 2.0875 1
282.17 273.8 150.58 121.72 2.0529 1
426.64 440.41 317.81 320.19 2.4636 1
365.22 349.04 91.989 94.894 7.3819 1
474.96 474.34 435.36 450.44 4.207 1
429.11 414.1 305.21 306.26 1.6845 1
294.47 250.43 97.318 88.839 4.818 1
300.38 300.38 314.13 342.88 1.25 1
487.87 426.63 237.66 239.38 2.0218 1
144.08 137.74 98.015 95.761 3.5398 1
515.37 495.38 236.34 236.74 1.2991 1
301.63 301.63 266.63 285.38 1.25 1
520.38 472.88 211.9 213.11 2.023 1
617.42 625.91 57.746 28.029 1.7183 1
