460.32 437.87 81.446 245.37 5.1536 1
136.62 574.12 479 478.98 1.2737 1
638.98 638.99 411.62 147.87 1.2538 1
355.14 458.88 133.66 81.113 4.5899 1
161.29 355.51 61.256 135.01 5.8568 1
188.88 158.52 212.67 61.245 5.193 1
437.32 353.57 245.94 313.73 4.9041 1
159.24 266.57 59.518 28.939 3.6065 1
559.1 596.76 2.0169 4.7939 5.3541 1
639.21 536.54 13.293 2.4777 3.7294 1
580.45 510.38 13.674 1.5945 4.0771 1
597.71 639.3 4.8509 6.9382 8.8017 1
639.26 581.48 22.085 12.494 3.7236 1
338.7 196.03 310.32 220.59 8.2916 1
429.42 423.78 136.2 148.97 2.7919 1
559.22 626.68 7.1336 16.183 2.5534 1
399.34 413.03 133.46 128.3 1.9712 1
361.75 338.25 322.66 309.42 8.9277 1
627.63 639.19 16.929 18.728 3.1282 1
419.95 414.78 228.95 241.38 2.3082 1
266.3 456.46 29.105 79.733 3.8197 1
420.51 397.91 149.49 157.97 2.4876 1
537.9 557.95 3.9712 7.4476 1.7086 1
426.49 403.94 121.2 128.57 2.376 1
410.34 428.04 138.98 134.82 3.2926 1
371.33 354.33 153.53 162.04 2.24 1
409.01 421.98 187.33 184.54 3.6663 1
446.84 449.81 156.66 136.73 1.5521 1
414.28 395.37 241.9 252.86 2.2718 1
411.56 430.56 113.89 108.51 3.6082 1
441.22 446.83 199.07 157.9 1.8017 1
357.67 399.05 157.49 135.24 2.3883 1
399.31 371.71 138.22 153.03 2.0419 1
77.956 59.331 3.0689 10.867 3.1919 1
345.92 346.28 306.63 141.62 2.5054 1
403.99 416.97 230.97 228.34 3.1808 1
450.38 453.15 134.13 111.66 1.5463 1
355.41 354.81 141.58 156.65 2.8445 1
382.95 360.04 323.62 320.04 5.7894 1
452.89 437.52 91.654 99.695 1.841 1
349.37 348.24 161.63 261.63 2.2159 1
438.35 437.47 256.43 265.46 3.1015 1
347.74 322.87 135.75 126.63 1.9161 1
348.46 348.39 265.37 307.88 1.3216 1
22.939 5.3664 33.199 33.915 3.3908 1
57.332 45.189 12.055 20.095 3.4647 1
354.54 354.05 166.62 214.12 1.522 1
307.67 266.67 120.9 105.26 1.6135 1
