638.97 638.99 412.87 146.62 1.2656 1
255.37 222.88 26.231 26.212 3.7636 1
489.61 476.69 205.44 305.38 4.756 1
495 490.98 166.38 192.97 4.8295 1
476.51 467.79 305.52 375.21 4.807 1
136.62 574.12 479 478.99 1.2606 1
490.65 489.9 193.98 205.34 6.2363 1
469.12 300.69 376.61 421.57 7.9169 1
97.943 50.3 53.378 59.821 4.7213 1
104.18 84.205 8.6318 10.165 2.397 1
194.11 159.13 7.1994 6.5481 1.5988 1
384.1 405.37 62.327 61.488 2.6459 1
304.12 284.12 2.8736 5.3616 2.4809 1
167.9 187.84 59.583 60.201 2.8087 1
355.03 493.68 92.291 163.81 4.5589 1
281.64 301.71 8.0486 6.3521 2.9123 1
112.81 138.35 66.243 61.995 4.9374 1
241.65 256.73 30.542 28.721 3.5731 1
290.34 265.43 42.722 48.144 5.3093 1
400.3 506.7 61.673 55.324 3.1477 1
376.81 377.88 1.6 62.875 6.3143 1
54.016 98.979 75.989 68.272 4.3671 1
276.41 306.82 59.419 52.484 4.5331 1
220.36 241.68 29.441 30.255 2.9749 1
132.88 146.62 10.636 10.304 2.6502 1
237.67 220.49 268.16 105.36 5.0289 1
499.06 382.88 52.944 59.267 3.4133 1
294.27 286.77 349.19 229.12 3.8206 1
265.3 255.28 48.414 49.537 2.8946 1
159.13 194.12 3.961 4.1515 3.92 1
236.54 197.84 50.642 48.414 4.4886 1
254.95 253.5 1.4779 18.039 6.882 1
258.16 275.13 63.934 59.444 4.5141 1
52.895 36.622 12.264 12.779 2.736 1
191.68 178.08 47.369 45.935 2.8353 1
84.123 106.89 6.6117 3.6566 6.6807 1
139.17 151.62 61.944 60.321 3.3956 1
242.69 245.15 45.169 57.918 4.6312 1
229.97 241.18 5.6278 8.629 12.57 1
283.02 491.57 192.73 164.94 5.6146 1
627.7 639.48 57.367 60.074 4.313 1
158.66 139.04 43.052 48.819 6.2809 1
242.56 249.32 11.437 0.23446 9.0047 1
203.05 218.79 20 27.34 4.608 1
51.35 63.408 9.366 6.0828 4.3826 1
286.74 283.46 225.49 192.69 3.7314 1
157.86 195.37 9.5663 10.479 3.8705 1
27.905 40.417 65.039 66.144 3.15 1
506.71 599.18 42.82 36.071 6.2334 1
257.41 270.7 27.225 17.816 4.6748 1
89.147 105.7 14.225 10.581 4.3454 1
200.23 210.57 61.272 62.933 4.2977 1
640.08 625.03 72.611 69.049 8.7383 1
264.42 238.07 338.71 269.05 5.2768 1
11.701 1.5676 47.599 48.392 3.8361 1
42.875 27.876 61.667 61.518 2.5866 1
7.9082 27.911 68.57 69.767 4.9911 1
288.89 281.76 334.14 216.62 2.5618 1
298.4 295.61 425.73 410.11 9.5357 1
41.567 50.477 9.1718 8.7406 5.0546 1
105.8 104.57 47.904 65.493 6.148 1
37.823 66.745 17.461 13.83 4.1826 1
48.014 56.25 73.563 75.624 4.0951 1
130.54 118.12 42.352 45.18 3.7654 1
639.22 593.94 92.549 79.797 4.0315 1
1.6215 15.367 25.565 25.818 3.7494 1
408.84 382.23 0.8691 55.059 3.7723 1
490.91 500.31 40.012 53.776 4.4561 1
44.746 47.673 57.755 72.914 3.9613 1
221.67 354.21 103.45 92.659 3.7376 1
261.64 262.18 7.9794 1.4638 3.8403 1
370.58 371.87 64.181 1.5786 7.3809 1
597.54 639.07 77.846 89.335 3.1007 1
473.84 491.45 1.1783 39.206 3.5318 1
605.68 614.47 25.852 0.86549 8.9295 1
96.726 132.76 98.373 91.055 2.45 1
313.86 272.52 76.864 87.792 4.6948 1
594.23 569.04 72.179 68.412 3.0272 1
171.15 172.77 54.223 41.453 5.1174 1
78.489 88.376 9.4353 13.463 3.9872 1
287.15 273.75 397.67 363.02 5.1488 1
273.69 264.49 362.56 338.98 4.9138 1
296.41 295.08 397.96 375.39 8.0026 1
411.7 402.16 351.78 356.46 2.2658 1
21.707 11.74 49.822 48.346 4.5799 1
97.857 57.949 101.52 108.31 4.0078 1
106.01 113.33 9.7957 2.0565 3.7314 1
295.47 294.48 375.32 349.06 3.5108 1
416.82 401.62 232.32 236.6 2.7449 1
99.512 99.214 65.431 54.156 6.3798 1
125.37 96.7 95.355 100.77 2.6205 1
314.1 367.8 68.745 65.468 2.5417 1
406.51 416.55 21.571 0.97783 5.5609 1
504.84 502.73 1.4307 47.869 10.899 1
12.714 24.389 6.4981 5.1332 5.4016 1
386.15 406.31 58.981 22.022 5.6854 1
499.29 481.27 43.521 1.2429 4.9576 1
574 596.71 66.126 69.885 2.4664 1
65.19 71.802 12.608 5.4411 4.3803 1
271.64 272.93 17.877 9.1333 2.9785 1
412.75 401.28 296.31 300.73 1.9748 1
233.01 167.87 94.2 86.648 3.491 1
290.79 287.63 405.38 397.98 6.8807 1
290.7 289.76 365.36 340.35 2.311 1
402.65 410.76 359.88 356.22 2.5715 1
75.318 89.076 2.2984 3.4607 4.2628 1
458.74 469.21 381.93 391.54 8.1371 1
424.11 289.03 207.74 227.22 2.8074 1
410.37 382.86 63.905 64.728 1.5859 1
627.89 609.12 42.953 43.107 2.6338 1
369.13 316.6 67.92 71.309 2.2133 1
248.92 248.4 59.201 49.098 2.5615 1
384.18 384.9 46.646 1.6174 2.5801 1
421.82 404.22 195.95 201.92 2.8095 1
12.825 21.749 13.268 14.397 2.9508 1
479.95 487.09 255.32 200.44 1.8846 1
255.41 235.32 95.388 94.782 5.4872 1
475.31 479.13 292.87 261.63 1.8465 1
148.78 150.56 6.9124 1.2888 2.5721 1
465.71 467.02 369.15 354.16 1.25 1
508.13 508.09 51.63 44.117 3.7829 1
24.31 21.608 65.341 50.607 8.381 1
591.42 598.16 28.46 1.0808 6.6849 1
264.99 256.11 90.63 95.737 3.0823 1
286.63 286.63 255.38 271.63 1.25 1
312.48 311.24 54 70.346 4.4031 1
400.38 371.62 202.27 202.51 1.4666 1
402.58 417.54 206.22 203.53 4.2567 1
639.67 630.72 16.771 50.131 4.2698 1
296.5 305.4 222.68 221.94 2.4913 1
472.61 474.55 314.23 295.42 1.5872 1
397.9 374.14 237.19 238.16 1.4012 1
622.89 579.15 61.769 65.661 2.9597 1
309.04 357.84 221.01 213.89 2.682 1
465.21 467.59 391.2 404.18 7.6024 1
571.4 597.81 63.898 59.94 3.0923 1
242.78 245.16 65.385 86.649 2.7619 1
310.48 309.77 19.061 31.73 4.0905 1
5.2378 13.716 2.1378 4.4051 5.7991 1
594.12 574.06 42.814 44.626 5.7667 1
321.52 305.7 438.11 430.91 6.2064 1
370.37 400.42 205.44 206.84 2.7289 1
412.88 429.11 222.65 223.22 2.763 1
21.388 38.344 21.75 53.877 3.5924 1
411.62 426.62 285.88 285.95 3.7556 1
427.42 415.36 289.59 296.6 3.87 1
475.28 411.72 175.96 184.82 2.1921 1
361.63 384.12 212.95 210.31 1.7495 1
420.37 430.35 190.16 189.73 2.4977 1
395.4 375.39 302.04 303.19 1.391 1
466.97 466.01 405.29 415.32 2.1024 1
