638.98 638.99 411.62 149.12 1.2588 1
136.62 574.12 479.01 478.97 1.2845 1
264.02 270.3 309.2 104.2 7.2436 1
494.04 432.93 137.09 337.13 7.0058 1
431.66 266.25 337.66 311.46 6.628 1
269.11 320.36 105.31 7.2724 5.7908 1
272.69 491.62 105.41 136.64 4.6026 1
461.33 494.4 26.714 137.04 5.2665 1
378.95 357.66 179.91 175.07 2.2705 1
360.39 371.63 180.23 181.54 1.7133 1
385.21 355.29 147.25 139.46 3.463 1
348.16 375.48 139.54 148.81 2.7892 1
381.42 344.06 241.68 235.78 2.9886 1
334.22 274.06 147.21 138.29 2.3842 1
417.88 385.38 147.53 147.36 2.5067 1
320.23 460.35 6.4474 25.529 4.1006 1
411.63 375.37 180.16 180.33 2.5967 1
385.37 414.12 150.43 150.58 2.5129 1
265.24 265.47 339.12 311.64 6.3006 1
401.54 381.55 238.47 241.03 2.9839 1
479.17 335.38 168.85 147.87 2.6017 1
371.65 339.1 292.71 288.03 2.4627 1
355.15 342.85 138.73 135.47 2.6664 1
357.88 386.63 294.44 294.15 2.4376 1
427.45 430 338.96 351.7 7.5959 1
372.83 401.61 182.32 184.36 2.7583 1
484.19 379.23 144.93 129.63 2.4491 1
362.83 275.49 126.94 113.38 2.2336 1
273.94 320.44 135.34 142.45 2.4016 1
322.85 345.45 143.08 146.04 1.8887 1
347.86 369.1 146.72 150.54 1.7978 1
270.84 269.21 202.85 254.13 1.3063 1
273.12 272.78 117.85 134.12 1.25 1
268.19 267.02 280.39 306.64 1.5266 1
271.26 267.58 329.27 319.72 5.383 1
272.87 272.87 141.63 172.88 1.25 1
404.11 425.35 155.47 158.06 1.6638 1
454.08 422.83 3.9602 2.583 3.4161 1
271.71 271.42 176.63 197.89 1.25 1
