183.6 143.25 269.9 99.989 4.8497 1
140.37 574.12 478.99 478.97 1.2682 1
473.06 466.33 132.68 169.3 5.5692 1
462.62 459.14 191.37 211.84 4.3249 1
638.98 638.99 411.62 147.87 1.2638 1
143.93 474.06 99.281 123.78 5.0114 1
473.42 478.38 117.59 127.02 3.901 1
470.72 471.97 56.66 89.063 4.3204 1
478.41 483.47 92.584 101.98 4.3163 1
459.3 462.25 212.43 221.82 4.0217 1
469.91 462.67 177.03 190.92 5.0115 1
466.69 470.43 169.67 176.6 3.862 1
472.25 473.48 94.024 116.73 3.9843 1
472.23 478.44 88.264 92.603 4.1964 1
483.84 474.41 102.67 115.59 4.5862 1
225.34 470.26 43.546 56.315 4.7509 1
459.24 452.5 225.02 246.51 5.3119 1
453.21 444.15 246.89 300.38 4.3854 1
458.85 301.51 306.56 288.95 10.243 1
505.29 567.83 2.3305 9.5297 3.7339 1
597.9 516.55 13.778 7.6903 4.2311 1
301.38 192.92 288.59 275.01 7.4419 1
516.51 476.76 6.2177 0.6437 3.4116 1
569.09 639.18 8.8321 11.206 3.7699 1
639.16 597.82 14.669 12.867 2.8753 1
151.18 186.07 119.23 266.46 2.0125 1
175.39 149.09 104.76 104.05 3.2382 1
209.15 191.64 107.43 106.43 1.529 1
456.53 459.68 167.86 149.01 1.4321 1
448.94 452.06 217.85 197.94 1.816 1
257.84 210.39 110.89 107.68 2.0047 1
425.38 406.63 56.625 56.625 1.25 1
165.46 185 79.218 61.216 2.0553 1
190.35 177.88 106.87 105.36 1.5414 1
