638.98 638.98 412.87 146.62 1.251 1
136.62 574.12 479 478.97 1.2794 1
287.52 318.39 142.99 167.22 4.4282 1
318.01 557.26 167.01 86.004 5.8739 1
496.2 486.62 249.25 252.87 4.3923 1
559.39 495 85.743 248.98 6.0789 1
207.16 196.04 259.09 72.761 5.7732 1
195.62 434.26 72.914 27.343 5.1332 1
295.73 206.94 360.06 259 4.2236 1
271.84 287.1 131.34 142.67 4.0137 1
276.61 240.03 154.16 140.01 2.5629 1
489.75 467.35 255.35 266.79 12.293 1
271.67 255.33 241.49 235.48 2.2249 1
435.01 560.35 27.435 84.171 4.1714 1
275.45 240.53 185.18 172.46 2.7586 1
304.45 289.74 358.72 364.45 8.6068 1
249.17 274.41 146.5 155.87 2.2101 1
268.84 241.41 289.74 277.1 2.6155 1
467.42 301.48 267.08 360.68 10.252 1
247.95 266.18 112.79 128.17 7.4034 1
233.8 225.19 134.78 114.2 4.0488 1
230.19 227.25 159.16 145.24 2.9632 1
232.89 227.66 219.47 200.43 4.0669 1
230.7 229.36 261.59 248.97 2.8068 1
200.74 247.45 76.154 112.18 3.6745 1
245.22 268.09 281.96 292.41 2.3715 1
227.74 241.71 113.19 118.91 3.2611 1
229.97 246.53 145.39 150.67 3.9525 1
230.02 242.8 247.43 253.04 3.4338 1
228.87 246.64 199.79 206.59 3.949 1
224.5 200.89 126.19 106.02 2.7126 1
246.95 230.39 125.82 119.1 3.0391 1
202.43 217.33 103.4 116.02 2.4887 1
244.7 233.21 232.33 220.06 3.7672 1
192.71 209.21 276.39 264.94 6.6436 1
250.96 234.35 159.15 151.16 3.2521 1
639.11 604.09 19.226 14.344 4.2914 1
240.98 230.45 172.14 158.8 3.3562 1
245.36 258.92 227.91 234.55 1.6207 1
312.59 270.31 199.47 164.2 2.2527 1
240.4 230.76 276.15 260.92 2.9939 1
234.35 240.86 215.2 223.48 2.3881 1
314.94 249.14 175.92 122.86 2.4792 1
264.08 310.52 155.42 193.95 2.6565 1
269.05 315.5 135.47 172.72 2.1439 1
316.45 296.6 169.35 154.16 1.4591 1
244.97 266.74 138.89 147.58 2.1003 1
342.88 322.87 145.17 144.28 1.5787 1
207.29 253.96 209.69 258.04 2.384 1
236.55 209 244.2 215.49 1.8763 1
197.96 201.73 279.79 272.3 4.474 1
324.52 323.59 191.66 201.69 1.6275 1
323.17 311.67 202.76 300.38 2.8495 1
375.45 341.35 151.84 163.3 2.3896 1
233.85 206.36 191.91 165.65 1.7673 1
310.98 308.2 305.44 331.66 2.0913 1
326.3 324.74 174.09 190.43 2.7261 1
347.89 334.11 136.32 135.85 1.5897 1
232.67 254.53 186.84 207.44 1.3464 1
