638.98 638.98 412.87 147.87 1.2567 1
139.12 575.37 479 478.97 1.278 1
213.69 205.2 266.64 80.326 5.1045 1
290.65 330.06 145.02 175.41 4.664 1
567.17 500.88 90.835 255.07 5.0836 1
330.8 564.65 175.32 91.836 6.7267 1
500.97 493.25 255.19 258.71 5.1681 1
304.4 213.96 368.88 266.91 4.6427 1
286.13 290.3 141.89 145.1 4.1855 1
205.67 440.67 80.592 33.106 6.1515 1
240.47 235.3 137.84 121.65 2.7119 1
280.59 285.4 137.62 141.79 6.484 1
495 485.76 261.36 265.09 10.677 1
276.5 280.37 134.27 137.73 3.7313 1
260.77 275.62 122.41 135.09 7.3267 1
241.68 236.01 170.76 153.07 3.5249 1
242.68 235.73 230.43 206.89 3.675 1
326.55 306.66 358.99 370.43 11.651 1
240.3 237.31 274.14 259.24 3.4348 1
259.03 284.06 154.36 164.28 2.8062 1
284.21 253.71 192.64 181.51 2.5703 1
440.89 567.04 33.266 89.747 4.939 1
280.3 249.65 249.31 237.21 3.3054 1
286.52 257.7 161.91 150.84 2.5115 1
487.96 325.84 264.98 359.38 8.6417 1
208.24 260.06 82.403 122.03 4.1476 1
277.33 252.51 297.78 286.15 2.7588 1
238.63 253.23 208.04 213.12 3.6447 1
250.9 240.52 148.68 136.5 3.276 1
337.7 313.45 182.85 361.53 2.9373 1
262.87 282.88 187.88 195.36 2.1864 1
237.57 250.53 121.14 126.24 4.4051 1
238.61 250.42 255.38 260.27 3.2662 1
238.74 252.81 153.02 156.86 3.9468 1
199.78 215.45 289.7 271.69 8.7825 1
254.18 276.46 290.25 300.72 2.2628 1
234.8 211 134.55 114.88 2.7234 1
211.8 233.58 111.41 129.52 2.5709 1
209.13 209.13 84.125 106.63 1.25 1
254.18 242.92 219 214.03 2.6565 1
249.6 243.54 237.57 228.25 3.143 1
253.5 243.17 182.29 171.27 3.0215 1
215.38 215.38 225.38 255.38 1.25 1
212.59 213.97 174.14 209.13 1.7925 1
327.36 331.02 237.81 209.05 2.0305 1
245.07 258.53 169.48 181.06 2.4225 1
324.11 272.64 207.9 165.66 2.3302 1
326.64 285.24 184.11 151.8 2.3074 1
327.94 302.6 177.79 158.24 1.6125 1
315.56 316.68 327.89 315.38 1.8017 1
271.8 320.68 161.41 201.25 2.6156 1
631.47 605.61 23.582 18.038 4.1899 1
283.86 326.62 146.96 180.38 2.1509 1
248.7 216.38 255.79 223.11 1.8465 1
210.16 211.84 116.58 159.12 2.0052 1
321.87 322.64 284.14 270.36 1.8111 1
331.39 334.35 204.28 185.41 2.2023 1
255.43 242.58 163.98 158.58 3.2738 1
217.85 254.25 220.4 257.75 2.0423 1
282.81 260.34 149.21 131.66 2.0013 1
317.84 320.9 310.37 286.69 1.5597 1
325.69 326.73 252.9 240.38 1.7619 1
497.92 494.07 265.39 274.85 2.8861 1
249.32 259.44 201.42 211.31 1.25 1
374.14 342.88 164.17 175.39 1.7498 1
251.52 238.08 207.98 195.16 1.25 1
