542.04 506.6 83.923 230.07 4.601 1
136.62 574.12 479 478.98 1.2691 1
549.17 542.45 56.307 81.843 4.6423 1
638.99 638.98 411.63 146.63 1.2604 1
282.97 550.12 181.82 54.968 5.9225 1
217.91 175.87 269.12 97.447 4.5394 1
504.1 536.93 20.233 14.677 4.153 1
537.82 503 17.601 24.713 4.7264 1
462.1 425.89 11.168 1.0252 3.8506 1
564.01 545.37 1.3052 7.8689 3.6701 1
434.69 487.83 -0.1608 16.771 4.2672 1
536.92 554.64 9.6836 0.25294 3.8268 1
175.89 417.46 96.823 11.704 5.5783 1
543.9 535.84 11.26 16.148 3.6271 1
490.31 503.08 17.122 18.85 3.3811 1
507.71 311.95 231.33 363.36 8.1709 1
306.14 217.81 366.04 269.29 7.5058 1
479.19 462.5 20.23 12.423 5.5152 1
487.05 499.29 16.876 6.8228 4.3795 1
515.29 491.38 8.7652 14.3 4.4086 1
545.65 500.05 41.884 29.022 3.7943 1
500.37 537.88 6.9265 6.8195 3.832 1
500.33 562.81 25.527 43.095 3.3835 1
535.35 516.6 10.762 9.5933 3.2727 1
556.65 543.08 15.252 12.917 3.6957 1
304.09 283.85 360.38 182.91 4.0532 1
499.54 483.17 27.969 22.064 4.8961 1
547.94 559.2 10.087 12.514 3.1395 1
595.45 575.3 4.1396 2.9618 7.1146 1
579.17 546.47 50.173 42.262 3.2722 1
601.35 591.6 10.801 14.061 2.7674 1
566.53 587.94 9.056 10.821 2.608 1
441.92 545.22 18.257 53.324 4.5824 1
181.17 195.95 105.48 166.48 2.0979 1
615.37 639.18 89.154 96.454 3.3148 1
555.8 559.82 38.986 15.071 9.6546 1
639.48 612.99 100.44 92.504 3.3484 1
515.76 537.57 179.22 87.802 2.0988 1
620.52 639.29 21.136 17.486 2.6927 1
505.42 515.07 222.89 181.85 1.9315 1
639.23 621.77 21.041 23.804 2.4693 1
639.22 621.71 63.668 59.972 2.4461 1
592.77 580.32 51.196 49.545 1.9854 1
