537.45 499.97 137.44 282.77 5.2538 1
545.23 538.04 108.74 134.52 4.8954 1
136.62 575.37 478.99 478.98 1.261 1
638.98 638.98 412.88 147.88 1.2521 1
609.13 639.12 72.688 74.216 3.5543 1
448.76 545.66 44.688 108.1 4.4781 1
207.68 205.36 224.44 213.85 4.583 1
180.06 169.62 125.82 88.634 7.3685 1
214.02 211.24 255.67 242.69 4.1915 1
234.87 221.02 358.96 295.24 8.4964 1
205.63 192.77 213.11 157.9 5.3897 1
170.52 448.25 87.599 45.331 5.0259 1
211.17 207.69 241.72 224.9 4.6006 1
522.32 549.53 32.897 44.813 4.0866 1
200.24 542.94 175.93 108.21 4.6334 1
550.41 596.38 44.051 68.34 4.1507 1
221.94 214.12 294.32 256.37 4.2906 1
476.91 522.22 10.951 30.223 4.3095 1
639.15 607.87 77.626 77.032 6.0116 1
508.19 480.02 27.053 16.296 3.4386 1
568.15 520.44 55.94 36.473 4.2322 1
503.87 237.25 285.76 363.22 10.422 1
578.93 562.67 65.101 53.86 4.036 1
191.97 181.81 158.63 125.71 4.3207 1
605.34 639.13 61.739 60.661 3.6285 1
479.94 469.13 16.722 9.1212 3.8986 1
639.13 606.63 64.129 64.281 3.8611 1
605.53 639.27 78.787 93.798 3.4347 1
616.05 584.12 87.616 69.134 4.2717 1
639.72 616.08 97.76 87.502 3.6779 1
521.32 506.05 35.883 26.753 4.9454 1
470.94 468.95 9.2959 1.3549 3.3373 1
205.48 177.5 255.35 126.71 3.7196 1
74.129 1.6094 1.9699 2.867 3.041 1
216.59 205.57 296.3 255.66 3.3139 1
521.55 534.26 186.61 137.91 1.8409 1
510.14 518.36 231.56 199.25 1.582 1
536.08 540.61 130.54 111.68 1.3624 1
