638.98 638.98 412.87 147.87 1.2524 1
137.87 575.37 479.01 478.97 1.2829 1
272.92 275.64 309.26 257.82 5.7848 1
275.99 283.18 257.79 106.76 8.1458 1
506.16 442.03 140.66 338.45 7.617 1
440.42 275.07 340.08 312.15 7.3226 1
276.76 273.04 332 308.24 11.115 1
611.67 639.28 3.606 6.1169 3.5082 1
282.09 330.15 107.48 12.131 6.9369 1
286.26 502.83 107.78 140.66 4.633 1
470.43 506.34 32.018 141.72 6.7603 1
639.15 622.88 2.3017 1.4688 1.6957 1
332.76 470.26 11.193 31.173 3.8589 1
422.83 402.87 182.32 184.1 2.601 1
402.58 365.22 184.45 177.42 3.0776 1
391.63 416.63 186.21 186.31 1.3458 1
391.29 351.85 148.98 137.13 3.3507 1
390.42 424.12 152.15 154.17 2.2185 1
431.6 391.6 151.1 149.71 3.2279 1
375.45 386.78 148.71 150.8 2.2115 1
410.39 375.41 242.33 243.14 3.547 1
399.16 366.63 292.27 294.2 2.652 1
414.02 285.42 161.01 140.07 2.7545 1
520.35 469.09 4.7013 6.9774 4.1345 1
359.15 375.48 142.78 147.5 2.4014 1
366.63 399.18 296.71 295.37 2.3438 1
498.04 411.56 149.31 135.8 2.3953 1
374.23 359.05 241.04 238.29 2.46 1
610.61 599.05 5.2722 3.3018 3.7253 1
391.64 409.08 246.73 243.84 2.0564 1
436.61 436.41 341.58 360.4 8.843 1
452.89 437.85 9.7262 9.4401 2.4995 1
490.43 461.61 172.52 167.98 2.3448 1
361.46 350.35 291.26 289.24 2.4594 1
437.14 424.79 8.2969 5.2106 5.1539 1
460.4 416.67 167.7 161.33 2.3187 1
639.14 620.39 8.8427 7.6504 1.8027 1
364.07 287.88 128.19 115.35 2.0634 1
587.9 547.91 6.3861 1.3633 2.469 1
276.63 276.63 291.63 307.88 1.25 1
287.92 360.35 137.59 149.25 2.3003 1
465.21 453.9 7.0246 9.1951 4.3894 1
284.13 282.52 174.13 201.6 1.25 1
279.12 279.12 256.63 275.38 1.25 1
285.55 283.94 144.14 171.61 1.6871 1
