638.98 638.98 412.88 146.63 1.2521 1
136.62 575.37 478.99 478.98 1.2633 1
532.84 336.52 262.76 316.25 10.693 1
609.01 532.54 86.725 260.93 5.4742 1
285.44 606.81 135.79 87.844 4.886 1
225.41 496.7 43.287 19.96 5.1521 1
238.95 241.43 187.86 165.35 4.423 1
233.66 236.35 102.8 85.332 3.8023 1
235.3 223.47 224.05 44.004 5.2351 1
240.53 244.36 228.23 212.93 5.1539 1
242.97 243.04 172.87 187.87 2.5351 1
235.76 240.37 125.5 110.84 4.5313 1
240.63 240.16 119.14 129.11 2.7323 1
245.14 244.54 220.36 231.65 2.6937 1
290.76 278.17 326.38 331.14 8.6573 1
497.23 608.59 20.219 86.277 4.5772 1
254.71 236.41 268.15 223.7 6.7347 1
246.51 257.67 213.14 217.93 2.2861 1
255 243.04 128.13 117.69 4.2304 1
244.66 257.02 167.53 171.72 3.9247 1
240.09 253.19 82.223 88.466 4.0284 1
336.17 294.48 315.81 327.08 8.5453 1
251.85 225.8 84.818 46.336 3.7263 1
240.58 235.86 140.31 124.74 4.1015 1
281.1 255.01 326.86 268.6 5.7038 1
256.74 246.45 181.49 173.09 3.1631 1
254.63 242.16 96.425 88.302 5.6022 1
244.03 259.65 189.23 203.66 4.1033 1
263.43 241.83 210.93 193.86 5.6312 1
263.05 241.29 155.11 140.89 5.8347 1
282.16 283.73 279.13 137.84 4.9719 1
530.04 541.83 258.98 231.71 1.3672 1
210.39 235.11 244.15 228.7 7.0234 1
240.24 251.83 130.3 143.95 4.2435 1
244.64 251.11 228.82 242.46 3.807 1
241.6 234.78 111.28 101.69 4.6404 1
238.65 257.96 102.26 116.51 3.7109 1
527.82 530.09 269.89 281.44 3.3938 1
242.18 238.84 192.52 187.26 5.4576 1
499.07 456.7 107.5 113.41 2.0448 1
260.51 250.18 252.68 245.67 2.069 1
281.7 282.22 321.61 281.62 2.7925 1
261.68 261.68 114.13 107.88 3.7519 1
280.43 270.56 129.09 112.76 2.3633 1
532.8 505.35 102.37 106.49 1.9793 1
526.99 522.6 279.33 287.17 2.9115 1
306.64 289.19 333.84 332.9 2.6968 1
294.81 293.89 172.9 202.87 1.4789 1
