638.97 638.99 412.87 147.87 1.263 1
287.38 290.34 304.24 252.87 4.7292 1
294.5 298.14 196.72 136.57 5.1789 1
139.12 574.12 479 478.98 1.2635 1
455.4 290.07 332.71 307.35 7.0929 1
290.83 294.36 252.83 196.48 5.0717 1
523.91 456.35 132.38 331.11 5.9364 1
298.58 299.56 135.43 100.42 5.8041 1
288.88 287.45 318.01 302.68 9.4075 1
299.48 339.05 101.25 6.5947 4.6325 1
479.63 523.97 24.429 132.94 4.8527 1
301.58 521.5 101.92 132.5 4.4936 1
446.58 406.59 144.01 142.58 3.439 1
341.6 478.98 5.5551 23.923 3.8826 1
403.9 369.5 141.09 130.4 3.0841 1
401.73 386.44 174.95 171.1 2.4244 1
441.63 402.89 175.69 176.2 2.5163 1
416.61 440.37 146.18 146.74 1.636 1
425.43 404.11 234.83 236.45 2.4928 1
435.5 304 154.54 134.95 2.6541 1
402.82 370.23 236.93 231.17 2.7538 1
375.41 394.22 135.26 141.32 2.724 1
412.9 377.96 286.05 287.44 3.4495 1
404.1 417.87 178.16 179.21 1.8167 1
420.31 435.41 179.71 178.29 1.9064 1
516.69 407.84 141.2 125.65 2.4758 1
297.3 294.2 199.09 250.38 2.0037 1
293.25 292.68 254.1 279.12 1.3647 1
291.85 290.24 281.64 302.86 1.8129 1
301.41 298.05 136.61 195.39 2.1017 1
390.47 411.63 291.01 287.9 2.1098 1
509.07 436.6 164.54 154.32 2.46 1
450.49 452.49 333.87 344.43 6.6066 1
407.86 421.63 238.83 238.01 1.765 1
308.95 332.91 132.83 136.38 2.2901 1
450.65 447.87 342.94 354.78 7.2299 1
302.88 302.88 114.13 130.38 1.25 1
360.3 304.21 118.38 109.85 2.0158 1
466.64 432.9 2.7374 3.2094 2.8494 1
297.31 290.81 328.72 317.86 6.8649 1
290.21 287.64 330.41 318.63 3.6638 1
342.88 385.34 137.83 144.35 2.2766 1
414.37 426.5 227.24 231.94 1.5327 1
321.63 344.2 115.34 118.59 1.7616 1
