85.458 107.87 5.0921 11.645 4.7428 1
139.12 575.37 479 478.98 1.2692 1
105.98 84.882 14.904 8.1691 4.2825 1
638.98 638.99 411.62 147.87 1.2559 1
149.13 109.1 14.462 14.939 2.8276 1
109.08 259.22 9.8125 20.244 5.5603 1
240.5 181.59 21.767 18.532 4.3757 1
569.23 562.32 10.286 2.0973 5.0729 1
269.63 288.13 21.093 16.36 3.9999 1
85.106 72.151 7.2025 0.59372 3.8407 1
226.63 184.33 329.7 173.39 6.2154 1
293.94 273.14 17.353 24.864 4.4075 1
373.04 225.46 365.93 330.02 7.9183 1
288.64 295.68 16.116 9.4418 3.5343 1
398.1 440.19 156.71 42.807 5.2507 1
180.49 140.52 19.204 15.19 5.2198 1
183.08 278.99 174.07 57.54 5.4586 1
261.67 270.47 20.938 20.175 2.9229 1
437.92 302.84 41.041 29.58 5.1934 1
379.9 375.94 340.72 364.22 9.2513 1
273.08 241.39 27.575 23.38 5.6862 1
554.06 504.16 3.3784 4.4144 5.4659 1
593.68 593.88 1.611 12.879 3.7925 1
591.71 545.44 16.025 18.07 4.6846 1
299.2 274.06 30.61 28.779 3.2199 1
294.07 267.79 6.3219 11.168 3.1037 1
438.06 425.43 62.894 182.88 4.1226 1
266.26 294.19 8.408 3.2478 4.1813 1
546.62 590.38 21.501 21.262 3.7568 1
441.61 438.24 44.121 62.714 2.9055 1
276.59 314.11 26.108 28.097 2.7611 1
186.46 380.25 173.85 206.11 4.3075 1
506.6 549.14 7.6138 8.521 3.6958 1
381.79 376.65 206.58 339.17 4.7351 1
427.04 383.63 183.68 340.93 5.7171 1
591.87 572.15 7.8483 11.762 8.3392 1
505.42 503.2 17.819 65.273 3.8433 1
498.33 500.47 64.149 24.197 3.1649 1
335.37 317.88 1.5909 1.6774 0.69298 1
502.89 476.59 66.286 64.81 3.3364 1
475.42 455.34 64.69 63.483 1.745 1
379.15 366.62 29.433 30.307 1.6823 1
455.42 495.36 59.865 63.052 2.2933 1
405.36 380.39 33.105 31.398 1.6732 1
385.37 399.15 29.191 29.862 1.6737 1
316.05 315.04 20.432 10.284 3.979 1
332.88 354.13 29.125 29.125 1.25 1
