136.62 575.37 478.99 478.98 1.265 1
638.97 639 411.62 149.12 1.2773 1
200.4 158.62 331.34 147.71 5.1012 1
519.63 483.67 158.65 309.02 4.7047 1
526.45 519.88 130.03 157.11 6.1093 1
158.6 183.91 148.54 71.966 4.7272 1
184.23 467.95 71.534 59.555 5.0814 1
467.91 526.31 58.885 129.39 4.6683 1
520.39 404.11 3.8283 2.5928 2.7669 1
577.88 612.5 36.608 53.635 3.4381 1
499.46 278.88 312.04 329.79 11.757 1
611.68 639.24 55.292 73.958 4.4075 1
278.08 200.4 329.95 333.38 10.762 1
430.38 480.38 1.625 1.625 1.25 1
639.96 622.47 77.462 68.696 3.9151 1
560.64 527.9 10.239 3.9891 3.7394 1
606.9 578.86 54.811 40.919 3.9257 1
527.92 563 1.3341 7.0855 3.5387 1
623.31 604.65 68.948 54.694 6.1944 1
573.23 561.43 17.225 10.728 3.3957 1
561.28 571.88 7.3509 12.344 3.1981 1
578.61 571.94 40.774 35.005 3.6537 1
161.55 522.92 148.86 130.06 5.1956 1
578.54 575.93 19.005 31.739 3.7051 1
572.23 574.05 34.22 22.667 3.634 1
37.877 1.618 1.8106 2.1715 1.4988 1
174.91 180.34 204.23 227.88 1.5991 1
180.99 188.22 230.52 262.8 1.8764 1
162.7 174.29 151.67 201.59 2.0442 1
506.03 516.35 202.73 159.06 1.6167 1
497.53 503.26 237.79 214.22 1.6072 1
391.63 366.63 66.625 66.625 1.25 1
486.71 467.98 86.551 64.034 1.4459 1
351.61 327.86 67.538 68.907 1.5357 1
