638.98 638.98 412.88 147.88 1.2513 1
137.87 574.12 479 478.97 1.2732 1
218.12 214.29 274.15 119.09 4.6258 1
214.56 213.22 116.77 86.554 6.0772 1
216.29 366.07 88.432 177.97 5.1546 1
328.5 217.57 369.65 274.28 4.8268 1
366.41 557.25 177.44 82.883 5.3559 1
214.22 427.92 86.986 29.294 5.02 1
559.19 494.97 83.133 240.95 6.0045 1
278.97 311.59 158.35 169.24 2.7693 1
256.91 251.74 138.97 129.06 2.8906 1
258.58 250.03 174.41 158.06 2.8952 1
427.42 559.19 29.048 80.198 4.1787 1
311.74 278.79 166.28 155.11 2.8889 1
308.9 272.74 197.32 185.79 3.09 1
254.72 249.06 228.14 214.15 3.7247 1
276.75 309.08 190 200.53 2.4326 1
255.26 247.58 280.92 261.74 3.0134 1
341.07 333.05 362.23 369.12 7.729 1
250.24 258.21 136.62 143.75 2.379 1
302.79 266.32 254.37 241.23 2.7307 1
486.95 338.48 249.54 365.08 9.4953 1
371.94 337.33 182.69 361.52 2.8508 1
294.31 262.72 301.18 288.25 2.8975 1
218.94 219.68 179.13 222.89 1.5246 1
270.11 296.69 294.79 305.2 2.6281 1
589.05 611.7 11.053 13.411 1.9687 1
272.8 300.44 246.83 256.43 2.3121 1
216.59 217.13 90.376 114.14 1.6161 1
218.82 235.44 117.59 127.77 3.3322 1
256.66 218.83 145.32 120.84 2.5932 1
609.17 550.3 16.314 8.4683 3.6351 1
208.1 221.74 291.67 280.07 8.1801 1
219.03 219.29 151.63 176.64 1.2757 1
265.27 255.45 240.47 228.87 2.9399 1
365.4 368.52 202.88 184.03 2.2617 1
354.88 362.28 256.53 217.76 2.5107 1
216.94 218.42 120.36 146.66 1.7384 1
614.13 627.88 14.546 14.446 2.5632 1
211.64 215.26 300.71 286.92 6.4226 1
250.19 266.82 262.23 267.24 3.2303 1
253.79 268.18 127.84 131.76 4.6041 1
253.76 270.4 159.09 164.04 3.5943 1
267.07 257.53 149.97 139.44 2.1973 1
219.98 221.48 230.35 274.13 1.8504 1
235.75 249.55 128.5 136.75 2.7721 1
295.42 281.9 170.3 161.21 1.752 1
290.45 261.6 136.5 119.17 1.5067 1
340.43 292.87 166.53 137.89 1.5458 1
349.1 352.72 287.87 266.6 2.281 1
251.19 264.37 214.26 218.35 3.8693 1
271.53 259.61 185.48 174.83 2.3995 1
359.36 348.71 211.43 268.03 2.8601 1
361.6 342.8 179.16 168 1.2763 1
257.9 221.62 257.84 229.13 2.2444 1
337.28 346.47 347.76 300.34 2.1787 1
348.59 330.29 269.02 365.36 3.1443 1
360.9 305.22 185.77 151.89 2.272 1
356.58 297.8 209.2 171.74 2.0155 1
306.22 312.03 155.67 163.5 2.4933 1
270.43 251.6 130.28 119.17 1.2702 1
363.41 360.27 187.75 205.58 3.0435 1
625.39 611.62 17.354 16.999 1.5396 1
220.2 265.5 224.35 260.22 2.2881 1
275.35 260.32 139.21 134.29 2.0316 1
