472.71 452.95 86.454 249.13 5.2069 1
136.63 574.13 478.99 478.99 1.2511 1
638.97 638.99 411.62 146.62 1.2641 1
212.97 183.12 211.35 63.823 4.3469 1
357.88 470.97 137.88 86.701 4.88 1
453.4 361.34 249.34 313.71 5.079 1
186.14 357.88 65.255 139.11 4.5147 1
288.91 472.62 33.612 86.254 3.823 1
23.124 32.989 6.2451 12.7 4.1451 1
184.39 289.19 63.804 34.362 4.0846 1
374.1 218.32 327.71 217.97 8.7991 1
639.13 594.06 14.063 9.8222 3.573 1
579.13 639.19 1.3467 3.3283 3.8304 1
590.75 577.8 7.7857 5.9018 7.6018 1
639.13 590.29 7.7855 3.959 2.613 1
576.9 548.01 6.403 0.9132 3.5736 1
423.99 370.65 133.85 159.69 1.989 1
434.86 430.31 190.14 200.35 2.6672 1
453.93 466.28 216.6 115.33 2.0911 1
421.44 438 143.29 139.69 3.1337 1
439.48 432.5 141.08 152.65 3.0069 1
428.19 405.69 127.57 135.07 2.3765 1
422.02 406.88 205.14 211.03 2.3946 1
359.86 406.29 161.78 139.67 2.5778 1
426.39 407.94 243.72 254.24 2.4906 1
353.4 350.48 307.89 144.12 3.4383 1
419.08 433.03 191.38 188.69 2.9287 1
450.58 453.41 246.65 220.43 1.7802 1
129.08 108.14 7.7726 16.054 3.5135 1
354.18 354.7 165.37 260.38 1.6673 1
412.71 428.11 234.32 231.91 4.4765 1
395.25 368.98 324.79 319.92 5.599 1
415.37 439.39 120.37 113.86 3.9464 1
355.49 272.97 141.36 106.41 2.2289 1
202.72 208.02 145.41 171.6 1.7663 1
592.86 639.07 6.768 11 1.9383 1
196.7 200.03 115.36 132.94 1.6936 1
452.41 451.81 260.32 279.13 5.5185 1
190.67 193.99 86.566 102.9 1.474 1
61.693 69.968 6.5987 28.032 4.2142 1
448 425.53 104.4 114.47 1.8095 1
71.625 1.625 37.782 37.865 2.5795 1
430.63 416.58 145.04 148.98 2.2151 1
108.44 95.157 16.908 26.317 4.2077 1
358.49 358.41 147.87 160.38 1.3365 1
80.768 71.39 35.316 38.412 2.7658 1
439.02 456.64 123.91 115.41 1.7075 1
394.26 407.69 246.82 237.61 1.678 1
92.679 80.995 26.343 34.47 2.4537 1
