638.98 638.98 412.87 147.87 1.2541 1
136.62 575.37 479 478.97 1.2781 1
333.53 565.81 177.44 95.351 5.2726 1
291.53 332.07 146.37 177.29 5.1689 1
214.14 208.27 266.67 111.56 5.7668 1
208.08 206.88 109.12 82.806 4.6618 1
568.25 501.24 94.497 256.98 4.825 1
206.88 441.83 82.911 36.41 4.8155 1
304.53 213.69 368.76 267.15 4.3206 1
269.63 290.84 130.94 146.45 8.2246 1
289.03 252.46 164.37 150.19 2.592 1
286.35 256.71 194.88 183.91 2.7785 1
261.19 288.97 156.51 167.05 2.7408 1
325.95 307.69 361.44 371.28 11.434 1
240.86 238.11 166.51 155.32 3.0247 1
211.96 269.69 86.179 130.03 4.2207 1
238.44 238.05 217.85 209.12 2.0953 1
442.28 567.17 36.705 92.92 4.1045 1
240.53 237.92 272.85 257.87 3.0494 1
282.93 254.15 251.49 240.3 2.5243 1
262.94 280.31 246.46 253.06 2.1742 1
492.18 325.64 264.53 361.17 9.2713 1
214.19 239.36 114.05 135.09 2.4051 1
278.54 255.12 299.16 288.44 2.8326 1
252.02 238.24 240.9 218.42 4.3681 1
253.94 276.71 290.77 301.43 2.1201 1
240.19 255.41 209.62 215.28 3.5148 1
240.05 250.49 257.5 261.31 3.6354 1
251.21 241.11 181.02 167 2.759 1
340.18 322.01 184.1 311.68 3.0196 1
240.24 258.07 154.5 161.09 3.6452 1
240.05 255.54 123.67 129.98 4.2022 1
235.92 212.68 135.97 116.87 2.6588 1
251.85 240.85 150.2 135.98 2.6489 1
204.84 216.44 282.52 273.26 8.9897 1
321.27 314.65 315.51 360.45 2.1744 1
630.22 600.04 26.264 21.044 3.8616 1
362.57 349.24 170.79 175.69 2.2697 1
248.05 261.19 230.48 240.92 1.8881 1
330.58 291.66 180.1 150.32 1.6922 1
258.95 243.62 223.2 215.07 2.3419 1
329.31 289.94 186.38 155.94 2.4361 1
245.93 263.45 171.26 184.98 2.4765 1
283.94 262.83 150.62 134.19 1.8663 1
410.4 362.94 154.21 170.57 1.9967 1
326.7 265.49 210.28 160.23 2.2033 1
260.46 245.18 167.67 160.82 3.1859 1
243.93 256.38 136.82 149.37 1.1861 1
334.22 336.71 204.14 186.64 2.2989 1
212.63 213.37 135.38 167.89 1.4202 1
215.38 215.38 191.63 215.38 1.25 1
321.36 324.68 296.59 271.7 1.9822 1
327.36 333.32 254.05 210.26 2.5355 1
279.15 312.36 167.85 194.76 2.5943 1
210.56 211.11 95.368 109.15 1.6443 1
219.53 247.29 222.48 250.94 2.2847 1
296.16 332.33 157.24 184.84 2.1968 1
245.2 216.45 253.04 223.04 2.1461 1
257.02 245.9 135.8 130.52 2.9099 1
244.11 268.03 116.64 135.18 1.8516 1
312.99 325.28 195.23 205.49 1.7607 1
252.8 215.08 209.21 174.44 1.9813 1
239.06 261.92 192.94 213.81 1.6463 1
