119.71 369.26 73.188 132.29 5.1204 1
136.62 574.12 478.99 478.98 1.2605 1
638.99 638.98 411.63 150.38 1.2607 1
158.6 118.61 230.19 73.937 4.6717 1
375.52 157.35 318.21 232.96 9.4568 1
438.49 420.11 71.409 231.6 4.4631 1
217.78 438.77 32.136 71.128 4.1996 1
420.32 363.13 230.66 308.4 4.3389 1
379.81 405.71 121.18 99.295 5.0558 1
368.4 379.31 130.99 121.63 3.9356 1
639.22 488.23 28.607 -0.24682 3.8953 1
509.31 639.34 0.63411 25.488 3.377 1
418.26 418.19 126.62 139.13 2.5484 1
566.49 607.89 4.6126 1.7802 4.903 1
414.1 412.95 175.37 189.13 3.4238 1
402.52 416.76 130.56 125.78 3.5644 1
405.65 412.19 99.507 93.393 6.2134 1
421.57 419.27 101.39 114.37 3.0366 1
409.57 409.47 216.62 229.14 2.5798 1
399.12 411.96 179.12 173.67 3.2783 1
414.3 404.05 130.79 135.19 2.6581 1
606.59 564.12 6.1171 8.9922 4.3976 1
403.87 419.49 104.14 100.92 3.7488 1
405.57 410.9 192.99 184.45 2.4201 1
412.18 398.11 189.5 200.67 1.4853 1
121.8 216.89 70.816 32.283 3.7557 1
417.03 400.41 105.46 110.5 3.4806 1
368.38 367.89 134.11 154.16 2.8909 1
409.04 400.05 178.96 183.48 2.8096 1
411.96 434.53 94.127 74.588 6.3613 1
367.76 363.95 160.32 261.67 4.527 1
164.28 161.69 252.07 238.33 4.612 1
562.74 550.22 2.3789 3.3695 3.8369 1
422.62 433.18 105.09 95.723 2.0809 1
369.65 397.63 154.59 128.86 2.6123 1
297.97 285.37 118.5 116.63 3.1591 1
285.07 124.24 116.64 77.411 3.9117 1
317.8 302.65 123.25 120.26 2.4528 1
393.85 376.86 136.32 151.88 2.1532 1
396.63 371.63 313.32 313.35 5.0128 1
123.88 135.8 82.938 129.01 1.7106 1
365.28 318.03 134.55 123.48 2.0725 1
402 393.6 109.28 115.96 3.3117 1
357.31 358.72 206.61 137.87 2.371 1
432.91 414.54 82.917 99.582 1.7012 1
355.69 357.24 275.38 209.11 2.0322 1
363.8 361.94 264.11 305.39 2.4975 1
