137.87 574.12 478.99 478.98 1.2582 1
638.98 638.99 412.87 147.87 1.2512 1
203.9 161 353.88 171.48 5.0885 1
527.04 490.4 169.86 318.19 4.6122 1
534.04 527.61 141.3 167.81 4.8227 1
497.13 205.72 321.94 358.14 9.5239 1
161.22 175.73 171.99 89.407 4.8583 1
176.66 463 89.599 69.736 5.3417 1
588.07 639.68 61.156 88.064 4.8223 1
463.7 534.18 69.54 140.32 5.3033 1
640.93 595.11 93.09 69.639 6.0545 1
548.82 588.91 38.5 58.312 4.561 1
579.89 548.15 57.643 42.406 4.2806 1
544.64 545.55 37.909 24.136 3.4126 1
335.31 425.38 2.7242 7.7842 4.1087 1
417.94 299.11 10.285 4.3491 3.81 1
489.1 419.08 8.1819 9.8246 3.4668 1
539.82 549.63 14.491 22.238 3.1479 1
549.28 544.94 42.722 38.319 3.5619 1
426.61 506.62 6.0897 5.6313 4.0579 1
164.01 530.43 172.86 140.98 4.3375 1
548.8 548.61 22.846 32.865 3.726 1
277.88 80.337 3.0411 9.1586 5.0476 1
547.25 523.28 22.724 11.972 4.4031 1
522.82 488.06 12.113 8.5324 3.9489 1
304.12 334.16 1.9314 2.7115 2.5641 1
506.5 539.2 5.8836 13.796 3.7622 1
216.63 302.88 1.5909 1.6702 1.2511 1
594.73 578.8 69.552 57.864 5.3071 1
297.91 279.08 4.7242 3.8337 3.0878 1
29.133 1.5061 10.5 12.286 5.6348 1
182.84 215.36 3.6788 1.4436 1.7227 1
79.213 30.337 9.8376 12.038 4.0956 1
24.13 146.68 7.9933 2.9425 3.1942 1
7.8775 17.877 5.0008 4.972 3.768 1
189.11 156.62 1.3603 2.8085 1.861 1
190.94 205.93 284.28 349.29 2.0604 1
178.83 190.4 232.94 281.62 1.9144 1
172.66 178.3 206.68 230.27 1.9552 1
511.35 523.37 220.31 171.75 1.5871 1
162.88 181.63 4.125 4.125 1.25 1
