638.97 639 411.62 149.12 1.2717 1
136.62 572.87 479.01 478.98 1.279 1
465.52 440.69 165.19 312.93 4.3895 1
280.3 267.88 10.5 2.8632 4.0139 1
441.67 306.71 314.25 361.87 7.4252 1
24.27 44.535 88.314 81.615 4.3355 1
338.4 465.8 39.866 164.97 5.126 1
47.029 54.051 23.263 38.586 3.6938 1
267.92 261.37 4.1881 8.7606 4.5059 1
46.058 42.475 40.245 21.463 4.8545 1
283 272.77 13.166 17.627 3.1436 1
293.82 283.19 4.3162 12.975 10.013 1
42.893 12.844 90.49 95.178 6.8324 1
1.4027 21.434 92.879 89.306 3.4723 1
74.391 83.44 6.0927 31.865 7.6793 1
145.18 123.11 20.677 25.269 3.0069 1
209.65 251.93 65.104 146.47 4.6198 1
215.84 203.33 10.291 15.263 7.4314 1
271.68 252.91 18.544 19.109 4.1242 1
44.157 50.927 50.398 41.116 2.5495 1
203.93 196.39 15.146 16.158 5.2884 1
44.11 54.525 81.707 72.056 3.4657 1
60.479 56.173 44.106 20.009 5.3618 1
55.73 44.163 19.675 0.83422 3.607 1
56.107 38.687 34.998 1.2062 2.8982 1
240.12 233.58 213.86 189.27 4.8322 1
304.26 298.61 359.09 339.44 8.5899 1
233.93 209.97 188.91 68.957 3.9351 1
57.735 46.887 72.744 84.369 2.9252 1
138.68 177.62 17.469 8.0657 5.8688 1
260.48 338.15 54.671 39.276 4.009 1
35.263 44.709 1.0415 19.467 2.9356 1
288.11 350.27 213.76 197.47 3.8287 1
270.63 296.82 21.241 13.55 3.8074 1
165.48 191.59 12.299 16.84 2.9989 1
260.43 247.9 8.3106 8.7041 2.5773 1
302.73 288.45 337.89 215.31 3.7248 1
69.229 85.579 50.66 44.683 2.5748 1
18.05 33.93 74.421 65.045 3.1259 1
191.69 165.38 20.026 15.351 3.0362 1
12.772 1.39 95.841 97.336 5.1202 1
54.907 57.356 61.451 72.433 3.8003 1
139.09 109.28 70.23 78.441 3.2468 1
164.11 145.27 15.304 19.957 2.4559 1
161.62 207.87 2.861 2.7847 2.5638 1
92.923 127.89 79.315 70.451 2.7136 1
109.72 104.25 11.971 1.5592 3.4306 1
251.43 210.63 56.823 64.273 4.0206 1
295.66 240.97 339.71 213.87 4.69 1
46.75 26.923 64.438 72.37 2.7854 1
181.67 160.35 5.1275 6.1588 3.101 1
123.32 99.343 41.371 52.111 2.8282 1
113.72 114.98 1.5165 11.355 6.3582 1
263.62 287.28 22.176 47.256 2.3684 1
110.18 86.707 78.214 83.257 2.2724 1
283.4 263.49 48.552 27.297 3.0832 1
350.47 364.38 197.08 194.08 2.8066 1
56.625 44.001 90.373 91.56 2.7231 1
98.05 119.12 49.528 40.365 2.4419 1
128.14 146.83 69.885 63.459 1.6632 1
36.998 12.982 17.754 25.698 7.1296 1
366.69 463.19 193.12 166.51 2.6144 1
12.495 1.4079 25.259 28.345 4.2829 1
438.25 461.2 309.19 171.55 1.854 1
1.6779 31.604 5.9164 8.1517 3.0517 1
91.629 106.65 21.696 20.814 1.7606 1
19.099 1.5107 13.246 12.035 5.5896 1
