474.2 433.81 165.1 338.76 6.089 1
638.98 638.98 412.88 149.13 1.2505 1
137.87 574.12 478.99 478.99 1.2549 1
286.84 287.41 1.5303 10.405 3.9837 1
520.29 639.47 21.951 52.808 5.8887 1
434.04 302.77 338.89 388.86 5.8768 1
308.86 472.03 197.82 164.9 5.0607 1
317.51 473.38 73.506 164.16 4.7965 1
202.57 191.51 237.9 84.044 4.5164 1
155.23 156.03 1.6014 39.164 4.759 1
599.09 586.5 1.1888 38.257 4.1112 1
582.79 594.6 36.598 1.3659 4.0041 1
640.62 518.63 66.204 32.628 10.437 1
122.99 121.87 1.4994 11.652 3.5891 1
278.62 279.33 12.922 1.5596 2.8867 1
574.13 554.13 65.361 61.597 4.4513 1
195 309.14 87.018 196.61 4.9041 1
525.71 521.54 1.4091 19.106 3.0777 1
121.88 129.67 12.214 15.199 4.4875 1
289.11 410.39 10.415 9.218 3.0588 1
297.15 206.16 388.79 247.37 6.4389 1
639.37 573.94 85.767 67.273 3.5027 1
553.1 527.78 61.979 55.753 2.9855 1
309.63 298.42 399.88 388.56 7.9763 1
295.79 304.41 379.15 201.64 2.9468 1
400.37 295.37 6.0162 6.7739 3.1132 1
305.59 300.5 226.64 332.88 2.4468 1
575.27 639.17 64.495 82.7 2.761 1
526.89 491.4 55.997 40.902 3.9929 1
192.87 318.04 84.088 73.542 5.3745 1
470.23 519.06 22.359 18.343 3.3438 1
518.87 557.93 50.116 60.181 2.919 1
300.95 302.92 385.45 336.63 3.4446 1
406.86 380.63 278.58 287.38 3.1939 1
516.63 475.38 21.739 24.187 2.7178 1
406.78 388.19 228.52 232.93 2.95 1
490.45 468.08 32.584 27.06 3.0413 1
300.53 298.13 335.38 381.57 2.093 1
417.16 398.27 197.1 202.92 3.0307 1
327.83 310.26 223.9 227.3 2.4544 1
306.66 306.53 201.63 217.87 1.26 1
466.73 401.67 173.4 186.87 2.4054 1
495.32 517.83 39.247 49.222 2.7785 1
303.42 305.57 331.59 286.57 2.7357 1
475.49 491.49 26.097 29.718 2.5532 1
416.51 328.95 203.6 223.33 2.5934 1
516.62 501.62 2.6587 2.7319 2.5487 1
305.81 308.72 284.15 225.36 2.6208 1
382.88 362.89 232.63 232.23 1.5513 1
401.63 421.61 216.18 216.41 2.6162 1
221.34 182.25 24.386 35.715 5.0814 1
369.12 350.38 334.16 333.86 1.4469 1
429.01 417.54 191.34 195.76 3.6816 1
431.55 427.81 350.09 367.59 5.4124 1
310.17 380.37 224.45 209.12 2.6249 1
381.59 369.13 203.55 202.85 2.1516 1
375.32 355.39 287.58 286.39 2.2718 1
444.03 452.39 281.6 245.26 1.5866 1
413.11 406.93 269.55 277.1 2.5408 1
400.37 427.88 188.5 188.45 3.7698 1
391.62 411.63 268.77 268.35 2.7345 1
423.39 414.25 217.08 225.51 3.0487 1
325.54 309.14 406.3 397.84 6.7353 1
60.158 57.429 17.911 1.4914 3.081 1
221.92 221.6 1.6024 15.374 3.8376 1
308.57 308.79 221.62 200.37 1.4686 1
453.04 459.6 241.66 214.24 1.693 1
384.1 402.93 314.94 314.05 2.9121 1
359.11 371.61 289.22 290.54 1.769 1
163.91 147.94 44.498 42.408 5.282 1
129.21 114.11 39.231 38.071 2.8773 1
396.63 372.88 11.625 11.625 1.25 1
142.88 129.96 41.614 38.174 4.9897 1
