136.62 575.37 478.99 478.98 1.2572 1
638.97 638.99 414.12 146.62 1.2649 1
222.93 196.65 246.62 71.433 5.442 1
608.46 534.36 122.09 302.46 4.5929 1
443.93 219.95 406.9 246.72 10.173 1
323.39 607.43 23.799 120.44 5.8536 1
197.75 323.89 71.29 24.357 6.1822 1
199.05 502.13 73.041 218.19 4.983 1
505.05 448.07 216.53 400.43 4.3722 1
534.57 448.75 301.8 404.01 6.7919 1
10.243 19.105 35.516 35.019 6.5198 1
45.367 52.162 1.15 18.92 3.9491 1
23.024 15.171 23.923 18.153 2.9851 1
19.572 6.7687 42.906 47.067 11.026 1
62.889 51.753 27.639 26.977 4.1887 1
170.71 95.666 77.133 43.476 3.774 1
28.864 18.352 36.223 43.039 10.005 1
97.099 175.69 39.599 74.96 4.1027 1
48.366 41.218 18.195 1.269 2.9178 1
39.296 22.749 25.85 22.196 4.8824 1
209.03 207.05 114.11 126.49 2.8636 1
211.48 209.69 124.26 139.19 2.7791 1
212.42 214.49 140.41 165.34 3.3229 1
176.35 160.65 77.186 83.561 3.9447 1
598.6 554.64 131.07 172.08 3.2269 1
553.46 505.46 173.5 217.87 3.8948 1
16.098 10.616 11.903 1.4981 2.2712 1
158.8 134.09 84.518 94.033 2.6956 1
146.54 163.98 83.894 77.479 2.6562 1
