192.9 156.27 244.12 88.913 4.8407 1
136.62 574.12 478.99 478.98 1.2544 1
638.98 638.99 412.87 147.87 1.2581 1
157.65 424.08 89.268 133.13 5.35 1
472.42 465.51 72.671 130.39 4.4228 1
463.56 459.44 145.3 177.91 4.1905 1
462.31 463.45 130.51 145.52 8.14 1
457.27 456.92 177.86 195.41 7.6228 1
457.01 452.99 196.52 228.99 3.8879 1
450.72 449.93 226.65 236.69 3.2041 1
447.32 449.75 215.51 225.53 2.7643 1
451.7 454.75 173.37 180.64 2.7891 1
455.26 440.71 130.17 138.46 4.0296 1
350.38 471.43 57.852 72.068 5.6198 1
413.5 200.68 313.25 250.58 8.8937 1
453.22 441.7 189.44 201.77 2.7401 1
446.26 459.42 105.49 101.31 3.6316 1
425.42 412.19 132.78 307.73 5.08 1
428.94 407.27 313.99 310.32 8.0207 1
550.21 587.86 4.6911 1.4213 5.4139 1
448.71 415.97 237.66 301.29 4.1641 1
440.08 425.29 138.91 159.06 2.2191 1
157.27 241.53 87.902 45.193 3.8181 1
425.87 444.67 153.56 128.28 2.3405 1
480.54 639.21 1.7555 24.764 3.6369 1
534.37 514.07 4.6863 2.0826 3.8785 1
548.08 535.1 2.7864 5.0669 7.2374 1
454.19 409.13 4.3023 1.5992 3.6684 1
534.17 454.1 12.476 3.0566 4.6006 1
512.89 487.88 2.3958 1.567 1.7461 1
639.31 533.9 29.152 13.126 3.8451 1
186.09 192.07 201.46 226.52 1.6677 1
175.83 185.02 157.77 196.71 1.7382 1
585.27 546.69 6.6105 9.9234 4.4468 1
331.78 162.9 121.94 93.987 2.9425 1
453.18 468.99 100.61 80.27 1.4273 1
164.84 174.82 111.76 153.01 2.097 1
450.59 461.64 236.76 237.74 6.1148 1
408.91 414.95 235.36 139.1 2.5788 1
406.94 408.14 266.64 246.64 1.622 1
200.21 196.88 264.18 254.46 3.9527 1
242.77 330.36 45.028 55.493 2.7625 1
