638.98 638.98 412.87 146.62 1.2534 1
136.62 575.37 479 478.97 1.2762 1
528.87 516.45 271.75 274.59 2.9265 1
607.53 527.79 101.54 271 6.5218 1
305.46 604.46 152.14 103.71 5.4824 1
231.79 495.41 57.376 35.768 5.412 1
244.85 246.44 250.25 227.86 3.5636 1
233.41 231.42 207.9 59.094 5.7986 1
521.89 276.59 276.25 351.52 11.42 1
245.49 246.81 202.88 182.89 3.4947 1
245.46 248.14 116.47 96.661 3.1479 1
245.56 248.11 145.4 126.66 3.5477 1
233.46 233.35 237.87 209.12 3.8675 1
493.8 608.34 36.283 102.98 5.6334 1
287.28 232.67 344.43 236.75 6.5461 1
250.2 269.18 97.026 105.26 4.4768 1
249.25 250.2 192.86 202.89 1.9507 1
292.86 303.98 286.62 154.11 3.6605 1
249.07 260.44 229.33 232.67 2.8943 1
249.85 261.8 181.4 187.53 2.684 1
314.65 310.39 160.3 204.13 2.8176 1
310.28 298.41 205.37 325.43 2.7207 1
309.54 311.89 180.28 160.26 2.5585 1
215.39 233.28 255.41 244.8 6.8512 1
263.43 252.72 109.42 103.15 4.0522 1
249.25 263.18 109.03 127.34 3.6975 1
305.92 306.81 224.15 207.88 1.589 1
256.98 246.26 128.48 112.72 4.5881 1
262.96 252.55 140.25 133.36 4.5069 1
307.74 309.2 205.36 185.38 1.8841 1
254.64 246.04 215.05 201.55 4.0308 1
303.91 304.71 246.62 227.85 0.78403 1
278.69 282.7 118.84 130.44 3.2253 1
258.25 249.15 161.32 150.12 3.8785 1
524.5 521.8 282.02 293.22 6.6619 1
266.71 255.48 222.75 215.22 3.1137 1
301.8 303.06 266.64 250.39 1.8226 1
250.36 265.52 202.91 217.75 3.667 1
254.27 262.83 150.22 157.93 2.9701 1
274.16 263.55 121.87 108.33 3.3776 1
275.94 273.66 128.12 121.79 3.2003 1
217.04 224.38 260.77 253.05 3.49 1
