299.85 343.79 54.856 66.61 4.3673 1
248.73 299.36 40.739 53.182 3.837 1
471.06 459.6 156.76 213.97 3.9225 1
349.21 293.67 71.305 57.159 4.7997 1
638.98 639 411.62 149.12 1.2656 1
293 254.23 54.808 46.166 3.3883 1
139.12 574.12 479.03 478.97 1.2985 1
475.82 470.99 133.71 157.49 5.6465 1
459.49 446.86 214.2 278.93 4.2498 1
344.38 384.2 65.848 78.9 4.0514 1
176.69 136.75 347.25 182.54 5.6312 1
275.41 477.46 264.18 125.34 6.0492 1
396.95 349.81 88.242 71.003 5.8966 1
136.16 353.13 182.13 84.703 5.1205 1
225.29 242.9 21.822 29.066 3.6065 1
445.71 446.31 36.794 26.755 5.0654 1
249.94 241.41 43.46 33.048 2.9018 1
454.48 451.85 25.19 37.921 3.4199 1
414.13 396.64 84.215 84.609 2.64 1
494.11 496.45 19.123 1.4363 5.2846 1
241.78 251.72 28.839 40.142 3.4151 1
481.53 474.99 27.641 65.308 6.7991 1
504.68 500.1 1.0628 16.907 5.3361 1
447.91 289.06 277.89 437.82 6.558 1
1.3246 66.512 10.923 0.8887 5.3207 1
504.08 524.01 16.106 17.307 5.5176 1
457.31 458.77 39.266 19.282 5.0777 1
222.97 186.63 24.108 22.787 4.3608 1
389.14 421.63 80.777 79.211 4.8136 1
111.4 176.61 32.984 20.32 3.3007 1
129.36 91.595 32.798 40.225 3.2582 1
429.08 414.49 79.005 83.957 3.9956 1
177.88 224.16 20.131 20.946 3.5734 1
534.64 533.74 54.162 66.598 3.9195 1
449.95 456.03 64.024 38.324 9.0247 1
185.33 130.19 22.579 31.788 3.5039 1
611.45 623.07 87.148 91.042 7.1297 1
511.72 496.7 28.077 28.625 5.5439 1
523.3 527.21 68.713 48.993 5.4006 1
1.545 110.53 44.499 34.542 3.8294 1
445.65 435.59 66.149 69.719 3.2679 1
391.64 430.4 69.465 70.057 4.885 1
352.84 414.27 85.492 104.91 4.1501 1
433.88 427.93 72.605 77.938 3.7396 1
470.04 454.77 67.243 58.994 10.581 1
496.15 495.94 27.889 39.112 3.8196 1
429.18 448.21 69.228 59.777 6.1766 1
288.39 176.12 433.46 346.91 9.3057 1
90.463 1.5565 40.061 48.395 3.6564 1
437.69 396.84 101.05 89.6 3.1367 1
91.432 1.4326 0.46618 15.471 4.52 1
512.3 498.46 63.34 46.152 3.135 1
506.45 521.48 51.777 69.432 3.2419 1
401.66 392.56 72.989 75.467 3.0692 1
550.23 536.38 1.5879 55.312 3.9433 1
621.8 600.38 99.894 97.789 8.9526 1
424.13 401.61 72.853 72.143 3.0895 1
450.94 444.3 43.593 36.538 6.3167 1
528.48 530.06 46.708 35.331 4.0583 1
399.38 443.08 86.911 98.325 3.5203 1
444.44 446.68 97.613 78.833 8.4862 1
442.84 434.1 76.831 75.553 3.1683 1
506.75 516.78 22.349 24.721 2.3673 1
547.84 525.01 80.562 75.931 3.6401 1
459.17 436.9 106.47 100.6 2.736 1
499.01 507.81 38.32 38.895 4.1503 1
164.51 274.6 198.46 262.05 4.2547 1
474.69 441.39 123.86 113.64 4.8608 1
458.58 468.81 204.02 152.81 1.7242 1
582.05 569.12 96.168 84.134 3.3422 1
562.78 577.94 75.574 82.74 4.6436 1
534.46 564.31 73.232 77.927 4.8697 1
359.31 362.9 20.647 1.6956 12.811 1
532.77 538.86 26.599 1.5604 3.7416 1
518.51 507.66 52.305 48.496 5.608 1
515.46 525.44 44.772 46.098 2.4782 1
639.48 614.17 136.86 174.57 4.2203 1
581.17 577.53 43.225 51.475 2.4234 1
529.48 525.54 77.97 92.918 3.3743 1
538.61 545.83 31.5 1.7363 2.2054 1
559.43 556.1 1.271 10.18 2.2025 1
578.94 591.69 80.931 85.185 3.1641 1
610.31 639.35 169.08 126.78 4.3672 1
636.77 638.7 109.15 97.802 3.6968 1
545.18 549.63 100.33 82.381 4.5431 1
602.9 581.7 68.977 64.998 3.8402 1
