638.97 638.99 412.87 146.62 1.26 1
487.21 474.57 217.47 277.71 4.6529 1
474.56 449.43 276.97 398.67 4.8552 1
286.59 255.36 16.971 14.253 5.3594 1
492.3 487.69 193.69 213.13 4.8034 1
137.87 574.12 478.99 478.98 1.2606 1
494.83 491.64 185.14 192.69 4.1597 1
276.47 289.22 57.08 54.609 2.9301 1
411.63 544.09 63.835 67.024 3.3557 1
414.06 409.32 1.4313 64.14 7.0569 1
370.97 494.26 94.542 183.18 5.1669 1
312.64 344.13 51.291 46.653 4.1796 1
329.14 285.31 35.515 41.153 4.0022 1
274.03 491.65 193.21 183.41 5.4331 1
271.03 273.02 377.87 202.86 6.1361 1
128.08 110.27 31.27 32.997 3.4914 1
272.34 271.39 202.83 187.81 3.8215 1
166.55 180.38 43.686 43.061 5.1077 1
288.31 286.71 1.4325 8.1917 6.9467 1
274.12 290.39 20.191 19.625 2.8895 1
305.38 311.66 51.638 51.425 3.9176 1
346.38 333.91 27.975 30.596 2.5309 1
255.46 245.31 37.456 38.48 2.9891 1
84.028 134.19 50.524 46.081 4.7599 1
136.47 168.02 46.024 43.394 3.8409 1
266.57 255.45 39.652 38.458 3.5952 1
448.2 278.05 398.63 426.42 8.749 1
287.42 304.83 19.273 9.4077 5.2928 1
188.27 179.02 26.328 30.126 5.575 1
199.16 211.63 43.439 44.116 3.7445 1
532.88 416.66 64.021 60.521 3.5225 1
180.4 194.14 42.517 42.071 2.7826 1
294.15 301.86 54.298 52.979 2.8603 1
219.11 227.97 47.55 47.032 3.8165 1
251.72 274.3 17.177 20.373 3.713 1
271.57 275.13 27.886 46.671 3.4515 1
272.96 265.27 46.044 47.007 2.9407 1
542.88 636.63 54.291 54.199 3.7488 1
239.24 230.31 35.892 34.527 4.7535 1
448.46 414.82 1.2216 56.288 3.5531 1
271.67 270.11 430.48 413.01 6.6707 1
272.41 272.38 411.63 379.12 1.2827 1
75.387 60.54 35.258 33.752 3.3705 1
219.22 206.72 31.939 30.688 3.6069 1
236.71 232.73 260.43 95.348 4.8774 1
138.22 135.95 28.1 44.206 6.1887 1
40.65 61.485 38.799 42.429 5.0843 1
61.663 76.55 37.601 39.665 3.6777 1
57.834 23.162 21.836 15.138 5.1045 1
267.59 244.33 413.2 302.57 6.1791 1
317.88 336.63 1.625 1.625 1.25 1
162.93 150.31 23.577 24.635 3.8413 1
630.8 638.62 53.028 31.084 6.6463 1
401.5 408.51 65.498 1.4209 8.7767 1
1.5534 26.672 44.453 45.593 4.3132 1
87.822 76.543 27.318 26.461 2.7767 1
338.94 290.32 73.164 82.592 4.8712 1
244.34 236.38 301.82 260.18 5.56 1
235.37 370.37 93.915 94.194 2.7689 1
407.83 395.3 245.22 248.88 2.3998 1
78.385 79.328 32.84 46.611 3.3999 1
417.46 455.8 60.456 0.30179 6.3569 1
639.16 614.14 82.907 83.504 2.4993 1
605.31 639.16 81.905 79.619 2.5785 1
27.828 39.094 35.857 36.948 3.0911 1
131.54 130 44.318 33.637 8.3183 1
546.51 538.01 1.223 56.454 9.7887 1
137.87 150.4 73.952 73.313 1.8209 1
441.18 448.81 402.3 413.1 6.9687 1
423.98 399.22 207.27 213.28 2.9845 1
514.19 530.27 14.905 59.965 3.4483 1
416.98 421.88 50.535 1.5252 3.237 1
134.16 87.975 78.188 82.659 4.1746 1
155.3 135.35 74.828 77.701 2.3064 1
534.56 518.05 50.227 1.1469 3.3045 1
343.44 344.32 44.181 35.271 3.8484 1
509.69 515.28 1.4223 17.105 3.3544 1
406.81 387.8 308.52 313.86 1.6438 1
268.61 268.61 401.63 377.87 1.2515 1
470.95 483.54 279.25 219 1.755 1
442.88 410.38 66.625 66.625 1.25 1
459.92 467.13 332.78 297.98 1.5496 1
627.85 603.14 91.715 85.576 3.3621 1
22.636 19.56 20.01 0.94955 9.8723 1
58.985 55.467 34.695 22.488 6.8816 1
446.38 445.78 411.71 427.89 6.5701 1
484.45 488.47 212.95 195.23 1.3834 1
281.62 272.05 440.38 430.07 10.665 1
286.7 266.58 84.771 85.592 4.3591 1
341.63 392.88 64.534 65.045 1.7367 1
482.89 389.15 193.22 197.2 2.2573 1
390.38 377.89 248.27 248.5 1.4364 1
412.84 275.41 221.05 228.57 2.5472 1
265.8 223.97 84.52 76.123 4.8925 1
399.12 345.38 67.813 68.01 1.2592 1
409.13 422.88 217.87 217.87 1.25 1
27.87 25.483 32.876 21.602 3.9276 1
330.33 377.86 221.85 219.97 1.9669 1
343.5 341.44 49.041 64.434 6.0297 1
381.75 395.41 217.62 218.73 3.1969 1
639.67 628.94 105.32 100.82 2.9755 1
223.11 194.23 75.439 69.835 3.241 1
370.37 340.39 197.71 198.46 1.5326 1
275.36 294.1 225.16 223.84 1.4228 1
344.29 342.74 16.65 26.981 5.1302 1
434.12 481.61 216.59 213.89 2.4649 1
269.12 269.12 269.13 241.63 1.25 1
307.88 290.38 200.38 200.38 1.25 1
399.1 409.17 217.78 215.6 3.9012 1
634.13 614.19 60.557 61.628 5.2609 1
295.37 326.65 224.1 221.99 2.2534 1
409.03 421.56 236.62 237.53 3.467 1
60.789 66.029 1.4396 13.142 2.6735 1
469.12 440.37 217.76 219.08 1.8221 1
436.63 455.38 191.63 191.63 1.25 1
271.96 271.97 69.124 81.625 2.5009 1
