638.98 638.99 411.62 150.37 1.2563 1
137.87 572.87 479.02 478.97 1.2921 1
457.96 442.35 67.767 236.69 5.8584 1
168.91 100.3 320.46 153.13 5.0425 1
99.869 330.15 153.11 37.424 7.3836 1
274.97 167.82 396.73 317.13 6.451 1
284.8 456.43 187.61 69.403 9.7219 1
444.19 275.12 230.43 400.12 9.6604 1
455.36 455.8 15.414 1.5602 6.5973 1
546.06 542.85 1.2737 17.87 5.6203 1
250.59 243.27 8.9167 1.2449 2.7961 1
1.3958 91.816 30.364 13.927 3.3544 1
247.75 325.52 2.2755 17.136 5.5989 1
326.4 385.26 16.461 28.437 5.3341 1
534.76 536.27 10.48 1.3594 4.3125 1
79.32 1.3624 20.239 33.873 3.6609 1
230.25 284.54 225.19 187.8 5.9072 1
149.3 80.19 2.2776 20.939 4.0068 1
482.91 461.12 11.151 4.5371 10.808 1
92.833 134.03 13.989 1.3234 3.2212 1
354.24 301.24 29.763 19.948 5.0983 1
381.27 353.77 36.677 29.19 4.8244 1
451.73 453.43 46.49 16.444 6.8744 1
293.96 259.11 16.58 11.705 3.9125 1
262.9 231.53 351.93 227.58 4.0299 1
258.61 249.97 11.484 7.5008 3.1134 1
407.88 390.18 40.368 38.314 7.0176 1
303.4 292.13 20.028 16.341 4.3415 1
443.5 426.22 18.427 33.822 3.7337 1
620.13 639.29 17.875 19.106 10.14 1
107.72 114.03 161.69 177.91 1.2965 1
330 421.2 36.981 58.439 7.8018 1
399.25 417.91 29.871 26.817 2.871 1
273.81 262.91 392.96 352.53 3.9868 1
434.22 450.17 13.04 3.7756 3.9741 1
206.62 228.85 211.63 223.4 2.5329 1
407.88 431.63 15.375 15.375 1.25 1
420.41 445.57 38.904 42.853 2.6142 1
627.94 618.81 31.093 31.936 6.3384 1
