137.87 572.87 479.01 478.97 1.2845 1
638.98 639 411.62 147.87 1.2651 1
202.82 149.89 302.07 140.96 5.4295 1
360.32 427.79 151.6 9.083 4.6879 1
349.13 201.93 341.6 302.95 8.0849 1
149.07 265 141.48 16.186 5.3828 1
427.89 413.28 10.121 152.79 4.7659 1
354.41 349.38 338.53 346.78 2.6282 1
414.51 403.25 153.3 196.4 5.4222 1
389.15 354.14 3.7299 1.4073 3.7418 1
152.62 350.21 141.72 178.77 4.2986 1
402.42 361.13 196.47 315.64 5.1337 1
425.44 388.93 7.271 3.4434 7.0584 1
356.31 352.06 322.79 338 11.313 1
361.1 358.44 315.96 323.09 4.8245 1
349.9 350.69 180.36 321.64 4.6796 1
497.17 501.73 34.026 1.4646 3.7138 1
506.54 502.99 1.4895 36.509 3.3338 1
501.67 474.12 37.222 35.403 2.9065 1
465.41 495.41 31.205 33.714 2.1787 1
472.92 449.12 34.873 32.97 1.6445 1
