638.97 638.99 412.87 146.62 1.262 1
136.62 575.37 478.99 478.98 1.2575 1
74.105 86.517 31.491 29.648 4.4436 1
589.72 516.26 162.61 342.73 4.3209 1
217.01 194.24 249.07 77.694 4.9751 1
334.71 589.6 40.529 161.99 4.5294 1
194.49 334.44 76.792 40.324 4.4129 1
515.82 392.87 343.12 441.31 6.4923 1
395.84 215.86 437.43 249.91 9.1147 1
91.964 69.135 33.717 42.899 9.7312 1
110.73 89.263 23.342 19.584 4.4941 1
35.188 62.875 38.095 41.625 3.0876 1
66.684 26.586 44.784 40.761 3.8602 1
195.91 436.71 78.873 250.26 3.5634 1
153.67 205.29 41.114 73.014 3.4766 1
1.1255 40.651 41.142 34.524 7.8327 1
46.573 14.096 28.511 31.288 3.4494 1
16.653 80.382 26.902 25.736 3.6579 1
199.81 160.24 73.81 49.791 3.738 1
86.786 84.137 18.39 6.3474 4.8832 1
161.74 185.03 48.233 40.565 2.8084 1
72.934 57.839 28.432 30.034 2.486 1
25.461 1.2717 40.749 46.349 3.8453 1
111.48 113.91 1.3308 10.433 3.9455 1
439.27 398.64 251.66 433.05 4.0792 1
229.12 239.12 31.591 31.569 1.2606 1
193.18 120.41 87.67 109.25 2.8336 1
202.78 227.96 35.999 32.149 2.3693 1
32.813 1.6557 1.0499 4.4097 3.0583 1
241.63 266.68 30.38 27.024 1.9028 1
18.872 1.1365 29.67 21.426 3.6396 1
119.01 192.95 106.25 84.369 3.0572 1
311.55 284.36 17.623 26.125 2.386 1
111.9 107.6 16.546 1.3499 2.2251 1
284.13 226.63 26.648 35.402 3.0615 1
277.92 314.32 25.508 13.477 2.4245 1
214 169.15 36.137 47.954 2.613 1
1.724 24.426 108.11 98.593 2.2303 1
24.127 11.543 96.612 94.656 3.2385 1
202.01 220.7 106.58 250.49 2.5916 1
513.79 584.62 340.75 166.83 2.1113 1
465.13 439.49 233.69 248.51 2.4515 1
246.54 200.2 119.24 85.621 2.1581 1
122 119.44 8.2079 1.5036 2.9515 1
330.27 310.76 7.673 17.406 2.2447 1
198.99 201.82 90.403 104.34 2.2202 1
21.701 1.5923 103.06 111.55 2.4316 1
226.2 221.03 277.58 263.09 3.6141 1
300.17 247.35 158.15 119.85 1.9234 1
521.5 502.94 133.14 124 1.25 1
19.145 5.4087 17.283 17.71 2.7318 1
