638.98 639 411.62 149.12 1.2657 1
137.87 572.87 479.02 478.97 1.2894 1
129.08 186.63 3.2769 9.0798 4.494 1
209.32 175.07 320.06 163.64 5.3388 1
81.605 127.93 2.0784 4.1302 2.8847 1
187.96 125.42 13.343 6.2662 5.1088 1
359.16 209.26 342.61 321.87 8.2473 1
191.62 205.38 8.7302 8.5226 2.5374 1
391.22 361.74 82.686 340.39 6.356 1
203.77 221.62 9.1651 2.8609 4.5092 1
226.85 203.38 4.7631 13.055 4.2275 1
174.53 230.99 163.84 66.984 5.1399 1
125.45 44.143 8.2077 1.4078 4.8873 1
395.42 260.32 28.604 17.266 6.019 1
469.11 441.49 3.9483 6.2113 5.9019 1
421.51 445.32 5.9471 10.638 3.4011 1
197.53 187.89 15.07 11.593 6.3036 1
177.74 376.67 164.06 186.26 4.5901 1
441.35 422.58 6.798 3.1379 3.2327 1
239.12 197.82 20.406 15.832 4.144 1
259.38 239.28 18.729 54.215 4.6778 1
42.877 21.628 1.9624 2.0954 1.383 1
446.62 469.11 9.4314 9.1949 3.8944 1
206.71 251.63 14.303 17.848 2.9516 1
387.04 397.59 102.94 30.152 4.052 1
431 427.67 50.432 14.029 3.1731 1
431.62 435.88 10.376 50.455 3.2786 1
252.89 240.36 20.033 19.503 1.6714 1
435.42 397.83 52.968 51.477 2.5476 1
401.62 426.66 47.906 49.949 1.8819 1
590.32 547.87 28.869 26.686 2.2755 1
324.13 346.63 19.125 19.125 1.25 1
