137.87 572.87 479.02 478.97 1.2905 1
638.99 638.98 411.63 147.88 1.2608 1
232.04 198.71 321.8 163.42 6.3775 1
193.8 348.25 3.5498 29.353 6.2057 1
200.28 188.42 9.2621 0.86121 3.0603 1
365.29 230.02 385.56 322.38 7.811 1
288.09 200.52 24.082 9.5285 4.9503 1
556.6 574.13 17.122 17.356 9.9657 1
395.59 306.56 46.974 25.627 5.7366 1
415.65 498.34 174.34 69.757 8.6194 1
199.1 343.45 166.14 56.985 8.7835 1
575.38 537.92 25.902 26.563 6.4915 1
305.6 288.99 26.072 23.982 4.0327 1
432.87 409.12 7.7378 7.8107 10.034 1
589.43 598.5 31.338 1.4347 6.491 1
203.01 376.73 167.49 226.32 4.7358 1
530.95 540.19 15.761 21.909 2.7766 1
494.08 467.47 89.375 217.27 7.3658 1
539.72 520.8 25.712 13.462 3.3381 1
515.3 537.79 9.5605 13.384 6.6056 1
383.14 364.34 31.765 35.284 3.7642 1
495.06 394.8 66.978 47.019 8.0822 1
469.64 367.33 215.93 386.8 10.977 1
390.88 383.79 25.674 31.196 3.0712 1
497.7 494.04 77.487 90.923 6.687 1
541.57 552.82 21.127 19.912 2.6198 1
391.43 406.69 9.9025 3.704 3.5438 1
542.54 530.44 10.878 2.7715 2.7614 1
355.6 383.18 31.429 25.573 6.0799 1
500.37 480.06 14.145 11.597 4.3387 1
381.54 355.07 19.934 25.082 3.271 1
489.11 515.36 8.7717 9.1055 2.7382 1
369.24 402.96 37.103 42.328 3.1315 1
545.51 559.8 6.2707 11.856 3.2388 1
404.94 406.14 40.507 21.754 7.8037 1
517.9 501.56 14.937 13.945 2.1735 1
356.58 385.37 17.173 15.289 2.5532 1
20.508 1.6075 23.812 26.502 1.9467 1
96.44 70.418 1.0404 9.2621 2.1316 1
478.7 477.19 40.292 47.986 3.1737 1
30.284 21.501 22.025 22.967 2.7522 1
67.866 30.47 10.346 21.931 2.3358 1
584.27 589.73 96.295 78.056 2.64 1
373.48 370.93 287.83 325.41 3.2555 1
603.79 596.42 57.766 80.307 3.1753 1
371.6 367.92 325.37 372.88 2.6768 1
375.95 374.38 245.34 272.96 3.7056 1
376.22 376.04 229.12 244.13 1.4335 1
374.07 373.4 274.12 286.65 1.6482 1
595.12 589.79 84.032 98.916 3.617 1
