638.98 639 411.62 149.12 1.2688 1
140.37 574.12 479.01 478.97 1.2861 1
484.42 453.81 56.21 218.83 5.0006 1
178.45 125.56 291.08 113.7 4.7139 1
456.62 404.8 216.61 268.55 9.6987 1
261.41 482.95 198.79 54.237 10.157 1
127.3 349.39 115.84 14.477 9.6098 1
403.65 289.11 268.5 374 8.6137 1
284.42 177.59 375.99 288.49 10.132 1
455.7 440.6 0.61261 14.368 4.028 1
374.14 345.6 6.5681 0.57067 4.8311 1
466.75 469.92 7.3552 1.3835 3.8594 1
465.01 466.98 26.588 7.6523 6.9444 1
440.17 425.21 14.237 16.948 3.6899 1
413.18 374.06 19.306 8.103 5.8392 1
131.56 154.4 122.9 199.04 1.916 1
415.41 436.79 9.3922 6.6443 2.9577 1
421.67 414.07 18.172 17.848 2.6032 1
280.33 267.82 350.38 245.38 2.8677 1
215.23 259.61 169.37 195.8 3.656 1
354.41 391.06 10.657 23.415 8.2188 1
267.39 262.18 244.18 201.56 2.606 1
381.61 401.48 2.9401 6.2443 3.289 1
467.88 470.73 126.63 110.44 1.25 1
389.21 413.1 22.353 30.995 6.2027 1
432.83 412.87 3.6232 5.3256 1.6412 1
600.66 611.63 1.2289 9.1129 2.6315 1
440.35 416.68 30.483 23.923 1.5385 1
