638.98 638.98 411.62 147.87 1.2531 1
461 430.33 155.04 325.14 5.9877 1
136.62 574.12 479 478.98 1.2703 1
493.6 639.33 6.6734 36.864 6.226 1
301.01 461.18 72.825 154.98 4.5351 1
200.84 194.07 249.78 230.4 6.1978 1
304 458.3 197.4 155.69 6.0016 1
195.03 177.18 230.1 91.393 4.7876 1
180.27 304.32 93.006 196.39 4.1612 1
264.09 369.07 7.294 0.73161 3.5092 1
430.52 390.31 324.36 343.98 6.6861 1
133.84 132.68 10.412 1.4874 3.1248 1
57.619 69.352 7.5462 10.807 3.9478 1
127.63 130.72 0.81811 9.4494 4.707 1
637.57 494.57 49.271 17.769 11.01 1
135.88 137.61 1.527 10.427 2.9314 1
565.44 560.71 0.96026 18.306 4.8237 1
325.35 270.34 1.0001 3.369 3.0893 1
87.644 89.375 1.4508 11.582 3.4859 1
45.041 56.818 6.8339 9.53 4.1106 1
550.8 531.55 47.807 44.599 5.1381 1
93.795 91.191 11.709 1.4185 3.0512 1
556.29 560.53 18.74 1.3582 4.919 1
177.9 300.54 90.536 72.767 4.1613 1
71.335 75.065 1.2161 9.9747 2.9604 1
279.08 201.02 352.91 249.88 5.8873 1
139.79 139.68 12.868 1.6195 1.3623 1
489.41 469.22 35.937 27.642 2.7244 1
316.35 292.4 394.43 370.84 8.1127 1
530.58 490.14 45.713 36.401 3.6628 1
292.44 278.06 370 351.74 5.8301 1
466.86 444.08 19.268 14.338 3.4009 1
389.74 306.6 343.97 381.57 6.2667 1
639.53 551.62 71.254 49.145 4.2032 1
299.68 299.84 372.88 201.63 2.5812 1
474.27 510.43 27.429 38.951 2.9717 1
449.17 466.69 12.677 16.32 2.7503 1
141.71 142.4 1.6186 10.412 1.8373 1
511.47 535.41 38.907 42.619 2.5755 1
551.48 639.45 45.948 67.818 3.3912 1
304.55 304.57 379.13 331.62 1.2715 1
302.27 302.41 281.62 327.88 1.3873 1
85.358 37.758 43.025 37.665 3.0604 1
130.48 86.561 48.176 43.475 3.5047 1
196.64 160.16 25.428 38.517 4.949 1
389.09 309.07 201.52 225.2 2.5584 1
399.25 376.74 220.84 227.04 2.9516 1
490.4 449.13 6.8041 11.628 3.1282 1
414.15 394.13 186.57 186.18 2.5483 1
445.05 462.82 10.064 6.3752 3.1176 1
304.64 304.3 219.14 199.12 1.5458 1
401.94 380.5 192.87 198.36 2.7593 1
197.84 251.54 15.007 10.599 2.5288 1
302.27 302.32 225.37 279.13 1.2975 1
304.61 304.6 326.63 282.87 1.2597 1
392.88 412.95 209.14 207.51 2.7955 1
250.42 215.36 13.37 16.401 2.4442 1
196.27 196.84 1.5841 14.115 3.8604 1
306.57 372.69 222.67 203.5 2.7975 1
428.49 425.69 337.53 352.7 5.3708 1
462.74 486.75 6.6217 4.0298 2.5563 1
304.59 304.66 279.13 226.63 1.3224 1
391.64 406.66 259.39 258.33 2.9356 1
444.66 447.74 227.96 209.1 1.2566 1
306.63 287.88 7.875 7.875 1.25 1
394.12 416.76 182.81 180.33 4.834 1
394.25 373.31 272 279.14 3.1193 1
385.37 399.15 303.95 303.36 1.6197 1
327.34 317.53 394.11 392 5.5051 1
282.87 265.35 8.9845 9.7967 1.596 1
301.97 302.54 202.86 217.89 1.723 1
388.19 373.22 317.37 323.69 1.858 1
31.094 28.658 16.817 10.091 3.0024 1
212.89 199.12 16.996 17.695 1.7554 1
144.26 129.29 46.758 48.252 3.3561 1
302.09 302.24 339.12 372.88 1.3951 1
361.61 374.18 192.83 188.01 2.4294 1
127.64 132.38 16.404 38.254 4.0318 1
454.02 401.75 163.76 178.33 2.1316 1
156.12 144.81 40.509 45.637 3.0971 1
364.13 346.63 4.125 4.125 1.25 1
