638.98 638.98 412.87 146.62 1.2547 1
136.62 575.37 479 478.97 1.2793 1
597.03 523.8 105.73 277.2 5.2817 1
524.51 321.5 279.45 328.62 11.044 1
213.01 490.5 54.819 36.033 5.2033 1
264.12 595.61 147.82 105.98 5.2134 1
228.56 227.33 244.17 229.07 6.5333 1
228.13 224.14 127.53 139.13 3.1782 1
217.61 218.48 110.42 92.968 10.112 1
214.48 212.71 66.57 55.207 7.9872 1
224.94 221.07 201.67 166.83 8.0061 1
233.33 231.06 229.22 240.26 3.4205 1
221.17 217.26 166.66 108.91 7.1273 1
230.24 228.34 182.86 196.69 3.7151 1
215.42 213.45 94.032 66.764 5.336 1
226.23 233.05 93.54 97.582 3.2631 1
224.82 223.69 221.59 201.51 5.4114 1
288.35 270.13 335.99 340.6 12.763 1
240.28 232.93 191.7 182.83 3.2261 1
241.61 228.95 275.89 244.7 5.9746 1
229.42 243.21 200.07 213.8 4.4326 1
239.85 227.68 106.64 99.451 4.0597 1
264.35 241.11 339.04 276.35 5.5572 1
321.11 288.12 328.25 336.2 9.3852 1
225.14 227.92 138.35 147.01 3.6183 1
244.76 225.28 165.7 152.34 5.5972 1
227.23 241.14 147.14 158.47 4.4164 1
490.52 595.42 35.836 103.49 5.1155 1
262.67 260.83 242.9 142.87 6.754 1
234.6 226.61 213.82 201.17 4.8955 1
247.68 234.84 221.45 211.91 4.2431 1
225.1 222.01 153.9 140.57 3.3716 1
241.86 230.35 141.4 129.15 4.611 1
232.22 234.66 238 250.51 3.2016 1
225.53 219.05 123.51 112.4 4.769 1
201.08 225.45 253.26 237.99 7.0189 1
232.95 240.96 122.76 128.27 3.7989 1
224.48 231.96 115.02 122.54 3.5566 1
248.05 236.13 265.1 257.39 1.8455 1
521.66 532.96 274.14 247.91 1.3426 1
234.91 218.67 95.627 65.62 3.7123 1
518.76 516.16 285.94 301.55 6.5771 1
537.7 546.8 236.55 215.45 1.25 1
264.51 262.64 334.14 244.1 4.9989 1
246.85 240.26 119.02 105.43 3.4095 1
260.05 251.56 143.66 126.66 3.362 1
235.55 244.15 250.16 259.1 2.6679 1
561.6 578.13 180.37 141.73 1.3211 1
263.92 254.02 343 344.83 3.6875 1
