463.66 432.52 136.32 309.06 5.1586 1
638.98 638.98 412.87 147.87 1.2559 1
135.37 574.12 478.99 478.98 1.2577 1
199.02 177.89 226.46 78.944 4.9594 1
432.76 311.94 306.38 362.31 7.075 1
203 199.19 229.82 223.6 5.9821 1
307.41 463.92 181.2 137.9 8.1478 1
287.93 200.14 339.33 229.56 8.0039 1
530.33 550.64 1.9849 4.3219 5.253 1
558.15 639.86 5.1207 20.141 10.541 1
318.92 288.06 374.19 339.97 8.1722 1
638.58 489.47 31.792 1.1825 14.427 1
440.18 454.99 250.34 168.03 1.8213 1
304.63 304.05 354.12 182.88 2.6216 1
89.264 98.395 4.7601 6.8268 7.315 1
190.1 308.96 84.471 179.96 7.1883 1
124.25 125.82 1.4104 20.543 5.4919 1
306.6 306.88 205.38 354.13 1.4507 1
309.92 310.07 359.13 206.62 1.3933 1
179.52 301.87 75.462 56.993 6.8797 1
306.63 306.63 184.13 201.63 1.25 1
434.15 439.44 284.13 252.93 1.4414 1
430.92 433.39 302.96 286.7 1.346 1
301.1 458.46 57.659 135.47 7.6092 1
431.12 428.58 317.79 332.57 6.1945 1
328.24 318.38 374.73 369.2 6.4613 1
405.36 419.3 165.29 162.5 3.4325 1
191.53 178.97 11.28 14.815 4.4744 1
172.67 162.58 16.193 21.007 5.0509 1
606.69 592.61 48.879 45.108 2.4149 1
631.54 610.15 55.697 49.956 1.7094 1
500.32 484.26 25.568 21.142 1.7461 1
519.22 504.06 29.871 26.948 1.4641 1
