550.99 505.51 91.127 263.83 5.2825 1
136.62 574.12 479 478.97 1.2706 1
638.99 638.97 412.88 146.63 1.2701 1
576.67 621.7 60.262 58.516 4.5705 1
230.27 549.42 168.69 90.331 4.6299 1
178.21 445.67 84.636 34.436 4.8162 1
446 551.16 34.058 90.002 4.0897 1
488.26 530.38 22.571 39.108 4.0761 1
617.99 581.62 61.464 65.362 4.4388 1
515.75 487.13 36.865 26.115 4.5329 1
446.32 481.85 5.0252 17.215 3.5471 1
257.65 252.65 356.36 337.01 7.5741 1
543.4 516.66 47.882 36.553 3.5484 1
476.73 448.99 18.81 9.5404 3.5567 1
181.32 177.38 93.696 85.033 5.5864 1
632.57 616.29 54.705 62.141 4.6462 1
183.1 181.89 110.54 102.83 3.1226 1
254.51 227.98 335.51 166.8 4.3115 1
531.12 563.64 38.889 55.092 3.3768 1
210.83 183.37 246.79 111.27 4.2663 1
181.25 180.27 102.77 94.28 3.4407 1
513.2 265.77 264.7 354.89 9.3438 1
620.38 579.22 52.826 50.189 4.0934 1
623.19 639.72 53.645 46.8 3.6625 1
577.9 625.39 47.441 50.016 4.316 1
449.8 439.63 10.474 4.5069 3.4216 1
249.51 209.57 337.7 247.68 5.4415 1
582.29 543.37 71.408 49.489 3.7554 1
227.46 182.84 166.88 92.397 4.3181 1
578.06 639.36 66.148 89.778 3.8064 1
639.36 582.14 93.52 71.538 3.7841 1
74.139 1.6014 1.8498 6.2341 4.1546 1
487.18 476.07 25.665 19.183 4.6786 1
639.42 631.5 59.351 57.051 3.4463 1
1.6189 46.624 2.6118 1.5726 1.8268 1
210.37 190.34 81.57 85.189 1.6747 1
527.74 533.09 166.59 146.68 1.5316 1
517.7 527.26 205.33 169.29 1.6274 1
533.79 540.09 144.04 120.3 1.677 1
