638.98 638.99 411.62 147.87 1.2582 1
137.87 574.12 479.01 478.97 1.2855 1
393.7 375.58 170.32 322.75 4.4352 1
225.78 196.18 341.55 189.97 4.6328 1
196.37 194.35 191.66 91.62 4.4311 1
375.35 226.65 323.92 344.32 8.2815 1
353.53 393.39 83.143 170.82 3.9322 1
328.68 316.42 6.2538 9.6386 3.3277 1
301.69 187.93 33.942 41.178 4.7519 1
194.69 195.94 41.611 92.892 3.38 1
315.4 296.56 10.017 8.948 2.4251 1
199.1 390.36 190.14 171.52 4.8657 1
309.25 341.69 13.65 8.2545 3.6992 1
75.548 95.099 46.977 37.354 4.9855 1
92.938 102.28 16.696 8.4499 4.3559 1
63.187 75.603 47.504 45.682 4.1071 1
57.893 1.6025 53.597 54.1 5.089 1
97.892 79.647 40.215 50.09 4.8108 1
1.5882 61.614 49.574 48.497 4.3265 1
91.646 59.103 53.32 52.466 6.4118 1
132.87 111.61 10.158 10.296 10.032 1
94.803 93.353 26.915 17.799 3.8998 1
116.53 131.42 18.632 15.627 2.4401 1
60.626 83.362 35.954 26.113 4.5544 1
308 316.24 15.961 31.825 2.8382 1
93.869 66.273 28.288 36.722 3.785 1
312.03 304.92 32.073 18.702 2.8647 1
184.29 134.29 42.737 50.23 3.0317 1
84.136 100.4 50.551 49.534 1.7157 1
110.36 92.842 52.602 53.44 1.693 1
372.53 389.7 320.33 176.69 1.9825 1
130.37 109.15 20.114 20.518 2.041 1
205.01 208.34 217.94 235.29 1.75 1
152.9 172.94 44.277 40.726 2.2435 1
421.63 399.13 13.904 13.824 1.3169 1
489.16 456.86 3.0293 10.188 2.2958 1
397.88 425.38 11.625 11.625 1.25 1
391.63 355.37 13.387 13.441 2.5261 1
