583.67 507.88 127.13 301.08 5.1739 1
638.98 638.98 412.87 147.87 1.2535 1
136.62 575.37 479 478.97 1.2769 1
506.64 497.9 302.04 302.31 3.9026 1
201.48 195.88 127.82 142.59 3.9496 1
202.52 194.22 93.14 106.69 4.3297 1
204.91 201.68 182.77 196.64 3.8533 1
189.69 202.82 104.57 88.088 4.5053 1
192.23 199.49 140.63 123.23 5.8563 1
197.6 208.12 190.89 171.09 4.6914 1
212.55 205.17 223.32 237.77 3.2923 1
199.93 210.88 242.68 218.23 5.1098 1
203.35 197.26 210.22 191.42 5.8779 1
193.97 199.83 107.94 121.31 4.7994 1
197.64 192.92 152.49 140.06 5.7262 1
193.07 190.06 120.34 104.67 6.3255 1
197.52 202.96 140.53 152.84 4.9469 1
202.49 207.72 196.81 207.95 4.4571 1
199.14 491.64 52.281 50.663 5.3924 1
209.22 198.12 162.77 152.5 5.1611 1
202.3 198.07 89.479 52.709 6.737 1
497.3 213.81 305.79 341.63 11.463 1
213.13 204.68 217.6 209.78 4.5876 1
207.08 207.01 235.37 247.88 3.7798 1
218.56 213.97 226.66 159.14 5.7268 1
203.68 203.21 249.08 240.36 3.8117 1
216.58 583.02 145.58 128.43 5.8712 1
491.71 583.65 50.516 127.44 5.5166 1
219.33 217.69 237 227.07 6.9793 1
212.11 209.09 154.31 141.63 10.597 1
225.6 221.61 336.7 281.36 7.8296 1
217.12 203.81 267.52 249 5.4886 1
207.54 215.3 246.34 259.17 3.6572 1
207.07 206.03 172.72 161.45 3.3904 1
221.78 219.28 270.36 237.77 4.986 1
208.05 202.96 123.34 98.11 9.5783 1
221.61 221.57 280.39 272.86 7.4999 1
209.81 208.37 205.49 182.92 4.2997 1
506.1 540.76 297.65 218.04 1.9412 1
501.94 496.08 312.77 327.14 6.7313 1
555.03 572.04 185.23 145.55 1.6415 1
189.36 199.84 247.22 238.75 7.218 1
