638.98 638.98 412.88 147.88 1.251 1
136.62 574.12 478.99 478.98 1.2555 1
220.52 195.65 246.78 70.513 4.7462 1
72.227 79.792 28.804 23.905 3.7412 1
596.99 522.99 152.01 334.92 4.8461 1
334.97 597.23 33.774 151.81 4.4539 1
115.37 105.37 21.054 21.108 3.7901 1
196.99 334.32 72.214 33.581 5.6016 1
408.01 219.45 431.48 247.54 8.6014 1
83.277 61.57 29.185 41.528 9.1402 1
522.92 405.85 334.37 435.73 6.8683 1
105.02 79.317 20.891 15.68 4.4204 1
198.57 451.01 74.968 242.55 3.7023 1
195.36 153.31 70.401 45.884 3.7816 1
47.771 59.19 38.745 35.613 3.0721 1
1.5466 32.843 35.2 34.283 7.2405 1
77.713 74.357 14.632 5.2918 4.3745 1
160.78 201.45 45.932 69.436 3.7036 1
60.613 48.98 38.595 42.435 3.538 1
5.3944 69.168 23.677 22.134 3.5373 1
155.23 176.5 43.71 36.274 2.59 1
34.045 47.894 36.033 37.719 2.9673 1
48.961 21.55 41.758 38.511 3.5121 1
144.92 155.99 36.141 42.703 3.2254 1
32.929 4.0568 26.181 28.097 2.5773 1
225.32 262.93 26.241 20.771 2.2718 1
152.52 143.23 44.773 39.715 2.5701 1
229.25 222.17 273.24 251.45 4.339 1
453.62 411.16 244.97 428.06 5.6486 1
194.19 115.11 81.822 107.05 2.9144 1
114.31 194.25 103.48 78.269 2.8245 1
278.17 310.76 17.412 5.1624 2.3478 1
20.464 1.3921 38.478 41.303 4.2136 1
191.48 219.19 32.069 26.999 2.0093 1
281.67 234.18 19.352 28.153 2.8711 1
297.97 283.05 13.143 18.361 2.3021 1
321.49 298.71 1.3761 13.341 2.4922 1
210.35 223.99 146.63 246.81 2.7751 1
201.4 210.37 84.158 146.45 3.1379 1
191.5 162.84 34.987 43.998 2.3169 1
232.63 203.75 101.98 82.17 2.1217 1
232.86 214.15 27.764 30.526 2.1494 1
266.72 234.16 125.24 102.82 1.7561 1
1.7719 15.43 104.44 97.992 1.3212 1
534.71 546.63 296.86 267.88 1.6315 1
574.02 581.81 200.34 180.45 1.25 1
