638.97 638.98 412.87 147.87 1.258 1
498.81 468.1 183.84 351.21 6.0233 1
274.17 244.05 29.662 27.822 5.3719 1
136.62 574.12 479.01 478.97 1.2813 1
243.61 230.68 26.447 19.789 3.919 1
399.65 395.66 1.5181 75.255 4.8886 1
229.33 240.25 62.658 73.003 3.7747 1
188 203.03 57.054 59.384 2.8536 1
124.13 110.4 4.0644 3.4796 1.6746 1
276.44 276.76 1.5918 11.699 5.2695 1
262.28 264.15 50.16 66.763 5.2676 1
244.03 254.93 0.54372 12.199 7.1849 1
86.579 117.77 64.903 61.834 3.7518 1
288.55 286.98 1.4612 18.932 3.9588 1
489.33 517.63 1.052 72.971 3.4307 1
275.31 274.62 11.62 20.51 6.2315 1
154.12 167.89 6.8343 7.2668 2.5772 1
462.84 458.29 385.36 398.02 5.6433 1
115.52 99.196 46.613 48.491 3.7254 1
136.58 154.1 59.682 58.656 3.4462 1
214.15 196.65 7.574 6.2838 2.4013 1
468.18 462.37 351.46 385.07 6.2966 1
84.124 60.379 3.7767 3.8612 2.5712 1
250.46 235.24 52.28 50.061 3.195 1
242.63 264.31 31.193 33.801 3.9198 1
263.56 271.74 15.045 0.96347 8.3688 1
221.89 242.74 18.656 30.609 4.1932 1
75.308 82.859 65.739 65.168 2.8695 1
519.51 493.3 68.975 1.4602 3.3724 1
270.21 270.73 49.084 62.909 2.8323 1
42.698 22.963 38.781 34.927 4.3992 1
282.99 282.93 14.131 1.6122 5.0439 1
48.017 60.516 53.416 55.922 3.4312 1
180.33 212.96 7.0429 10.904 3.4445 1
61.571 48.978 51.986 50.118 3.3426 1
144.73 145.8 41.582 56.595 3.0253 1
185.71 187.73 38.917 54.308 3.3196 1
195.26 215.21 2.9342 4.7406 4.4111 1
21.579 44.244 54.383 58.463 4.9209 1
238.03 230.66 264.18 112.86 4.3259 1
136.58 139.17 40.185 56.618 3.7045 1
254.17 261.71 13.441 13.884 3.1897 1
142.49 141.16 58.007 41.562 3.5991 1
191.16 190.54 51.719 40.434 3.7445 1
98.229 95.922 61.804 50.266 3.1868 1
126.46 123.84 42.652 59.277 5.7852 1
226.49 225.49 14.135 1.5165 3.8372 1
136.39 132.49 56.69 42.635 4.4839 1
387.9 393.87 74.23 1.3995 9.4756 1
620.9 636.34 64.323 23.716 7.2415 1
304.12 322.87 13.965 13.866 2.572 1
63.706 68.583 47.217 62.651 5.1443 1
265.26 275.39 33.799 33.045 3.6469 1
25.602 36.842 13.123 15.668 3.6574 1
100.29 119.25 1.8519 8.7817 3.7489 1
315.18 325.52 60.526 59.657 3.6234 1
62.869 91.673 7.7587 6.3817 4.8152 1
104.66 103.45 60.487 52.785 2.4694 1
118.69 116.96 60.448 50.11 4.1114 1
171.86 170.7 55.528 47.826 2.6585 1
117.67 131.58 8.6307 2.7654 4.1217 1
475.28 497.96 184.2 183.6 17.66 1
529.27 520.4 0.99128 68.965 10.242 1
99.905 101.16 50.279 60.433 3.094 1
1.5884 12.92 62.544 62.996 2.8466 1
310.64 301.72 47.732 48.723 6.2118 1
458.67 292.31 395.62 428.79 8.8474 1
282.07 284.32 235.59 204.14 5.9673 1
113.28 114.21 52.817 59.292 2.6514 1
284.06 475.69 200.68 187.48 8.5164 1
306.62 322.83 6.3308 5.95 6.5418 1
400.5 404.62 62.968 1.5745 3.6728 1
280.06 289.91 29.398 23.365 4.2639 1
437.41 401.34 1.3571 64.498 4.816 1
20.385 9.1281 34.032 32.846 3.7293 1
117.86 144.29 90.236 86.597 2.8176 1
399.06 494.1 73.996 76.481 4.4755 1
239.9 238.22 270.51 264.75 5.1501 1
405.93 445.43 66.959 0.91162 4.0492 1
45.899 41.993 57.067 39.602 5.6978 1
273.29 273.04 61.645 51.621 1.4307 1
286.25 283.63 380.43 231.66 8.5067 1
290.48 291.56 23.039 14.117 2.4966 1
321.64 305.32 11.191 10.477 2.9891 1
33.984 39.44 40.43 54.488 4.2091 1
300.07 298.37 11.675 1.3384 4.105 1
327.91 331.47 57.532 44.977 4.811 1
237.97 183.01 93.617 83.389 3.6867 1
636.95 623.04 1.3079 41.682 4.8475 1
51.776 61.712 25.886 47.253 4.2165 1
286.65 283.31 431.31 404.22 14.717 1
7.8654 2.2346 37.617 10.508 7.3433 1
20.95 26.002 0.84121 12.606 5.2496 1
131.56 112.82 91.159 93.69 2.6448 1
268.35 239.36 373.1 274.06 7.3155 1
231.63 366.64 105.93 103.72 4.3417 1
99.129 69.13 96.674 96.772 3.8397 1
507.87 406.63 69.465 69.147 3.911 1
527.22 525.78 74.056 61.578 3.0573 1
526.63 609.13 62.003 60.513 7.7018 1
367.12 480 104.09 174.24 6.7118 1
610.37 629.17 59.977 0.84494 6.7688 1
14.418 12.652 47.818 38.685 4.4344 1
261.85 238.98 97.947 93.642 5.3763 1
330.45 328.49 61.474 76.705 4.8368 1
260.97 262.25 66.597 94.154 3.3087 1
279.16 268.25 406.64 373.19 9.1199 1
327.62 288.82 83.993 91.235 5.5866 1
490.12 492.95 211.57 199.14 1.1498 1
511.68 486.06 66.602 1.3547 2.7044 1
477.93 483.34 277.89 250.47 1.5204 1
287.29 286.26 403.02 381.46 7.0746 1
330.99 330.13 26.507 40.282 5.4567 1
483.69 488.51 247.79 222.76 1.6021 1
44.933 51.681 9.3108 25.351 4.9107 1
146.62 132.77 89.104 90.622 2.0768 1
294.67 284.75 438.79 429.82 9.0936 1
182.25 179.76 40.443 17.668 4.1549 1
639.98 625.88 71.391 63.244 6.6623 1
284.07 260.82 93.82 97.921 5.5034 1
56.595 66.355 14.144 29.762 2.7825 1
385.38 395.41 221.6 222.48 1.6841 1
609.1 587.83 97.989 93.061 2.6287 1
64.539 50.736 40.738 8.968 3.1948 1
639.05 615.07 116.81 107.4 2.9446 1
329.15 287.86 231.99 235.24 2.2962 1
301.36 295.59 443.44 438.62 6.4009 1
635.37 615.36 90.328 91.245 1.7631 1
