136.62 574.12 478.99 478.98 1.2537 1
638.98 638.98 412.88 147.88 1.2504 1
444.37 421.47 70.234 232.85 4.5524 1
160.69 124.5 219.05 60.004 5.0724 1
127.4 361.81 60.728 129.73 6.0479 1
421.42 354.61 232.84 308.45 4.553 1
362.47 428.03 128.56 81.355 5.1123 1
352.71 443.7 49.894 69.823 4.8842 1
428.34 441.94 81.558 70.768 6.0454 1
420.35 417.59 125.37 140.32 2.1149 1
598.99 639.23 5.9892 3.0267 6.4549 1
373.02 167.44 321.69 226.13 9.7421 1
125.63 230.39 58.603 21.679 4.5902 1
408.98 406.78 219.1 232.9 3.3099 1
414.37 411.63 175.42 189.37 3.1963 1
423.71 419.59 100.25 114.26 2.7513 1
401.53 418.21 130.05 125.3 4.1156 1
398.93 412.11 178.49 174.48 3.4826 1
395.42 406.96 221.74 217.56 2.5761 1
414.1 398.74 130.31 137 2.3938 1
639.21 597.89 7.968 10.665 4.0678 1
406.14 392.44 232.55 243.86 2.5104 1
417.04 396.72 139.92 150.56 2.7946 1
639.35 520.69 25.56 0.16634 3.838 1
410.45 394.4 190.49 200.8 2.0274 1
418 406.42 104.47 108.56 2.8432 1
362.41 361.46 131.6 152.92 2.7748 1
361.09 356.07 159.04 261.66 3.9288 1
387.88 359.72 137.88 158.68 3.2335 1
541.83 639.41 0.67711 21.546 4.1826 1
597.45 577.79 5.4236 2.1519 8.4261 1
347.14 352.79 295.39 136.62 2.9126 1
354.61 353.98 156.63 190.37 1.4835 1
409.19 396.33 179.27 184.66 3.2722 1
363.71 394.2 152.33 129.23 2.5366 1
341.71 246.7 127.58 100.13 2.4282 1
352.92 352.16 196.63 235.39 1.7171 1
229.48 351.77 22.539 49.721 3.9329 1
423.75 437.83 106.13 95.32 2.1214 1
438.07 415.72 81.892 98.349 2.1224 1
355.77 354.37 135.41 151.65 1.739 1
435.54 425.16 100.58 108.85 2.1534 1
350.57 350.28 259.13 286.62 1.2762 1
167.03 162.93 244.37 230.36 3.4529 1
244.05 204.22 99.363 87.551 2.1322 1
389.12 369.12 314.37 314.43 5 1
