638.98 638.98 412.87 147.87 1.2509 1
474.1 432.92 161.33 337.3 6.3965 1
137.87 574.12 478.99 478.98 1.2566 1
522.76 639.34 19.545 50.805 5.8536 1
201.96 191.2 231.69 79.067 4.5319 1
600.56 588.62 1.2542 35.633 4.2003 1
210.45 201.46 251.03 231.14 7.5672 1
584.7 596.24 35.146 1.0709 4.3913 1
307.67 472.31 193.07 161.45 7.5373 1
640.53 519.95 64.186 29.973 11.542 1
433.68 303.49 336.7 385.75 7.2184 1
155.6 155.84 1.596 24.147 5.0795 1
194.89 308.77 80.843 191.96 4.9068 1
527.16 523.23 1.4405 16.716 2.4212 1
575.75 556.82 63.671 59.488 4.8823 1
282.24 211.08 364.52 251.18 6.4516 1
294.12 397.88 5.8426 5.7846 3.7584 1
401.63 297.87 2.1561 2.0622 2.5 1
566.45 574.16 56.361 57.69 3.0704 1
303.79 282.29 394.72 364.89 7.3823 1
639.52 576.2 84.018 65.604 3.3623 1
317.16 470.01 67.832 158.49 5.5534 1
556.18 513.64 60.665 48.31 4.0252 1
576.75 639.37 62.452 80.789 2.8699 1
294.47 303.35 376.64 195.4 3.1956 1
513.01 494.08 47.6 37.956 3.3204 1
491.44 470.42 29.792 23.946 3.015 1
517.87 475.37 19.11 21.532 2.9936 1
516.5 551.66 45.788 56.494 3.0666 1
472.79 519.17 19.047 16.057 2.8576 1
222.8 223.47 1.5732 16.654 2.7725 1
497.42 516.05 36.323 45.323 2.7568 1
192.86 317.72 77.688 68.316 6.326 1
299.71 307.65 381.65 224.11 3.3147 1
477.84 491.96 23.021 26.496 2.7455 1
552.75 562.9 56.358 57.676 2.3183 1
304.68 302.17 221.65 277.84 2.2406 1
301.12 300.09 287.86 329.12 1.4056 1
59.796 58.854 11.679 1.5341 2.836 1
308.34 308.36 216.63 195.38 1.2701 1
430.17 427.02 348.85 365.45 5.2056 1
320.49 304.18 401.57 394 6.4341 1
405.39 419.1 212.33 212.64 2.6092 1
298.97 297.87 335.37 362.87 1.9485 1
221.05 192.96 19.455 26.944 5.8777 1
397.87 410.38 265.18 265.1 2.5426 1
405.41 425.44 185.66 183.48 3.7281 1
234.12 261.62 7.6344 7.6204 1.2589 1
132.89 117.9 33.894 32.626 1.5616 1
156.84 137.59 37.909 34.44 6.9379 1
177.85 163.25 32.791 37.744 3.708 1
