638.98 638.98 411.63 149.13 1.25 1
136.62 572.87 479 478.98 1.2705 1
272.85 259.01 21.669 14.346 4.4838 1
192.9 202.92 20.617 19.635 3.4726 1
479.8 452.46 171.29 318.82 4.8742 1
453.12 321.65 319.75 370.98 7.2904 1
287.89 285.33 3.872 16.36 4.1448 1
341.64 479.28 50.531 171.62 4.8409 1
22.584 37.604 6.7838 34.273 4.0937 1
259.37 252.89 16.589 21.638 3.7272 1
38.236 47.738 35.194 54.193 3.9139 1
208.07 190.51 22.661 29.468 8.2312 1
270.6 250.52 27.578 32.261 3.1655 1
217.2 258.34 78.767 145.09 4.6118 1
51.196 49.276 43.899 36.928 3.4932 1
253.95 341.92 69.574 50.486 4.0224 1
68.366 75.454 22.706 43.278 7.5774 1
30.47 45.213 4.5175 0.95543 3.3516 1
18.094 1.2821 11.812 14.379 5.2348 1
1.3603 15.34 107.6 105.17 3.2671 1
44.109 38.997 26.636 19.213 3.4089 1
18.228 36.999 103.95 97.761 3.197 1
37.853 34.923 53.921 36.285 4.7275 1
24.985 19.021 24.309 11.674 3.9248 1
157.95 115.7 28.148 39.123 3.7718 1
47.516 35.476 46.815 24.072 2.8593 1
241.93 217.84 213.06 86.632 4.625 1
73.81 77.328 1.4178 17.3 5.0754 1
37.583 49.296 97.557 86.811 4.0731 1
261.45 288.13 33.588 24.92 3.627 1
37.21 39.75 68.029 58.368 3.3711 1
49.108 44.557 36.633 27.012 3.5122 1
284.74 274.38 15.26 20.841 4.5721 1
64.118 41.637 1.5619 4.2253 3.5769 1
32.671 8.7366 105.73 111.17 6.4821 1
71.88 64.941 13.865 7.0445 2.956 1
51.739 42.47 87.973 98.777 3.1208 1
300.6 241.31 329.64 213.03 5.6655 1
128.17 168.9 30.522 21.827 5.9337 1
184.05 159 32.207 28.79 2.9282 1
159.1 184.08 25.538 29.427 2.7438 1
166.63 151.64 18.981 18.84 2.594 1
154.12 199.15 16.175 15.395 2.976 1
254.29 241.67 19.68 20.846 3.2743 1
42.315 29.425 98.874 103.68 3.3751 1
58.582 67.568 9.4424 24.824 5.4816 1
48.089 42.005 57.911 63.106 4.3363 1
308.07 349.46 224.81 212.79 3.64 1
320.57 300.89 367.77 330.1 6.7969 1
48.707 51.644 76.399 87.189 4.6033 1
94.468 79.309 31.01 22.546 2.6919 1
134.36 103.19 83.687 92.718 3.0291 1
101.01 94.358 25.663 11.516 3.3932 1
104.57 105.86 11.417 21.873 6.2032 1
255.41 244.03 36.228 35.156 2.3717 1
70.228 58.567 51.162 54.871 8.6629 1
12.633 21.86 90.049 83.191 1.7763 1
42.902 53.054 10.181 11.571 7.2099 1
22.604 11.79 86.301 95.325 3.3555 1
62.877 34.043 102.89 107.35 2.1764 1
10.403 1.2762 110.49 112.65 4.8658 1
153.61 137.93 18.708 9.0333 3.35 1
89.281 136.82 93.419 79.801 3.0983 1
320.66 309.91 357.85 226.46 4.1683 1
258.51 284.82 36.026 60.959 2.9127 1
245.45 217.97 72.003 77.136 3.3078 1
280.33 256 61.675 38.474 3.1342 1
102.83 81.607 92.688 97.802 2.4304 1
113.15 85.66 57.286 68.57 3.116 1
1.0144 14.566 7.618 2.1273 5.8226 1
348 395.4 213.29 199.21 2.9776 1
90.707 111.71 63.624 54.322 2.5306 1
28.088 1.2312 32.223 41.767 7.8264 1
40.056 22.446 79.599 86.829 2.3083 1
396.52 445.26 198.8 183.77 2.2995 1
22.482 38.802 83.067 77.005 2.2096 1
424.27 390.63 2.002 14.802 2.1094 1
450.17 476.57 182.21 173.96 2.164 1
9.1801 20.461 23.617 22.779 2.7709 1
132.88 122.85 1.8432 2.2577 1.6617 1
82.817 99.041 36.013 34.487 1.83 1
446.17 427.72 147.13 130.55 1.3887 1
166.56 146.6 6.1607 8.9249 2.4764 1
