530.13 482.43 129.97 306.5 5.0775 1
136.62 574.12 478.99 478.98 1.2559 1
638.98 638.99 412.87 147.87 1.2602 1
200.54 160.53 357.84 174.79 5.2325 1
160.33 157.57 175.42 86.596 4.8363 1
158.09 446.86 86.608 61.815 5.573 1
579.75 615.53 68.815 92.638 4.4986 1
490.73 203.39 308.51 363.09 10.977 1
447.1 529.14 61.303 130.12 5.3171 1
549.24 579.32 55.141 69.985 3.479 1
505.76 543.72 30.804 48.73 4.1127 1
606.54 577.79 92.992 71.735 5.3712 1
535.26 507.68 48.142 35.813 3.9336 1
627.72 639.34 97.096 100.98 3.166 1
577.33 532.89 74.13 49.1 6.1211 1
507.16 497.87 36.099 26.633 2.0999 1
543.59 549.4 49.845 54.179 3.4986 1
442.88 341.62 1.6831 2.1012 2.6445 1
500.92 489.97 17.193 8.3771 3.1837 1
489.17 499.51 4.0603 11.048 2.7983 1
162.79 526.58 174.63 131.23 5.2263 1
639.64 618.63 117.17 101.85 4.6085 1
622.86 639.21 92.826 88.165 3.6014 1
502.51 502.79 17.842 25.425 2.7304 1
639.17 626.61 91.912 94.031 2.4652 1
488.19 454.27 7.5387 0.90534 3.9746 1
630.26 639.61 106.83 111.99 3.0196 1
499.9 499.23 27.989 17.868 3.5765 1
481.35 491.56 2.2436 6.7664 2.2858 1
470.44 481.82 1.1766 2.7494 2.3053 1
639.81 633.26 106.45 103.32 4.5121 1
617.38 605.86 102.37 94.65 3.449 1
191.24 195.79 299.2 321.54 1.4743 1
507.08 514.74 203 175.55 1.7931 1
168.85 173.97 196.69 220.41 1.6803 1
42.875 24.125 1.625 1.625 1.25 1
