638.98 639 411.62 147.87 1.2666 1
137.87 572.87 479.01 478.97 1.279 1
232 206.55 335.53 187.46 5.2741 1
1.5562 84.097 46.617 44.353 5.322 1
404.4 382.72 170.41 323.93 5.9848 1
377.02 404.8 105.22 173.61 5.3922 1
85.644 109.16 43.709 40.673 3.9195 1
136.62 1.5926 48.542 50.144 5.3898 1
206.43 209.52 189.07 101.68 5.363 1
321.64 211.69 34.562 39.3 5.6634 1
380.81 229.06 324.36 341.02 10.956 1
358.52 335.31 3.5294 11.434 9.1398 1
335.47 316.54 11.856 10.042 4.448 1
320.45 331.82 13.635 15.353 2.587 1
209.05 400.49 186.88 173.24 6.782 1
154.04 133.73 7.2059 9.9315 10.576 1
277.88 252.89 1.9967 2.3506 2.6413 1
121.96 99.463 38.882 46.389 3.5572 1
332.71 362.82 15.399 11.243 3.8857 1
330.2 339 5.9367 3.6449 4.1734 1
212.61 211.73 40.394 85.352 5.2685 1
370.14 376.68 87.967 104.87 3.0457 1
113.99 87.576 26.177 34.416 3.2739 1
102.19 118.29 40.797 35.352 3.8695 1
195.55 154.18 43.029 48.286 2.7748 1
88.779 113.85 28.913 22.974 4.001 1
330.87 324.54 33.24 20.176 2.7949 1
327.95 335.87 16.588 32.631 2.2989 1
437.88 416.63 17.875 17.875 1.25 1
