638.98 638.99 412.87 147.87 1.2601 1
466.27 431.63 161.05 332.62 6.6559 1
137.87 574.12 478.99 478.98 1.2571 1
432.26 305.19 332.69 387.44 4.9508 1
306.58 464.33 200.18 161.2 4.8967 1
274.1 396.68 8.6617 2.8981 3.4795 1
506.18 639.48 12.362 42.535 6.0005 1
389.1 276.62 0.88665 5.1863 3.4455 1
308.3 467.4 74.588 161.25 5.3108 1
179.18 189.01 4.3665 2.3275 3.7166 1
271.91 272.71 1.3351 9.0123 6.2163 1
640.28 503.47 55.533 22.874 11.381 1
200.58 194.82 247.28 205.28 8.2089 1
45.465 80.682 3.4348 8.0159 4.9078 1
188.12 305.76 93.848 198.84 5.1643 1
557.99 540.3 53.188 51.017 4.8105 1
184.21 309.29 89.841 74.192 4.0381 1
501.65 459.21 11.86 16.165 3.1002 1
153.99 166.05 12.333 9.2596 4.8451 1
195.25 183.63 205.13 91.42 6.2627 1
384.13 402.93 205.41 201.93 2.0446 1
10.217 21.598 4.7006 5.6886 3.9475 1
308.8 278.8 396.88 359.13 7.7024 1
278.92 202.53 358.77 249.74 6.8599 1
521.49 560.31 45.95 48.752 3.933 1
83.951 97.94 7.6889 9.9746 5.1361 1
395.46 309.1 205.67 229.04 2.6816 1
476.68 452.93 23.853 18.873 2.6445 1
407.93 387.95 224.29 230.61 2.701 1
297.89 300.96 379.13 204.14 2.6322 1
404.33 385.63 198.82 202.81 2.3635 1
379.13 359.12 232.04 231.99 1.2919 1
369.16 351.59 331.33 331.99 1.6393 1
395.21 374.29 321.26 330.74 2.9932 1
452.8 504.19 14.736 8.3802 2.7748 1
303.28 303.84 385.38 336.62 3.7065 1
539.15 500.24 51.532 42.185 3.2594 1
459.23 477.98 17.368 21.106 2.2112 1
300.43 300.37 335.38 380.37 1.2895 1
377.64 392.92 332.35 325.47 2.3931 1
389.12 373.08 281.59 285.05 2.1796 1
459.26 399.32 169.67 184.9 2.3826 1
580.21 572.79 1.1913 25.35 5.1467 1
481.47 520.52 30.803 44.97 3.6516 1
307.81 379.02 226.4 207.49 2.7571 1
357.88 375.38 234.13 234.13 1.25 1
639.49 557.9 76.452 55.271 3.8046 1
207.51 167.67 25.499 38.488 4.4704 1
499.93 476.53 41.464 31.854 2.994 1
567.32 574.16 23.474 1.2513 4.7789 1
144.91 144.02 9.0325 1.4898 2.7748 1
321.62 285.38 8.9591 10.587 1.9781 1
269.1 210.38 13.751 17.916 2.485 1
129.22 89.145 45.932 40.232 3.1899 1
207.87 261.64 15.356 11.902 2.6094 1
561.63 639.44 52.86 72.908 3.1714 1
445.41 426.62 191.75 196.62 2.1511 1
357.88 331.63 7.875 7.875 1.25 1
395.38 416.65 214.3 213.68 2.7876 1
304.36 304.71 334.13 287.87 1.6 1
88.076 45.489 40.092 34.506 3.1082 1
387.85 407.93 266.18 265.09 2.8344 1
328.81 310.13 402.54 396.1 6.3952 1
391.58 412.75 188.82 185.76 4.0683 1
409.91 402.75 266.26 275.28 3.1091 1
155.35 127.84 46.704 46.268 4.0862 1
379.13 400.38 310.46 310.35 2.5722 1
412.87 421.62 186.31 186.34 3.7531 1
302.7 301.29 282.87 332.87 2.6752 1
429.71 426.96 345.07 362.53 5.3947 1
391.63 375.36 5.7229 6.021 1.5476 1
303.14 302.76 241.61 270.37 1.283 1
305.43 306.71 284.13 230.38 2.8552 1
1.5562 17.94 41.253 38.227 1.8722 1
306.7 306.45 222.87 202.86 1.25 1
440.31 443.29 272.86 256.7 1.25 1
409.13 395.35 218.02 218.54 1.7663 1
208.01 206.9 1.5277 14.257 5.5222 1
137.55 141.29 12.713 33.965 2.5312 1
