638.98 639 411.62 149.12 1.2698 1
137.87 572.87 479.02 478.97 1.2901 1
233.05 202.78 344.09 191.15 4.7272 1
405.61 386.6 185.25 338.03 4.8017 1
202.59 223.41 191.57 84.228 4.6176 1
1.622 122.86 42.746 39.875 4.7552 1
384.19 234.11 340.99 346.11 8.3049 1
81.671 11.602 43.745 47.435 4.5995 1
386.67 376.61 10.576 12.793 3.5379 1
139.13 156.95 39.131 31.085 4.2258 1
157.64 167.45 11.328 3.585 3.8726 1
373.86 405.48 58.88 186.29 4.2147 1
160.39 140.98 32.896 42.812 4.0062 1
205.36 402.9 191.19 186.18 4.5365 1
126.56 138.11 39.924 38.281 2.8323 1
119.13 82.843 45.178 43.618 4.3909 1
399.95 385.24 5.1197 9.3029 9.6184 1
355.38 234.12 37.914 40.095 4.8643 1
122.19 140.27 31.659 21.441 4.2114 1
131.49 124.83 28.821 34.763 3.4292 1
232.85 225.76 40.371 80.221 3.3376 1
144.17 116.78 45.57 44.362 6.7394 1
612.86 639.21 9.0606 3.2385 3.3784 1
639.43 612.94 6.5852 13.156 4.2507 1
177.85 194.24 13.962 10.996 2.3549 1
376.64 355.33 13.926 12.232 3.5814 1
195.36 174.13 5.9983 6.6563 9.9952 1
359.13 397.88 16.701 14.17 4.093 1
156.45 131.47 22.184 28.507 3.3735 1
141.54 155.28 22.421 19.866 2.4579 1
10.494 1.4796 46.554 45.744 4.294 1
325.38 292.88 1.9306 2.0642 2.5873 1
195.36 144.09 45.003 47.017 3.1851 1
385.65 385.54 341.62 366.63 2.5519 1
230.49 199.2 41.484 44.844 2.7943 1
144.12 185.37 43.516 42.843 2.7444 1
205.49 232.99 42.253 37.246 2.2357 1
367.38 362.03 36.799 21.483 3.1842 1
365.82 379.33 20.684 55.778 2.7853 1
235.66 213.18 9.8525 18.663 2.8304 1
384.11 389.65 332.87 286.69 1.9847 1
477.89 459.13 21.805 21.538 1.25 1
390.39 392.02 282.88 267.92 1.3775 1
392.44 399.63 265.32 205.44 1.7376 1
566.66 538.06 11.809 17.537 1.9655 1
450.38 429.13 20.166 19.927 1.4045 1
