135.37 574.12 479 478.97 1.2747 1
202.87 159.72 347.59 161.2 4.8707 1
638.98 638.99 412.87 147.87 1.2576 1
536.21 528.54 126.16 153.75 5.7521 1
528.37 488.56 154.84 304.31 5.1222 1
490.45 204.54 308.36 351.86 10.153 1
168.01 460.51 77.142 54.651 4.7994 1
160.14 168.29 163.99 76.781 4.9522 1
603.89 636.48 60.769 80.608 4.409 1
460.12 536.42 54.396 125.69 4.4922 1
579.98 604.27 49.877 62.592 4.3263 1
535.33 573.49 24.216 42.876 4.0407 1
628.09 606.61 80.031 66.657 5.7065 1
565.1 535.18 42.22 28.301 3.6907 1
598.07 572.47 63.758 49.868 5.3065 1
605.67 598.78 67.35 63.498 4.1401 1
570.71 579.96 41.243 49.43 3.529 1
537.28 529.74 29.574 23.381 3.9648 1
162.81 532.94 163.46 126.03 4.4993 1
532.17 517.44 8.1148 0.12302 3.576 1
640.46 628.18 92.694 81.215 6.8275 1
530.03 530.03 22.875 9.1249 3.7516 1
533.34 533.92 6.5524 20.384 3.6407 1
573.31 562.52 49.055 41.58 5.2183 1
178.83 198.08 229.19 312.83 1.8671 1
165.17 178.42 170.42 227.75 1.8839 1
306.62 285.35 70.163 70.787 1.25 1
256.61 232.86 73.764 75.063 1.5212 1
515.37 520.58 191.62 171.68 1.5253 1
332.87 310.38 67.842 69.216 1.8571 1
483.05 459.15 80.191 57.846 1.4707 1
274.16 259.14 72.215 73.115 1.3973 1
