331.7 349.19 1.1164 3.6816 3.0177 1
356.64 414.31 7.8089 20.801 3.8995 1
350.28 313.09 7.156 0.43094 4.0437 1
638.99 638.99 411.62 149.12 1.2541 1
395.7 356.85 20.123 11.823 4.545 1
137.87 574.12 479.01 478.98 1.2769 1
413.6 445.29 20.798 30.654 3.7402 1
452.97 396.63 37.58 19.122 4.649 1
454.17 481.69 32.192 29.993 3.5871 1
483.03 461.6 32.449 36.466 4.0688 1
395.28 572.66 215.25 76.348 6.9362 1
534.2 504.31 63.884 54.777 6.2401 1
501.34 474 52.61 44.563 5.9957 1
541.83 538.08 0.88594 12.538 5.9494 1
603.62 602.36 1.4068 11.561 4.0365 1
572.75 534.53 74.578 63.923 4.0282 1
240.27 436.73 137.57 35.577 5.7501 1
266.57 242.29 299.13 137.4 6.9827 1
381.65 265.08 384.42 299.08 8.015 1
473.04 453.1 44.848 38.428 3.0643 1
457.93 507.98 37.654 49.957 3.1059 1
452.83 489.13 20.259 19.195 3.4551 1
480.38 461.57 21.828 22.428 2.5386 1
464.01 452.77 35.102 33.762 2.0386 1
495.1 484.01 22.581 32.753 4.6827 1
356.77 348.19 11.205 8.2283 4.7241 1
511.52 495.47 12.632 19.342 3.7527 1
491.72 511.03 16.859 8.9183 4.009 1
564.93 528.06 103.1 232.57 6.7973 1
505.43 495.29 26.259 24.634 2.6663 1
539.14 515.36 14.818 14.557 7.6777 1
390.73 379.58 383.16 386.06 5.8266 1
573.71 565.35 78.466 99.611 7.6789 1
639.19 588.98 27.332 21.672 3.8482 1
600.37 639.2 20.457 22.845 3.9731 1
581.41 572.12 10.588 1.1408 2.7033 1
576.81 587.22 1.4699 13.618 2.7117 1
530.04 387.36 233.81 383.51 7.7886 1
116.44 1.5785 0.31134 16.291 4.306 1
516.6 532.88 20.899 21.541 1.7415 1
506.58 499.02 54.271 51.987 4.7868 1
461.45 449.04 22.454 27.674 3.4566 1
1.6011 90.209 12.702 0.42841 3.6935 1
497.83 509.35 21.848 24.301 2.4452 1
245.05 393.37 138.5 215.67 4.2265 1
612.71 579.06 73.697 66.965 2.4519 1
580.41 614.06 63.939 70.701 3.184 1
579.13 624.23 94.091 106.24 2.8333 1
623.13 578.08 109.45 97.134 2.3078 1
503.6 508.8 47.382 28.687 7.6963 1
529.1 512.78 24.346 22.454 2.0431 1
556.86 579.39 5.5376 10.419 2.7686 1
437.81 452.85 36.877 40.496 1.8453 1
20.418 1.5634 3.0115 8.9286 3.9522 1
565.47 579.28 30.745 27.222 2.4224 1
581.65 571.5 21.863 23.118 2.3278 1
