263.58 264.31 124.18 97.88 4.4403 1
257.58 263.35 289.2 129.14 4.8509 1
638.98 638.98 412.88 147.88 1.2551 1
137.87 574.12 479 478.97 1.2746 1
397.67 256.88 369.48 289.92 5.6244 1
266.34 459.96 97.33 175.16 4.6047 1
264.63 423.5 96.426 20.442 4.7559 1
564.06 498.99 62.358 227.56 5.2517 1
404.06 395.68 365.21 374.4 10.082 1
456.67 450.93 185.39 201.82 3.9524 1
423.64 562.79 20.764 61.898 3.8597 1
369.19 333.61 197.67 187.12 3.279 1
377.74 341.43 164.72 156.19 3.2171 1
449.72 431.93 207.68 267.22 5.2573 1
341.33 365.25 192.64 199.57 2.4015 1
338.69 367.8 158.07 166.87 3.9513 1
360.23 322.57 257.04 243.74 2.9842 1
253.6 259.55 326.75 293.17 12.463 1
455.3 361.65 183.06 145.31 2.3734 1
498.2 445.42 228.1 305.41 6.2438 1
266.95 266.7 100.38 124.13 1.4913 1
266.4 262.53 131.62 236.61 2.2164 1
431.18 415.92 268.99 318.52 5.1464 1
331.77 351.52 249.97 256.92 2.2055 1
348.79 318.8 305 293.74 2.6274 1
409.81 403.74 347.67 366.09 12.264 1
415.69 407.18 317.6 346.42 4.4639 1
321.67 344.17 297.77 306.5 2.1884 1
394.1 381.37 169.23 166.6 2.2858 1
397.8 268.94 185.55 130.81 2.7687 1
445.45 414.46 305.82 351 5.3577 1
430.5 408.15 198.82 189.7 2.0547 1
330.18 313.92 149.35 135.62 3.523 1
639.5 583.16 33.44 2.3592 3.0548 1
269.29 326.87 127.49 152.31 2.6327 1
332.78 310 186.74 167.06 3.2242 1
262.62 260.64 242.86 287.89 1.9617 1
314.93 305.29 235.96 224.19 3.9612 1
345.58 304.11 138.61 121.67 1.99 1
331.55 290.41 126.82 110.29 1.444 1
427.88 445.5 169.11 176.31 1.6796 1
362.83 381.58 142.98 150.49 1.8646 1
377.9 416.65 174.07 190.31 2.053 1
288.91 264.12 254.53 241.63 1.7754 1
307.88 325.49 224.12 227.22 3.3292 1
402.89 425.37 159.09 167.88 1.6195 1
315.05 330.38 166.77 170.36 2.7951 1
370.47 387.85 151.42 159.19 2.0415 1
415.34 384.08 260.45 245.48 1.4793 1
302.78 316.63 273.65 275.35 2.3296 1
319.04 329.25 135.38 136.05 2.9054 1
461.6 456.02 185.37 202.68 1.6882 1
