638.98 638.97 412.88 147.88 1.2665 1
140.37 575.37 478.99 478.98 1.2676 1
302.49 548.3 159.2 79.186 5.1093 1
550.85 486.77 77.096 243.7 5.1156 1
487.29 290.61 244.06 353.3 10.217 1
185.52 426.89 66.168 21.834 5.1938 1
198.73 186.65 252.81 94.314 5.5433 1
186.5 184.57 94.225 67.752 5.0775 1
201.06 303.23 79.86 158.29 7.9425 1
286.19 199.06 351.86 252.78 5.6653 1
223.09 215.23 160.75 139.18 4.0484 1
426.86 549.52 22.361 77.293 5.4516 1
262.8 234.42 145.58 135.78 2.7286 1
221.28 214.32 129.66 109.06 3.1991 1
221 217.68 210.72 192.91 3.8308 1
223.69 219.8 261.97 242.74 3.6632 1
259.1 237.79 232.93 225.62 2.3993 1
262.81 233.39 176.83 167.51 3.1603 1
260.15 236.48 282.14 271.96 2.6292 1
219.87 234.34 192.91 198.58 3.9475 1
216.19 227.6 106.46 111.05 2.8541 1
186.46 200.04 268.92 258.34 6.8002 1
218.65 234.08 138.14 143.01 3.9523 1
360.49 342.69 144.52 149.73 3.1021 1
240.48 259.08 141.33 148 2.5987 1
237.97 224.14 206.45 199.09 2.7569 1
241.51 256.61 278.18 284.16 2.1357 1
239.33 222.36 152.46 143.89 2.8303 1
235.47 221.49 226.54 211.75 3.3847 1
312.79 304.45 164.12 251.66 3.1402 1
188.56 194.75 273.38 264.92 3.7651 1
630.49 601.75 15.961 10.93 3.6939 1
304.28 302.57 252.89 274.1 1.5476 1
409.27 387.88 128.32 135.39 2.3946 1
233.01 224.51 167.69 161.13 2.5172 1
483.72 478.69 252.7 264.47 2.9569 1
210.84 192.8 118.59 102.96 2.3292 1
283.75 274.27 357.93 360.85 4.4089 1
298.58 297.69 311.58 322.86 1.5429 1
