135.37 574.12 478.99 478.98 1.2663 1
638.98 638.99 412.87 147.87 1.2581 1
197.77 161.77 268.9 86.35 5.9642 1
459.69 452.29 391.05 410.94 8.6367 1
450.26 195.73 411.84 269.73 11.396 1
564.86 556.25 164.38 188.99 3.6572 1
576.65 565.11 131.63 164.03 3.7107 1
556.07 518.41 189.38 293.87 3.42 1
584.47 578.01 109.96 124.08 7.2435 1
579.17 576.92 124.56 131.31 3.5576 1
162.75 284.94 85.231 27.098 5.2934 1
511.46 466.82 215.32 362.07 4.9929 1
464.09 461.46 370.36 380.33 4.0067 1
466.81 464.43 362.54 370.08 3.9524 1
461.13 459.29 380.6 386.68 4.0617 1
517.88 462.9 294.13 392.19 4.3804 1
284.8 583.49 27.476 108.95 6.693 1
163.95 508.97 87.076 217.04 5.0981 1
575.89 512.64 121.97 215.21 4.2104 1
118.81 19.265 90.979 139.41 3.5535 1
60.179 107.75 114.96 92.611 3.2941 1
37.732 24.1 64.595 60.457 3.4815 1
108.65 40.471 90.464 66.353 4.4266 1
26.265 39.077 56.526 60.53 3.2065 1
48.202 118.74 64.435 88.978 4.415 1
75.321 120.27 47.7 33.791 2.5595 1
18.927 48.115 134.97 120.87 2.5247 1
170.45 194.22 19.277 6.8041 2.3787 1
196.46 171.85 8.8181 22.044 2.1051 1
48.764 57.808 120.88 116.49 2.1384 1
150.46 128.04 29.434 35.938 1.8969 1
124.22 162.84 33.221 22.731 2.3984 1
