638.98 638.98 412.88 146.63 1.2518 1
344.24 344.27 1.6211 12.875 2.5215 1
488.51 437.94 141.12 327.55 5.8926 1
139.13 575.38 478.98 478.99 1.2586 1
346.12 487.73 51.19 139.35 4.385 1
218.74 215.36 210.36 51.599 4.1745 1
465.75 465.17 1.5846 14.173 2.8417 1
584.35 639.61 33.299 48.612 5.5008 1
302.92 485.26 153.43 140.05 5.16 1
335.03 335.96 12.949 1.5709 3.1023 1
437.85 290.54 327.78 361.12 7.7209 1
580.71 582.62 40.46 32.812 3.6016 1
457.52 461.8 1.3039 13.26 3.531 1
595.23 585.28 1.1508 30.343 3.173 1
463.24 461.58 10.307 1.4006 2.0615 1
640.56 580.3 61.787 43.907 10.22 1
293.46 301.39 299.08 186.61 3.0127 1
289.25 221.22 367.82 219.31 6.2582 1
346.57 462.92 11.789 16.714 3.6544 1
288.93 293.03 357.95 301.64 2.834 1
459.18 354.06 13.066 7.8671 3.9307 1
636.86 619.09 78.013 74.278 4.6359 1
284.91 298.65 350.43 156.68 2.7223 1
298.93 290.92 185.36 299.16 2.1244 1
627.79 636.58 71.257 72.09 3.0785 1
302.14 302.53 180.36 155.37 1.64 1
470.36 547.91 3.3803 5.3496 5.0936 1
216.62 345.38 51.319 51.657 3.9405 1
238.12 302.61 77.666 152.02 3.7881 1
300.68 299.36 159.15 177.89 1.25 1
390.34 369.25 169.43 166.87 2.3649 1
428.65 437.85 331.04 343.2 8.5272 1
549.51 529.03 42.781 36.944 3.4374 1
563.17 551.84 57.425 50.041 3.0951 1
305.64 289.33 377.7 362.77 8.1422 1
414.18 396.55 198.19 201.2 2.6747 1
617.76 563.6 75.728 58.249 4.2555 1
400.39 416.65 173.11 172.05 2.9015 1
425.12 401.98 164.41 170.48 3.1925 1
530.26 557.89 32.123 30.598 3.4686 1
475.34 304.07 169.99 186.03 3.0345 1
371.68 390.42 169.96 172.55 2.3054 1
480.34 395.45 148.65 155.05 2.6339 1
571.94 563.7 15.715 12.87 3.9526 1
278.31 277.2 1.5694 17.914 3.9961 1
209.12 211.19 1.5219 26.558 4.3544 1
435.42 425.39 163.41 164.25 3.0126 1
561.14 607.63 52.976 69.805 3.4833 1
277.58 236.24 20.153 28.467 5.6481 1
304.1 392.83 182.63 174.91 2.7136 1
387.87 365.26 201.66 198.83 2.6368 1
409.18 387.85 254.38 259.03 2.599 1
585.33 570.31 15.416 14.9 3.7478 1
289.18 287.59 319.13 344.11 1.8057 1
433.3 427.6 340.89 359.43 3.8592 1
404.11 426.66 188.04 189.94 3.122 1
608.86 624.22 69.102 72.431 2.708 1
399.05 414.04 244.97 246.33 2.3766 1
554.13 527.87 12.047 11.984 4.997 1
379.13 435.38 157.55 159.1 3.8172 1
369.09 346.68 310.73 308.56 2.3683 1
392.91 378 305.5 309.59 2.7414 1
538.06 552 36.031 40.427 2.513 1
369.17 382.88 202.47 204.07 1.9021 1
588.09 598.37 30.452 1.3592 1.7987 1
427.86 456.6 171.5 168.83 1.9386 1
579.13 539.13 34.634 34.736 1.3513 1
420.37 404.23 194.14 192.05 2.3184 1
209.47 165.25 33.656 24.771 5.1594 1
213.86 213.41 24.131 5.3621 1.6128 1
380.35 361.58 260.57 258.24 2.481 1
385.37 402.88 294.14 295.35 2.6657 1
450.4 466.65 148.16 146.99 1.5179 1
458.1 461.63 241.68 227.88 1.2668 1
559.12 580.38 30.971 30.841 1.3719 1
421.64 441.61 150.59 148.95 1.7569 1
47.884 1.6466 25.921 26.685 4.1005 1
280.38 311.62 11.594 12.008 2.4004 1
362.88 342.88 157.88 157.88 1.25 1
312.88 281.63 15.375 15.375 1.25 1
164.26 134.19 24.8 17.604 3.4082 1
231.06 220.52 29.886 33.311 5.4973 1
391.62 370.38 155.28 156.67 1.8193 1
361.75 374.13 195.76 191.63 2.1423 1
221.63 221.63 191.63 207.88 1.25 1
