638.97 638.99 412.87 147.87 1.2644 1
137.87 574.12 479 478.97 1.2763 1
234.36 236.23 269.14 107.9 5.5219 1
364.06 233.5 355.48 269.43 4.8361 1
238.55 420.34 76.598 161.7 4.5534 1
236.22 235.89 99.149 76.581 6.1942 1
234.86 417.59 76.102 8.3461 4.9635 1
554.61 491.41 57.569 216.54 4.8843 1
370.77 360.92 353.62 358.89 7.436 1
325.38 296.24 239.11 228.99 2.7226 1
417.72 556.25 8.3424 55.245 3.7567 1
312.76 333.86 143.25 149.96 4.0623 1
488.05 459.57 221.78 253.4 8.1834 1
345.46 303.52 183.84 171.11 3.6298 1
315.38 339.23 177.85 185.02 2.2829 1
353.26 307.63 151.48 138.74 3.5266 1
371.16 366.65 333.76 354.85 4.798 1
302.84 329.12 234.23 242.88 2.0281 1
322.76 292.65 289.44 278.5 3.0908 1
230.82 232.91 308.1 280.57 10.066 1
294.04 319.97 281.84 291.45 2.5652 1
459.02 388.24 253.9 333.07 6.0718 1
389.08 369.83 331.9 353.97 8.6979 1
297.42 281.96 132.07 116.3 2.7318 1
413.06 335.21 168.74 131.97 2.2309 1
337.95 326.4 241.18 239.15 2.5291 1
406.29 241.47 192.3 110.7 2.6335 1
302.33 279.57 170.93 148.7 3.7019 1
420.07 479.91 159.12 113.52 4.0726 1
408.79 393.2 194.04 252.96 3.8743 1
392.78 371.43 255.35 333.16 3.6829 1
242.92 283.93 107.78 128.27 2.239 1
284.93 276.8 218.18 206.5 4.1942 1
639.82 617.22 15.475 1.8927 2.5856 1
282.7 272.97 270.49 255.31 2.9942 1
414.9 409.88 170.6 188.09 3.7833 1
239.13 239.13 111.63 165.38 1.25 1
340.4 241.71 127.82 81.44 1.7439 1
237.96 237.85 222.88 257.87 1.2662 1
346.42 393.02 159.55 182.58 1.8841 1
239.13 239.13 171.63 217.88 1.25 1
281.45 294.07 206.05 209.33 3.0482 1
312.72 293.85 120.72 112.23 1.6528 1
338.97 412.82 130.7 165.48 2.0066 1
274.23 239.19 242.71 221.52 1.7418 1
285.13 297.81 148.92 151.9 3.6503 1
286.42 305.42 116.38 120.16 3.9177 1
295.32 285.69 227.93 218.79 2.0908 1
499.48 551.13 98.336 58.863 3.1486 1
