638.98 638.99 411.62 147.87 1.2625 1
137.87 572.87 479.02 478.97 1.2916 1
195.11 158.61 330.15 171.17 4.8096 1
158.19 229.75 171.85 68.309 4.7794 1
352.32 347.92 315.6 354.27 7.8755 1
348.67 344.21 355.24 370.4 1.9945 1
362.01 351.26 191.44 315.34 4.1772 1
346.56 196.15 357.03 331.95 8.2289 1
207.91 231.79 21.728 13.339 4.59 1
449.69 440.46 6.7213 10.577 3.942 1
483.51 476.21 1.2295 12.609 3.2361 1
231.21 210.62 17.811 24.836 4.7041 1
8.9741 195.54 3.3341 19.807 5.6428 1
371.45 393.81 143.11 42.805 4.0964 1
32.583 1.4685 11.362 2.1537 4.8428 1
180.7 135.28 22.419 17.476 5.1565 1
257.58 238.05 28.504 57.994 3.8318 1
540.81 543.83 12.99 1.5474 3.3884 1
464.1 456.59 18.94 20.122 6.5627 1
197.88 210.48 20.397 19.6 4.0578 1
134.17 33.033 18.624 9.8082 6.0726 1
456.66 432.84 21.018 19.747 3.5447 1
460.53 454.44 16.437 11.25 3.6654 1
230.18 198.69 5.8316 13.596 4.5889 1
405.42 372.87 2.813 1.7676 4.1092 1
392.78 257.71 41.349 28.297 6.2575 1
440.38 476.62 24.558 23.956 4.1644 1
198.77 215.45 10.699 4.3296 3.8431 1
160.34 360.14 171.85 198.36 4.6549 1
202.92 181.38 26.32 23.451 5.6166 1
475.81 465.73 12.447 14.554 4.8943 1
226.76 206.52 30.859 27.212 3.4464 1
428.12 441.11 19.677 24.313 3.2784 1
391.6 386.69 66.465 105.54 3.7258 1
382.66 372.04 149.1 229.18 4.0215 1
216.59 231.69 4.8722 3.8286 3.1835 1
386.88 382.22 106.51 147.94 3.3225 1
252.85 227.8 31.987 30.322 2.8259 1
215.44 252.89 25.835 28.975 2.909 1
437.67 440.04 24.137 65.394 3.242 1
371.29 355.71 229.29 316.68 3.5105 1
374.35 362.94 139.17 192.62 3.1315 1
434.7 433.34 64.148 24.152 3.2252 1
163.47 188.37 177.74 286.51 2.0846 1
312.8 294.15 1.4067 7.942 1.8553 1
592.89 580.37 44.787 44.559 1.4774 1
274.17 255.36 2.0863 4.0276 2.3984 1
412.94 394.13 65.934 64.074 2.1188 1
402.9 432.84 61.354 64.503 1.4401 1
579.16 541.67 44.988 41.205 2.7383 1
530.23 517.67 38.729 36.549 1.4269 1
