137.87 575.37 479 478.97 1.272 1
638.99 638.98 412.88 146.63 1.2653 1
283.12 556.17 173.42 49.621 5.4086 1
556.08 548.29 49.854 76.745 5.6877 1
548.04 510.43 78.526 225.39 5.509 1
521.75 549.51 14.676 8.3044 5.1331 1
554.67 530.9 7.9413 17.873 5.2995 1
511.93 311.32 227.09 356.28 8.7626 1
181.02 426.2 87.266 4.1126 5.4377 1
219.87 180.99 260.2 94.274 5.2697 1
530.35 509.2 17.294 18.259 3.6891 1
547.53 553.99 6.1562 1.4339 3.4939 1
305.26 219.12 358.27 260.53 7.7889 1
563.46 552.67 0.40238 6.2513 3.8 1
504.17 521.74 12.429 14.378 4.9695 1
498.18 508.03 10.748 2.7704 3.3513 1
489.19 455.87 13.97 0.4129 3.9048 1
526.55 502.73 3.7358 8.384 3.9497 1
507.94 530.36 2.6935 1.307 2.6496 1
465.59 497.24 0.96829 11.114 5.1429 1
303.58 283.9 353.07 175.26 4.1304 1
545.33 527.84 5.953 4.5369 3.1981 1
570.28 589.11 7.4815 2.8119 4.5522 1
620.18 604.96 1.2767 9.6117 4.6744 1
557.73 506.79 38.364 23.567 4.0644 1
568 555.27 11.038 8.387 3.6712 1
502.66 480.32 18.746 13.11 6.3548 1
514.25 563 21.192 34.929 4.2211 1
509.03 501.76 22.168 20.872 3.2668 1
449.43 551.75 11.99 47.516 5.9701 1
585.41 557.44 45.243 38.376 3.6632 1
566.53 571.63 33.848 9.1269 9.3274 1
625.32 639.29 85.564 89.85 2.8519 1
531.62 549.11 1.8507 2.3245 1.5881 1
639.43 622.05 94.394 88.998 3.2923 1
587.81 597.97 4.5975 5.922 2.6407 1
559.19 570.4 4.9003 6.4392 3.0351 1
529.82 535.37 135.24 112.87 1.5352 1
