638.98 638.97 412.88 146.63 1.2574 1
136.62 574.12 479 478.97 1.2765 1
539.2 343.27 266.88 321.77 10.231 1
618.63 537.57 94.547 265.23 4.7733 1
237.92 504.21 47.159 26.424 4.6732 1
305.43 616.93 140.72 94.923 5.0191 1
241.93 237.98 227.9 77.839 4.5051 1
237.91 237.19 74.158 47.825 4.367 1
249.5 252.33 105.25 85.475 3.358 1
291.02 241.78 332.57 227.22 4.8034 1
251.12 252.36 134.18 116.68 3.6524 1
251.38 252.48 189.19 171.6 3.5859 1
251.44 252.85 237.86 216.62 3.5759 1
254.48 254.83 176.62 190.39 1.5713 1
504.72 618.72 26.485 93.557 4.0603 1
254.55 254.87 222.87 237.89 1.5174 1
255.4 251.97 197.25 190.21 2.8521 1
254.68 267.8 190.87 205.44 4.1824 1
268.51 256.46 184.92 175.59 3.1886 1
257.39 251.3 144.91 134.82 3.4121 1
302.66 291.36 330.96 334.53 7.5284 1
272.53 256.53 134.21 121.75 3.6223 1
271.68 256.39 101.54 92.003 4.7772 1
255.08 265.79 135.5 147.51 3.8589 1
295.56 301.87 274.06 172.97 3.5853 1
280.61 262.6 126.16 117.18 2.2579 1
269.24 255.28 211.51 197.97 4.4323 1
302.17 303.18 167.83 150.25 3.7437 1
254.72 266.86 98.293 117.27 3.2438 1
302.31 283.78 173.27 146.87 2.8516 1
343.03 309.39 321.34 330.5 8.2295 1
266.87 275.77 147.42 152.13 1.7126 1
240.58 249.22 76.07 89.059 2.088 1
314.92 301.76 146.59 310.39 2.9482 1
264.58 273.25 90.061 97.436 3.0978 1
258.01 252.63 247.8 238.01 2.793 1
272.14 257.35 155.24 145.52 4.9582 1
303.47 310.31 259.07 172.87 2.5313 1
309.77 312.45 170.3 149.07 2.1543 1
263.04 250.7 118.97 106.31 4.5432 1
302.46 286.16 148.53 125.71 2.1794 1
221.78 242.04 245.63 232.81 7.5675 1
242.37 260.94 178.13 214.47 2.2752 1
285.65 302.16 120.18 143.75 2.4545 1
525.54 535.68 265.88 262.54 1.9829 1
269.37 241.61 91.099 52.533 3.3281 1
259.49 268.03 243.71 252.73 2.6263 1
275.5 301.01 129.04 167.45 2.432 1
292.85 249.12 46.223 48.975 1.5616 1
271.19 258.85 257.22 248.26 2.4001 1
510.36 456.63 114 121.66 2.6561 1
259.06 242.55 216.66 184.29 1.8791 1
275.99 269.85 112.01 101.95 2.421 1
247.74 272.78 141.7 185.43 2.4757 1
261.24 243.95 170.59 140.47 2.4694 1
300.38 300.38 304.13 287.88 1.25 1
294.44 283.75 227.69 209.34 1.8871 1
292.59 295.54 314.1 277.89 2.648 1
300.37 290.35 337.95 336.82 3.4472 1
441.62 416.55 124.11 127.28 2.1792 1
242.82 242.99 142.88 174.13 1.25 1
301.35 302.53 284.1 269.1 1.5397 1
533.67 527.93 280.15 291.65 4.4727 1
240.56 241.93 84.116 112.86 1.6656 1
289.37 278.45 336.12 339.66 6.7166 1
320.33 300.34 337.21 338.61 2.3197 1
