638.98 638.98 412.87 146.62 1.2521 1
134.12 574.12 479 478.97 1.2797 1
82.902 91.088 30.441 27.146 2.9216 1
217.46 194.18 249.01 76.448 5.013 1
588.09 515.64 163.71 343.73 4.7234 1
335.01 587.55 39.876 162.29 4.4005 1
194.5 334.31 75.58 39.836 4.6839 1
515.25 394.55 343.97 438.99 7.7324 1
224.44 217.86 256.34 249.14 6.1419 1
106.7 88.025 21.282 17.192 5.4546 1
95.72 74.711 30.504 43.01 9.0021 1
394.26 223.65 437.75 257.15 8.9392 1
196.45 435.52 78.121 251.89 3.6145 1
1.1319 41.682 39.864 33.223 7.9645 1
64.165 29.107 42.417 39.333 4.0243 1
72.997 62.817 39.395 43.997 3.4171 1
168.11 207.15 47.491 71.549 3.7618 1
50.281 69.037 38.145 39.304 4.3596 1
200.3 153.26 71.745 42.255 3.715 1
37.865 82.898 24.899 23.95 3.1053 1
39.02 49.165 36.508 37.445 2.9493 1
114.93 116.54 1.4509 8.8739 3.1365 1
46.662 17.796 27.102 29.364 2.6132 1
75.405 61.634 27.057 28.002 1.7605 1
27.916 1.3602 39.303 45.488 4.0528 1
17.796 36.554 23.481 25.919 3.8302 1
154.12 162.95 37.888 44.01 3.1626 1
202.87 233.98 35.327 30.657 2.104 1
286.7 211.6 25.902 36.453 2.6905 1
200.37 171.72 39.099 46.962 2.8369 1
234.14 270.44 30.498 25.923 2.1987 1
114.95 110.73 13.03 1.4946 2.4624 1
193.02 121.69 87.134 108.1 3.1076 1
276.98 315.58 25.283 13.532 2.5457 1
341.95 301.72 2.2942 21.823 2.6967 1
172.75 201.73 43.661 35.752 2.3013 1
199.67 221.03 89.052 249.2 3.0575 1
425.58 396.89 300.15 432.93 4.6606 1
120.59 193.14 104.85 83.774 2.7087 1
513.07 560.34 341.7 224.11 2.045 1
20.916 0.82527 27.909 16.824 3.774 1
27.843 16.663 94.528 93.642 2.4922 1
250.35 201.59 121.66 85.426 2.3769 1
289.13 253.13 150.37 123.78 2.2276 1
21.522 1.365 102.63 111 2.3972 1
316.89 337.63 12.124 1.1613 1.6261 1
459.11 435.66 235.36 248.38 2.5504 1
222.63 220.9 267.92 258.79 4.9133 1
434.95 425.27 252.54 300.61 4.9352 1
1.4518 27.764 107.46 96.362 2.6096 1
561.35 580.34 221.52 174.11 1.6428 1
16.557 27.806 89.43 91.936 2.1683 1
225.51 223.79 278.06 267.93 2.2787 1
47.974 45.513 9.4835 1.5821 2.4648 1
