460.09 435.77 170.12 318.99 4.2325 1
638.98 638.98 411.63 149.13 1.2521 1
139.12 572.87 479 478.98 1.2675 1
338.28 459.8 42.433 169.67 4.4386 1
436.54 300.14 320.14 365.91 8.3034 1
300.71 267.99 11.414 21.985 3.7511 1
201.66 205.05 15.394 9.6761 3.8758 1
300.22 293.64 0.71507 10.871 5.1275 1
221.75 196.87 11.881 19.894 7.9453 1
21.168 1.5335 0.38649 7.6268 4.8745 1
2.4149 2.7722 9.1025 21.628 3.8198 1
53.294 58.671 23.237 35.573 2.8342 1
48.987 58.475 81.678 73.578 3.3855 1
259.11 274.13 23.434 23.743 1.5325 1
49.419 57.473 51.85 41.318 2.9144 1
127.9 141.71 23.034 20.94 2.6592 1
209.51 247.55 67.694 148.69 4.1132 1
28.382 48.922 88.324 82.194 4.183 1
52.463 48.97 40.217 21.654 4.8411 1
63.098 49.294 73.099 86.796 3.5424 1
64.838 62.312 34.551 23.961 4.5055 1
80.332 89.593 6.2099 33.144 7.6107 1
297.45 293.86 362.97 346.41 7.4321 1
1.5044 26.442 93.396 89.269 3.9038 1
150.65 129.25 21.735 26.02 3.6805 1
52.812 10.347 89.96 96.443 6.5747 1
141.1 177.3 19.142 11.425 6.9551 1
296.45 280.64 345.4 217.84 3.5158 1
274.29 300.5 23.446 15.791 3.8018 1
235.54 210.51 204.34 75.349 4.0484 1
57.438 53.826 12.451 5.5313 2.8925 1
19.63 39.853 78.002 64.588 4.1352 1
62.745 58.157 22.933 12.748 3.0186 1
58.428 50.628 27.607 11.502 2.3206 1
280.85 394.32 217.25 188.64 4.3304 1
294.96 287.13 6.8684 11.272 3.4043 1
74.018 90.458 51.316 45.613 2.4099 1
74.154 79.398 0.46683 6.2592 4.6718 1
182.88 165.31 6.7526 7.3741 2.41 1
265.49 337.98 55.98 42.172 3.3915 1
253.18 235.59 251.03 204.82 5.1709 1
42.144 51.436 1.3724 20.467 2.8852 1
84.038 76.421 45.053 47.124 2.1154 1
265.39 254.15 10.026 10.253 2.6762 1
32.184 22.81 72.184 81.561 3.5349 1
11.66 1.5928 97.275 97.085 3.8906 1
169.12 212.87 4.2395 4.719 2.6917 1
176.56 198.98 14.573 17.697 3.1964 1
166.73 151.47 17.032 21.045 2.7984 1
196.57 167.93 20.71 16.299 3.4203 1
258.06 210.55 57.61 66.325 4.0157 1
141.91 111.44 71.429 79.691 3.1692 1
291.08 253.53 346.84 251.37 3.9248 1
99.307 145.54 79.795 67.228 2.6469 1
53.669 32.282 64.213 72.616 3.2825 1
115.65 110.68 12.167 1.4814 3.3207 1
266.64 256.61 26.121 25.814 2.6902 1
120.77 120.52 1.5972 9.1705 4.9974 1
106.58 96.026 16.696 10.514 2.5266 1
80.551 67.904 37.025 42.608 8.2417 1
121.37 117.55 26.78 20.572 4.9436 1
271.93 290.73 27.459 48.809 2.814 1
432.93 455.56 317.88 179.16 2.3625 1
124.26 101.93 44.455 53.625 2.7256 1
34.833 6.9096 21.916 28.997 7.2699 1
177.68 189.19 10.736 8.1901 3.2507 1
110.49 92.766 79.636 83.641 2.4385 1
44.209 34.862 18.111 21.43 5.8897 1
100.63 122.97 50.997 41.86 2.262 1
286.88 268.4 50.033 29.787 3.1291 1
27.862 5.0881 14.237 11.677 6.0712 1
424.07 399.34 1.4362 8.6128 2.015 1
71.588 54.071 88.849 91.225 2.0787 1
395.16 455.55 188.31 172.3 2.1689 1
325.39 344.15 14.39 13.269 1.6205 1
11.629 39.226 6.5874 9.3683 2.8634 1
454.05 405.52 167.95 117.74 1.2596 1
346.63 330.36 15.658 16.23 1.6882 1
