638.98 638.99 412.87 146.62 1.2591 1
137.87 575.37 479 478.97 1.2765 1
282.64 314.09 139.09 163.84 4.6384 1
204.66 191.73 257.84 67.698 6.006 1
292.79 205.21 357.95 257.86 4.2349 1
555.69 492.13 82.033 247.11 6.4803 1
314.69 553.7 163.28 81.549 8.3343 1
277.49 282.25 135.4 138.76 3.484 1
190.93 433.29 69.491 22.322 8.2177 1
270.05 277.15 129.55 135.06 3.7292 1
264.32 269.52 125.16 129.94 4.3445 1
300.98 288.73 356.72 362.26 8.1643 1
230.61 221.11 133.32 111.85 3.5421 1
432.24 556.51 23.025 79.379 5.2025 1
228.48 222.38 159.34 141.37 3.1917 1
228.19 224.37 213.11 197.81 3.0338 1
268.01 252.83 238.76 232.99 2.6162 1
270.4 237.32 181.56 169.37 3.0864 1
232.75 225.33 270.8 246.64 3.4084 1
270.63 242.77 149.67 139.42 2.7778 1
241.2 227.93 229.49 214.08 4.186 1
483.75 298.63 253.76 358.55 11.37 1
195.38 251.04 71.614 114.88 3.8362 1
228.62 240.04 208.23 224.36 3.2301 1
246.64 270.32 144.09 153.02 2.9343 1
219.75 197.4 122.14 103.21 3.4581 1
266.03 236.51 287.82 273.1 3.3788 1
226.02 239.37 196.85 202.27 3.9448 1
224.96 239.47 141.49 146.96 3.6614 1
238.01 229.6 170.27 159.74 2.7335 1
227.81 239.28 245.54 249.96 3.683 1
198.93 214.65 100.61 113.74 2.5725 1
242.54 265.27 279.83 290.59 2.3189 1
229.69 236.29 254.46 268.04 2.7622 1
233.73 246.3 160.87 170.78 2.8894 1
194.6 206.98 271.08 262.78 9.3439 1
223.84 238.11 109.76 116.1 4.0597 1
251.72 269.09 177.63 184.22 2.2177 1
254.21 266.7 236.42 241.43 1.8561 1
290.43 267.74 156.56 138.05 2.4455 1
205.25 238.16 208 242.61 1.9617 1
308.97 261.37 196.81 156.93 2.4796 1
278.76 310.74 143.34 168.67 2.241 1
265.73 245.04 136.18 119.54 2.1597 1
258.64 300.91 150.96 186.23 2.7074 1
235.42 203.95 244.08 210.54 2.4547 1
310.7 295.29 164.95 152.98 1.3146 1
245.93 228.87 155.48 147.14 3.3438 1
262.96 277.05 130.28 142.38 2.1642 1
232.76 213.91 191.74 173.09 1.8493 1
230.18 213.95 108.13 95.602 1.6136 1
238.92 230.81 139.33 131.18 2.6679 1
321.03 309.79 177.94 286.69 3.0041 1
489.02 485.73 256.59 265.51 4.8142 1
622.86 605.45 12.973 9.9359 4.7108 1
211.87 234.26 167.61 188.98 1.974 1
306.76 306.13 304.13 321.61 1.4308 1
190.42 195.48 281.67 271.7 7.2899 1
