638.98 638.98 412.87 146.62 1.2518 1
137.87 575.37 478.99 478.98 1.2671 1
210.84 208.19 165.42 114.24 4.5668 1
213.28 211.77 191.68 169.2 3.9087 1
207.84 203.02 109.97 125.42 4.2474 1
595.59 513.41 126.81 303.79 5.3849 1
202.12 200.43 86.7 97.884 3.2175 1
208.43 208.49 171.62 185.38 3.7329 1
210.51 201.35 78.157 88.723 4.2187 1
212.31 212.54 216.63 234.13 1.8102 1
198.04 204.31 125.45 111.16 4.4382 1
214.69 213.72 210.43 198.95 4.0523 1
203.33 209.24 178.07 164.17 3.7979 1
196.23 209.69 88.777 73.368 4.3499 1
205.08 213.43 228.42 210.06 4.7569 1
212.91 202.91 199.18 180.35 5.3151 1
201.06 208.22 96.353 109.61 3.9811 1
198.29 196.61 104.08 88.988 4.8337 1
207.94 198.37 142.84 125.8 5.2414 1
217.01 215.36 237.94 216.72 3.8356 1
513.05 212.8 305.9 322.85 11.129 1
209.24 210.36 106.58 80.321 4.4376 1
210.4 212.06 74.07 36.645 3.8019 1
205.51 199.07 111.21 102.6 4.2539 1
209.33 208.63 232.95 222.91 2.7548 1
212.82 512.91 36.09 44.008 5.1039 1
222.69 216.94 319.14 241.69 4.291 1
513.38 596.04 43.626 125.96 4.6522 1
212.87 594.13 127.23 127.17 3.8064 1
216 209.44 245.03 233.25 4.9762 1
220.44 224.42 134.12 189.1 2.2057 1
215.37 215.37 170.38 187.88 1.25 1
507.45 499.15 313.92 330.39 5.0359 1
220.53 220.3 180.37 160.38 1.2641 1
511.36 519.1 300.25 284.11 1.3574 1
523.81 538.19 273.98 243.02 1.3378 1
224.77 225.53 191.6 214.12 1.542 1
212.88 212.88 82.875 102.88 1.25 1
229.13 229.13 259.13 281.63 1.25 1
224.17 224.18 242.88 222.88 1.2551 1
553.96 564.14 209.05 186.63 1.25 1
219.3 218.37 154.11 139.09 1.6329 1
350.38 321.63 42.875 42.875 1.25 1
414.13 375.38 44.125 44.125 1.25 1
577.88 546.63 130.38 130.45 1.2754 1
