638.98 638.98 412.87 146.62 1.2513 1
135.37 575.37 478.99 478.98 1.2645 1
200.94 173.78 320.3 128.82 5.4859 1
604.28 615.67 116.73 237.61 5.5823 1
614.51 513.72 236.72 421.98 5.7974 1
268.83 602.88 49.346 115.33 4.7993 1
173.75 269.19 128.93 49.45 4.9633 1
512.61 194.09 423.69 320.49 11.439 1
176.51 610.63 129.61 235.6 4.2372 1
20.386 1.3527 125.32 121.89 3.3686 1
1.4096 27.692 117.8 122.62 4.0391 1
178.53 181.24 137.95 157.93 1.7421 1
27.972 13.127 123.6 133.26 5.2386 1
184.76 188.2 182.96 207.83 1.6188 1
0.85803 16.214 135.37 125.96 3.3669 1
13.728 1.1153 133.01 140.8 3.692 1
1.482 37.8 57.404 46.377 1.9224 1
