135.37 575.37 478.99 478.98 1.2534 1
638.99 638.98 412.88 147.88 1.2621 1
525.26 482.15 132.55 312.7 5.4965 1
198.48 156.92 337.46 152.53 5.6455 1
465.65 525.18 62.233 133.45 6.3431 1
156.83 181.57 153.39 75.757 4.8299 1
184.07 466.74 75.365 62.883 6.3772 1
495.74 207.64 316.06 340 10.605 1
205 199.97 335.82 334.72 6.3726 1
407.87 526.63 2.3339 2.7815 2.8439 1
507.88 421.63 5.8628 6.1557 2.7887 1
422.78 349.21 5.4975 0.34933 3.8534 1
160.35 521.61 153.71 133.84 6.0963 1
72.799 1.5928 1.2929 4.7015 4.0446 1
639.89 606.71 84.057 64.895 5.1976 1
615.93 639.42 64.372 77.333 4.7558 1
574.52 607.99 38.342 55.152 4.4731 1
554.22 515.29 12.3 5.9044 4.5462 1
607.38 586.38 62.94 49.502 5.0543 1
527.76 550.36 3.7463 6.7133 3.1917 1
514.17 507.83 6.4727 6.7037 2.6806 1
585.48 567.87 50.186 40.38 4.3682 1
493.67 514.74 251.52 163.02 1.7947 1
605.65 618.2 54.997 64.148 5.1328 1
568.04 554.68 20.062 13.072 4.0043 1
550.83 573.19 6.7661 15.851 3.7637 1
574.97 572.28 20.297 34.251 3.5961 1
