136.62 574.12 478.99 478.97 1.2694 1
638.98 638.99 414.12 147.87 1.2572 1
192.28 153.63 276.49 93.701 5.629 1
471.93 460.27 377.64 409.89 7.5773 1
153.43 273.59 92.674 29.23 4.2174 1
513.12 500.46 250.04 288.32 4.4028 1
520.99 513.26 225.57 249.7 4.5816 1
457.3 190.89 411.53 278.1 10.448 1
273.77 581.57 29.315 105.58 4.9918 1
500.48 496.32 288.73 300.7 4.0514 1
484.73 480.98 336.39 346.84 4.0393 1
527.73 521.8 210.32 224.94 4.4467 1
496.28 484.71 301.1 335.99 4.3591 1
477.77 475.43 356.59 364.14 4.0374 1
475.95 472.13 364.66 377.66 8.7474 1
481.07 477.92 347.24 356.2 4.0173 1
582.4 569.24 107.1 136.54 7.9887 1
566.9 528.34 136.12 210.02 4.1471 1
571.66 516.48 137.89 290.32 3.5633 1
66.696 50.374 8.5064 6.6353 3.5277 1
156.24 521.53 94.017 218.17 4.1073 1
515.82 479.85 290.58 368.21 3.8399 1
90.396 1.2078 96.56 67.925 3.714 1
1.2701 98.443 63.987 95.01 4.0813 1
90.537 67.731 99.434 111.35 2.8941 1
86.529 139.29 40.045 24.687 2.4907 1
36.635 87.51 122.9 97.154 3.0215 1
173.15 141.6 9.6281 26.576 2.5479 1
140.2 165.53 23.794 10.67 2.2196 1
60.389 85.287 47.921 40.096 2.1465 1
69.721 1.8093 110.27 145.73 3.2259 1
140.41 112.62 26.73 35.845 2.3755 1
32.693 59.278 59.962 48.221 1.8865 1
1.3287 34.181 141.05 124.23 2.8997 1
209.27 199.83 298.99 288.36 2.1784 1
65.192 52.931 49.866 54.279 2.0228 1
