638.99 638.99 411.62 149.12 1.2544 1
137.87 574.12 479.01 478.98 1.2719 1
1.6291 122.86 40.742 39.382 4.6071 1
394.14 239.11 338.38 343.62 8.1782 1
613.29 589.51 18.742 12.632 4.4987 1
125.45 150.3 39.555 34.967 3.4989 1
621.99 614.11 38.465 19.132 5.7411 1
599.1 618.88 9.1734 18.407 5.284 1
104.12 44.09 42.359 43.455 4.5028 1
149.15 157.94 34.568 27.967 3.7507 1
155.33 166.8 11.569 3.1171 3.2835 1
414.12 391.74 183.76 336.64 5.7318 1
618.62 624.54 19.375 31.419 3.9514 1
42.878 1.6217 44.642 44.713 5.0646 1
621.74 639.39 42.076 37.697 3.9501 1
639.34 622.36 41.107 46.16 3.8508 1
239.31 213.37 340.56 188.61 6.3411 1
325.39 294.09 2.1473 3.2255 4.2642 1
574.24 599.15 13.747 10.589 3.2488 1
162.21 142.41 30.117 41.713 3.9758 1
388.22 380.3 11.519 13.875 5.8621 1
176.57 194.03 13.742 11.022 2.5513 1
354.12 237.88 39.072 39.874 4.198 1
574.88 574.56 10.393 1.5628 2.5445 1
372.64 352.64 16.039 13.534 3.5681 1
357.91 394.19 18.468 16.516 3.5714 1
395.36 388.91 11.497 12.232 6.2098 1
124.29 138.03 28.236 21.961 3.1158 1
194.1 174.05 6.454 6.8704 10.05 1
213.1 228.63 188.96 89.243 5.5371 1
147.86 125.38 22.829 30.379 3.5463 1
156.1 156.78 20.335 11.541 2.4422 1
396.57 384.33 5.171 8.5973 4.8638 1
622.41 624.69 28.946 38.997 3.8196 1
216.59 410.41 188.5 184.84 4.4338 1
161.81 159.64 21.669 30.794 2.4441 1
131.7 104.2 45.079 43.785 4.2161 1
590.24 575.14 14.763 18.061 3.9304 1
378.87 413.87 61.344 184.74 5.6716 1
139.03 154.21 22.374 19.617 2.4598 1
167.89 134.09 46.271 45.097 2.5852 1
237.09 232.11 41.691 76.516 3.889 1
365.28 354.1 4.1068 3.2397 2.879 1
142.88 180.38 42.937 42.899 2.5088 1
230.5 197.91 41.835 44.549 3.1145 1
234.61 211.97 10.449 18.816 2.702 1
202.95 236.57 42.165 37.461 2.4505 1
189.14 171.59 15.862 15.437 2.8021 1
191.63 167.88 45.375 45.375 1.25 1
366.65 360.73 39.115 23.987 3.0362 1
365.18 378.93 23.725 59.975 3.5468 1
400.38 429.13 17.875 17.875 1.25 1
562.95 530.5 15.755 22.253 1.7151 1
446.66 429.08 23.671 22.154 3.0278 1
490.37 472.88 25.338 25.543 1.294 1
