136.62 575.37 479 478.98 1.2669 1
638.99 638.98 412.88 146.63 1.2616 1
283.21 566.32 167.5 59.097 4.9219 1
566.63 558.35 58.363 85.518 7.2333 1
601.5 581.47 8.7137 14.874 3.7672 1
544.17 570.5 25.622 21.104 4.5782 1
579.36 554.1 19.775 29.055 5.0047 1
571.39 602.36 16.013 4.0503 4.6882 1
558.87 519.27 84.973 232.91 6.409 1
188.08 440.34 82.343 10.242 4.8214 1
522.49 307.22 234.45 352.49 8.7644 1
310.37 301.41 351.55 351.97 7.4336 1
494.25 445.69 14.95 0.55044 3.992 1
455.78 494.49 0.25117 11.627 3.6718 1
554.09 531.64 28.443 28.847 4.1544 1
518.5 536.01 21.787 11.791 5.2728 1
526.6 543.9 23.07 24.959 4.0204 1
303.43 225.53 352.72 253.03 8.0312 1
619.17 604.09 8.4417 8.7844 4.0047 1
557.88 526.54 15.438 18.211 4.3195 1
494.86 519.17 13.123 21.485 4.103 1
226.37 188.66 252.65 83.393 6.8914 1
506.74 494.32 22.659 16.247 3.4414 1
536.61 572.89 12.023 13.707 3.8302 1
569.08 556.71 17.343 16.532 2.9035 1
524.71 505.87 30.583 22.037 7.4403 1
635.83 620.02 12.649 7.7808 10.57 1
593.03 579.14 23.409 20.321 3.6608 1
581.58 533.24 50.52 35.443 3.8212 1
639.5 630.34 18.71 22.793 3.0402 1
605.44 630.29 17.025 18.976 3.7385 1
535.34 587.85 31.725 47.964 3.9768 1
532.99 525.22 35.182 30.635 4.0524 1
483.27 563.77 26.847 57.561 5.6561 1
616.48 581.8 59.702 50.947 3.9301 1
301.49 282.33 344.28 169.46 5.9776 1
583.07 595.52 17.003 19.729 3.3958 1
440.74 465.65 10.732 20.943 2.7873 1
590.05 594.34 46.14 32.172 9.7461 1
466.7 482.6 21.429 27.365 2.3421 1
