460.25 437.76 81.436 245.36 5.1209 1
137.87 575.37 478.99 478.98 1.2664 1
638.98 638.99 411.62 146.62 1.2584 1
186.11 154.63 214.96 64.019 4.7498 1
154.47 358.09 62.904 136.02 5.257 1
358.43 459.06 135.33 81.336 4.6747 1
318.34 184.51 297.93 216.8 7.9036 1
437.67 356.32 244.91 313.99 4.6056 1
556.57 604.27 2.4572 5.8436 6.7654 1
639.44 499.11 23.302 1.7391 4.4595 1
155.24 261.74 62.418 30.761 3.854 1
624.04 535.32 12.469 3.4103 3.8837 1
535.32 525.35 2.582 1.9608 1.7921 1
539.12 555.4 1.6618 2.3285 1.7095 1
527.85 615.31 4.2814 15.852 2.8446 1
602.68 639.26 5.7075 7.442 9.3322 1
360.56 318.54 321.05 297.91 7.5057 1
639.21 624.14 13.123 12.551 4.1739 1
615.37 639.3 16.647 20.562 2.9381 1
430.36 425.89 137.87 149.33 2.6126 1
425.07 421.63 185.29 197.88 2.8541 1
414.23 427.96 138.43 135.84 3.2209 1
262.69 456.35 31.099 80.224 3.6976 1
375.82 360.25 153.64 162.66 2.5086 1
420.63 400.25 151.05 158.8 2.2874 1
417.87 431.71 112.84 109.46 3.3465 1
348.14 350.37 307.88 141.62 2.5214 1
415.74 401.79 201.1 208.19 2.1146 1
408.87 424.45 188.11 184.15 3.3663 1
420.56 410.5 124.64 128.23 2.0172 1
446.94 453.33 156.67 111.69 1.7726 1
444.23 446.75 179.14 157.89 1.5351 1
359.96 402.88 159.64 135.38 2.5076 1
402.65 417.95 231.98 228.2 3.9263 1
352.35 352.48 164.12 235.38 1.3772 1
426.57 411.61 140.16 144.05 2.7825 1
429.17 417.86 114.34 116.57 2.6944 1
385.59 360.48 323.41 320.64 6.2003 1
356.63 204.04 139.12 84.369 2.9829 1
453.23 423.03 92.308 108.17 2.1025 1
352.58 352.49 140.37 157.87 1.3218 1
63.896 46.791 5.9846 12.09 3.5318 1
171.08 178.09 126.73 161.58 1.7181 1
419.24 407.9 189.49 192.97 2.3899 1
358.55 358.39 146.62 159.13 1.3941 1
358.39 357.74 164.12 214.12 2.8097 1
440.78 443.4 200.43 181.7 1.4391 1
187.34 188.13 234.08 225.29 2.8224 1
11.721 1.5871 35.348 36.141 2.2974 1
46.671 36.966 12.956 18.475 3.7284 1
