465.48 444.39 85.076 254 5.2724 1
137.87 575.37 478.99 478.98 1.2545 1
638.98 638.98 412.88 147.88 1.2507 1
444.23 355.26 253.01 318.98 5.5605 1
201.53 172.09 216.4 67.535 6.0663 1
352.62 465.65 141.09 87.334 7.214 1
174.77 354.42 68.093 142.16 8.2512 1
1.0867 11.983 11.042 14.101 6.1655 1
173.65 279.34 66.212 36.146 4.933 1
351.77 208.33 322.08 224.13 9.4099 1
370.93 350.6 328.52 321.03 9.2583 1
446.32 449.78 212.83 186.71 1.822 1
432.82 426.75 142.85 154.19 2.8718 1
555.41 639.32 3.1962 6.3935 10.374 1
110.31 84.95 10.232 21.955 4.4638 1
452.75 457.37 161.61 125.47 1.688 1
347.27 345.66 311.63 146.62 2.3531 1
450.24 452.21 184.11 165.31 2.0247 1
444.59 443.75 264.01 279.17 4.7191 1
590.45 582.75 12.434 11.088 2.4626 1
279.57 408.04 36.296 72.292 6.3668 1
420.34 430.65 143.95 141.58 3.0291 1
353.8 353.7 146.62 164.12 1.3417 1
639.14 590.52 16.464 12.367 3.331 1
85.095 72.295 23.123 31.41 2.5834 1
610.31 592.87 19.718 17.924 1.606 1
583.27 554.21 13.699 9.7291 7.2618 1
68.586 60.29 33.147 37.721 2.5267 1
348.4 349.16 174.11 204.12 1.8555 1
386.74 371.79 331.18 327.26 5.4701 1
32.896 6.6764 40.987 41.882 3.2656 1
639.23 619.18 23.55 20.04 2.3092 1
516.66 504.06 3.8542 2.1272 1.6285 1
552.94 519.08 11.331 4.3316 2.7427 1
45.456 35.311 42.012 41.055 3.8508 1
