638.98 638.98 414.12 146.62 1.2584 1
137.87 575.37 479 478.97 1.276 1
519.17 311.38 290.58 336.76 10.574 1
590.82 518.47 117.01 288.85 5.1544 1
207.91 487.94 60.993 45.309 4.733 1
251.7 589.3 154.83 116.96 4.798 1
214.94 212.13 161.74 121.5 7.1059 1
217.51 218 205.43 185.35 7.528 1
221.95 218.46 252.94 206.49 5.5798 1
210.14 212.38 119.09 101.56 7.7258 1
210.05 207.59 101.57 60.243 6.0157 1
488.23 591.2 45.424 116 4.7727 1
225.01 234.76 183.49 189.31 4.09 1
219.9 216.31 134.02 150.3 3.7877 1
226.13 224.07 235.31 250.37 3.5464 1
267.17 250.37 344.41 350.37 9.8417 1
222.19 221.45 190.34 205.37 3.7455 1
217.61 214.32 105.76 114.2 3.7524 1
228.87 220.53 222.12 211.22 4.2047 1
222.72 234.08 207.9 220.42 4.1141 1
217.69 231.49 151.81 165.51 3.5821 1
216.69 214.94 184.31 161.85 5.1905 1
215.06 233.7 122.01 137.15 3.6407 1
214.37 216.97 115.29 122.76 4.0017 1
232.91 221.62 274.11 253.45 6.3902 1
310.91 262.84 336.09 347.42 10.95 1
235.78 216.07 173.64 157.3 5.0904 1
236.54 226.67 207.24 189.1 3.2945 1
200.87 219.98 255.32 244.36 6.984 1
251.53 249.46 246.63 187.82 5.278 1
254.09 250.73 344.61 327.04 9.064 1
249.39 249.09 184.13 152.86 5.2105 1
238.42 228.67 228.53 219.63 4.2946 1
225.93 211.61 101.94 70.382 3.2145 1
238.27 230.05 129.51 111.21 3.19 1
224.81 231.97 251.19 262.66 3.571 1
248.45 241.84 151.92 137.08 3.0511 1
247.92 231.69 327.47 275.35 4.3238 1
235.78 227.88 158.95 140.37 3.9642 1
253.77 251.45 325.42 247.84 4.848 1
502.85 481.56 130.11 132.18 2.4498 1
285.38 264.13 60.375 60.375 1.25 1
539.06 504.05 126.02 129.7 2.0271 1
513.35 508.26 303.29 315.54 5.1868 1
523.87 536.27 267.77 237.73 1.3772 1
324.11 296.62 57.535 59.12 1.6797 1
351.63 334.13 56.625 56.625 1.25 1
466.61 450.38 133.91 135.43 1.7104 1
559.09 541.62 123.75 125.29 1.25 1
256.61 232.85 61.336 62.386 1.4144 1
