483.2 436.02 150.13 330.22 5.1572 1
638.98 638.98 412.87 147.87 1.251 1
436.59 288.06 331.48 364.96 6.4861 1
137.87 574.12 478.99 478.98 1.2601 1
344.63 344.14 1.5478 14.126 5.2858 1
220.31 214.53 228.91 196.55 6.635 1
582.31 639.57 36.079 52.599 6.0952 1
351.91 356.15 8.0562 1.3264 3.056 1
215.51 213.03 195.42 49.122 4.6826 1
297.87 475.23 152.77 140.78 6.3543 1
285.79 298.98 361.73 155.37 3.8098 1
557.15 562.21 11.28 0.70873 5.0501 1
283.11 221.39 365.27 228.66 6.245 1
470.36 551.55 6.0981 8.1744 6.5036 1
639.67 603.93 82.914 74.994 4.7497 1
334.99 337.54 12.135 1.5452 7.5838 1
640.85 580.4 65.977 47.466 10.78 1
346.6 382.94 13.34 15.456 3.6835 1
600.18 627.77 71.614 76.035 3.6549 1
301.34 283.49 380.81 364.57 9.0779 1
384.06 455.39 15.47 18.691 3.4643 1
281.3 294.15 351.69 156.63 2.6883 1
459.12 352.92 15.432 9.5307 3.9521 1
294.56 289.76 185.4 259.09 2.036 1
467.35 465.89 0.95409 10.259 6.1746 1
456.44 460.74 1.2763 14.415 3.1973 1
628.09 636.54 74.979 76.069 3.2791 1
344.58 476.85 51.643 134.51 5.552 1
596.23 584.99 1.049 33.177 4.1899 1
426.3 437.62 334.62 348.55 7.7014 1
469.86 471.43 16.755 7.8404 4.5569 1
366.58 344.1 314.47 311.86 2.2503 1
393.99 371.67 307.44 314.26 2.3907 1
531.61 579.13 34.977 34.476 2.4999 1
406.7 391.67 199.63 201.94 3.0388 1
247.26 298.24 90.89 151.52 4.498 1
575.56 562.63 19.671 16.298 3.9971 1
601.54 552.5 75.587 56.319 4.0318 1
460.55 474.36 224.17 171.69 1.7184 1
579.13 535.37 37.169 37.405 1.473 1
279.26 236.43 21.084 29.343 5.3388 1
549.24 528.06 46.248 39.782 3.0203 1
447.14 455.74 275.51 242.97 1.5279 1
215.35 344.13 50.42 51.586 5.4527 1
396.74 380.48 258.4 262.1 2.7148 1
396.62 415.37 172.57 172.31 1.4367 1
395.34 412.85 247.17 248.23 2.8731 1
432.65 425.16 343.51 361.53 5.1894 1
351.6 364.12 315.66 316.65 1.739 1
401.65 422.85 188.8 190.64 3.0317 1
289.37 287.88 264.14 290.38 1.8853 1
279.13 277.21 1.4175 12.972 2.6472 1
376.57 351.58 262.17 259.54 2.3554 1
440.42 445.78 301.64 280.48 1.25 1
554.26 527.95 15.583 14.027 4.9913 1
429.13 414.07 164.35 164.81 3.5226 1
296.65 295.09 157.88 174.1 1.3645 1
555.19 598.87 53.328 71.003 3.6163 1
209.1 210.24 2.876 29.131 2.986 1
385.32 401.54 297.17 298.74 2.6086 1
413.75 401.68 249.82 257.96 3.1315 1
375.36 385.4 171.95 172.4 1.6356 1
27.892 6.5213 26.215 25.303 5.4221 1
380.38 299.11 179.13 186.47 2.6181 1
226.95 211.62 31.759 35.357 3.9364 1
404.14 430.2 156.55 160.31 4.0683 1
475.33 425.37 149.59 152.76 2.4751 1
210.45 178.86 35.031 27.785 6.1701 1
465.36 429.18 171.47 174.69 1.6027 1
400.37 385.35 177.77 178.58 1.6522 1
424.14 405.39 175.53 176.81 1.7549 1
300.38 300.38 156.63 175.38 1.25 1
377.86 390.39 158.92 158.04 1.7709 1
327.88 304.13 17.875 17.875 1.25 1
