638.98 639 411.62 149.12 1.2708 1
137.87 574.12 479.01 478.98 1.278 1
227.71 466.01 189.47 27.557 6.6096 1
94.321 322.5 114.53 0.87747 6.735 1
464.94 457.81 28.708 57.536 9.0664 1
459.71 440.17 56.029 200.69 10.682 1
277.91 264.08 362.49 363.09 5.2099 1
444.28 272.21 199.29 362.31 9.7353 1
162.49 96.292 284.47 112.33 10.864 1
264.84 159.8 362.68 281.63 9.1095 1
353.13 442.58 0.61684 22.803 4.6196 1
416.77 456.66 0.78364 7.6542 3.2302 1
454.1 399.11 11.78 1.6855 3.8659 1
522.92 541.66 50.147 53.944 1.9537 1
546.63 562.9 20.352 22.71 2.8327 1
