638.97 639 411.62 149.12 1.2793 1
137.87 572.87 479.01 478.98 1.2752 1
422.09 398.64 147.75 299.05 4.4221 1
341.42 421.58 35.517 148.27 4.3329 1
400.47 256.37 300.79 335.55 8.2554 1
245.44 231.79 270.36 183.9 4.094 1
24.539 40.452 41.303 38.278 3.8567 1
254.84 248.01 332.75 293.45 7.0134 1
248.89 245.53 293.1 270.54 3.5775 1
40.135 55.113 38.635 31.104 3.9366 1
1.5031 24.063 43.773 42.056 3.5495 1
233.05 417.88 182.62 150.43 4.3866 1
189.78 205.32 28.944 85.391 3.5597 1
61.648 44.964 29.153 42.661 3.9329 1
90.296 72.917 1.1891 4.3549 2.6835 1
267.85 189.29 18.924 28.03 4.1935 1
37.63 20.316 22.481 33.275 4.5184 1
20.515 36.756 28.135 19.368 3.8061 1
55.352 5.4471 44.971 47.867 7.0529 1
148 91.848 31.045 41.564 3.2291 1
111.61 142.98 35.326 28.347 2.849 1
37.781 51.597 20.004 16.514 2.1305 1
54.191 38.859 19.406 22.987 3.083 1
207.77 197.78 131.42 75.616 2.9766 1
215.36 208.65 172.66 133.99 2.952 1
217.73 215.67 188.1 175.33 4.8947 1
75.321 56.559 43.707 46.114 1.5365 1
131.65 112.83 1.6773 9.0155 2.5273 1
197.88 192.6 76.392 47.926 2.5966 1
46.689 71.6 43.583 41.347 1.9313 1
231.12 219.92 179.27 139.25 2.5516 1
244.46 218.87 293.1 188.88 3.294 1
395.69 418.13 296.67 152.92 2.0312 1
284.98 275.7 14.41 1.3956 3.0442 1
280.6 290.02 1.464 14.386 2.2091 1
76.655 67.936 10.196 8.754 2.0584 1
401.5 388.03 125.46 106.52 1.3131 1
