638.98 638.98 412.87 146.62 1.2561 1
218.34 214.14 275.33 119.09 4.7473 1
137.87 575.37 479.01 478.97 1.285 1
214.1 213.05 114.18 87.818 4.5489 1
215.53 355.81 88.886 180.96 5.0591 1
356.36 563.36 181.03 90.233 4.8807 1
213.16 436.84 87.785 33.768 4.7814 1
321.17 218.37 373.35 274.86 4.1022 1
565.97 499.67 89.591 250.6 4.8273 1
274.19 295.75 160.21 168.1 2.6617 1
495.4 469.92 255.41 273.49 10.326 1
436.49 566.06 34.459 87.991 3.9969 1
306.27 267.57 168.87 154.98 2.9261 1
261.2 246.83 151.89 128.52 3.692 1
331.92 315.24 371.09 378.05 10.199 1
301.61 271.64 199.16 189.07 2.431 1
253.89 247.48 174.23 159.3 3.4456 1
297.51 272.9 256.42 247.81 2.4184 1
277.61 295.5 193.62 200.02 2.4389 1
252.12 246.22 230.65 214.27 3.0087 1
469.57 331.17 273.51 370.44 8.0874 1
250.53 246.06 279.08 263.03 3.1391 1
292.56 259.75 304.85 290.56 2.9034 1
277.72 296.67 252.05 259 2.1524 1
220.46 253.07 119.01 142.6 2.7583 1
265.46 291.45 296.43 307.05 2.4159 1
606.65 639.18 17.679 21.147 2.2209 1
219 219.67 180.38 222.89 1.6396 1
216.59 219.42 120.38 176.61 2.0653 1
263.33 252.8 243.73 231.69 2.5864 1
362.62 330.53 187.83 367.9 2.7814 1
262.74 253.83 184.23 173.11 2.1452 1
250.9 219.02 144.64 121.77 2.6738 1
247.39 261.69 263.17 267.66 3.2035 1
250.19 266.71 159.68 165.1 3.1729 1
216.66 216.92 91.625 114.14 1.4648 1
639.27 606.51 24.301 19.966 2.4965 1
605.4 572.88 20.199 15.338 4.5185 1
352.86 290.33 182.9 141.7 1.8291 1
248.72 263.03 215.42 219.87 3.7115 1
206.81 215.26 303.02 285.37 8.8752 1
420.39 360.4 156.66 182.92 2.0744 1
259.05 251.04 289.18 278.31 2.2254 1
250.15 258.94 128.71 131.07 4.594 1
270.56 261.95 188.85 182.98 2.1761 1
347.84 278.08 212.92 163.84 2.3832 1
220.92 221.69 249.11 274.12 1.9025 1
289.46 345.56 168.64 207.61 2.5338 1
352.41 302.82 189.81 156.71 2.4249 1
355.51 359.09 210.4 190.15 2.7473 1
250.22 256.48 270.46 281.7 1.7005 1
219.96 237.23 224.6 239.69 2.4676 1
349.23 354.89 247.89 214.04 2.2671 1
256.53 221.38 260.48 229.41 2.0478 1
301.01 305.86 157.51 165.82 2.7987 1
276.68 307.85 135.3 156.65 2.2329 1
339.35 342.49 304.16 285.52 2.0393 1
266.49 254.15 226.94 221.56 2.6453 1
312.49 349.07 159.69 184.21 2.1239 1
274.31 255.29 173.7 165.57 2.4727 1
219.92 220.6 230.34 245.36 1.25 1
265.26 238.99 215.52 194.29 1.9447 1
251.95 264.02 252.5 263 1.6412 1
340.41 337.37 275.38 290.27 2.2254 1
336.9 331.6 292.92 321.62 2.6493 1
237.93 226.98 194.05 184.95 1.6092 1
344.6 341.51 246.69 269.11 2.2638 1
