184.12 142.51 281.32 112.35 5.0531 1
139.12 574.12 478.98 478.98 1.2516 1
477.73 448.43 126.39 300.68 4.9417 1
638.97 638.99 412.87 147.87 1.2721 1
144.06 472.84 111.79 127.33 5.2582 1
475.13 477.46 113.95 127.73 4.722 1
464.74 470.92 60.493 93.793 4.5487 1
471.95 480.86 92.454 102.45 4.9679 1
471.78 474.06 100.12 112.66 3.4661 1
200.35 464.09 52.325 60.376 5.2554 1
465.17 192.95 308.06 286.88 10.401 1
539.05 439.04 14.758 2.2867 3.8701 1
639.22 537.98 18.435 13.262 4.137 1
491.46 565.37 6.6289 11.636 4.5462 1
449.23 490.53 0.67846 5.2156 3.3321 1
562.82 639.23 9.8666 15.175 3.8616 1
147.25 168.32 117.72 202.77 2.2267 1
178.72 186.61 245.47 277.88 1.6046 1
168.99 176.09 205.41 235.5 1.7907 1
225.39 147.85 118.82 115.97 3.2326 1
461.04 453.27 301.55 305.01 2.6662 1
460.63 465.54 170.41 136.65 2.1363 1
456.92 459.84 194.17 172.8 1.5769 1
466.21 461.21 151.56 181.56 1.6439 1
459.99 463.38 214.06 192.96 1.4762 1
452.55 455.77 222.83 199.18 1.9134 1
145.93 174.15 107.16 77.896 2.3765 1
470.23 473.86 151.6 129.08 1.3915 1
467.84 466.58 137.87 149.12 1.7995 1
369.13 347.88 60.375 60.375 1.25 1
