208.47 339.13 47.398 210.37 4.6414 1
638.98 638.98 411.62 147.87 1.2538 1
135.37 570.37 479 478.98 1.2706 1
545.47 487.81 152.52 338.72 4.3884 1
271.62 209.24 36.599 46.131 4.4789 1
230.82 211.24 215.31 75.254 4.1929 1
56.858 41.704 66.133 58.957 5.0539 1
353.74 545.63 23.452 151.86 4.1476 1
488.2 337.42 338.63 403.05 8.5869 1
84.6 53.549 62.584 77.963 4.4595 1
211.36 207.13 73.126 47.584 4.1241 1
187.36 163.64 15.954 22.335 8.3574 1
76.485 79.572 41.433 59.264 5.5186 1
42.701 44.877 58.17 50.238 3.9471 1
334.39 230.49 400.93 214.76 6.4384 1
48.96 84.458 83.736 68.658 3.7169 1
69.661 77.273 22.14 40.623 5.3716 1
85.152 122.88 25.697 16.63 6.3691 1
122.86 146.75 15.615 17.489 6.2309 1
54.492 31.648 78.49 82.992 3.9566 1
44.323 35.362 49.133 41.64 4.3234 1
151.53 129.06 22.372 19.639 2.7835 1
147.7 162.76 19.126 21.228 3.1955 1
42.26 32.284 61 71.03 5.3033 1
106.52 86.772 24.809 28.636 3.2435 1
141.63 125.37 10.583 10.698 2.5709 1
282.96 352.98 34.681 23.526 3.7033 1
9.0054 1.0667 75.277 84.915 3.8595 1
12.528 5.2186 41.072 12.594 5.8076 1
161.66 149.05 23.576 22.736 2.4945 1
128 106.73 19.643 24.576 2.9124 1
41.111 52.484 73.383 65.506 5.5338 1
129.13 151.64 7.956 6.8903 3.3911 1
152.85 175.36 8.0932 8.534 2.5485 1
20.369 37.778 52.849 48.717 2.7211 1
75.548 64.452 58.123 65.844 6.2461 1
73.147 74.968 1.408 14.183 6.7193 1
60.676 67.125 0.97712 16.416 4.0439 1
36.766 21.659 46.028 49.283 2.5381 1
35.265 48.03 86.003 83.755 2.9655 1
34.089 13.915 39.998 41.948 8.2286 1
85.105 67.974 72.227 79.362 2.7884 1
399.31 364.27 9.8882 18.479 2.4748 1
340.71 433.11 212.78 186.2 3.6376 1
433.92 540.37 185.95 154.09 3.2342 1
370.47 404.12 14.49 5.3392 2.4031 1
128.54 112.91 10.186 1.5565 3.7726 1
485.47 538.8 335.41 163.16 2.4214 1
25.269 27.684 1.2143 7.9434 3.3268 1
235.01 211.65 85.672 56.609 1.5847 1
289.13 307.88 21.625 21.625 1.25 1
218.56 221.74 105.45 130.36 1.8729 1
312.86 335.36 20.176 18.889 1.7478 1
338.04 340.63 326.63 217.88 2.5025 1
76.733 110.32 79.47 68.963 2.0919 1
110.54 86.722 72.18 79.442 2.4493 1
339.11 314.11 21.369 22.425 1.618 1
209.18 189.08 79.387 83.945 2.1617 1
189.18 206.67 80.621 76.838 2.2784 1
341.49 326.49 207.99 190.49 2.0346 1
507.87 469.05 130.39 104.24 1.4625 1
356.65 342.91 19.336 20.725 1.4951 1
232.58 231.69 237.89 220.37 4.0619 1
310.38 292.88 24.125 24.125 1.25 1
324.25 310.53 187.77 170.25 1.6727 1
56.528 45.248 91.662 90.815 3.4587 1
