526.87 506.27 250.16 345.57 4.7479 1
638.98 638.99 412.87 147.87 1.2611 1
529.58 526.75 236.19 249.42 6.3732 1
506.03 483.35 346.22 448.95 4.4862 1
215.96 213.03 17.542 1.3699 4.3582 1
335.09 330.23 31.274 17.928 3.6318 1
486.98 475.29 1.5239 105.37 4.2056 1
219.95 223.63 1.3345 11.8 4.7805 1
340.41 346.35 6.6032 16.785 2.7893 1
320.48 331.93 23.541 43.22 5.7558 1
375.84 375.75 5.3704 20.37 2.5509 1
280.44 279.18 14.119 1.495 4.1034 1
135.37 574.12 479.01 478.99 1.2678 1
349.44 345.46 18.569 7.3995 2.6487 1
371.75 371.35 19.12 9.0856 2.8025 1
355.89 355.75 25.379 42.868 3.8307 1
274.63 275.17 1.6564 14.187 4.0644 1
407.13 409.38 20.451 5.414 3.5231 1
361.18 365.74 45.317 10.423 4.8531 1
368.21 365.59 26.519 49.004 4.3039 1
220.88 216.69 83.054 65.659 3.3081 1
346.74 346.36 75.405 92.869 2.7709 1
353.38 353.71 39.113 52.915 3.9573 1
310.12 311.02 90.361 74.161 2.7025 1
368.44 367.48 12.823 25.44 2.9666 1
259.44 256.3 1.0241 12.443 4.8216 1
269.77 269.25 12.845 1.5617 3.9756 1
404.32 402.98 10.272 24.014 3.2285 1
185.9 188.15 9.6098 1.3598 5.4817 1
309.87 311.24 21.562 37.907 4.259 1
347.6 353.86 38.317 26.484 7.7985 1
204.27 202.35 88.041 75.266 4.7582 1
229.07 229.75 65.329 82.851 2.4981 1
312.9 312.61 15.374 5.3463 2.7174 1
249 253.25 13.289 1.7629 5.4316 1
298.97 299.29 292.89 224.13 5.0225 1
294.98 293.41 474.17 421.5 7.608 1
317.54 319.46 40.199 22.912 5.7954 1
306.68 307.24 44.126 4.1511 3.0413 1
179.73 182.65 1.2994 17.915 5.5743 1
342.74 343.83 91.69 73.005 3.4469 1
268.25 268.95 66.556 82.829 3.3209 1
362.46 362.15 9.0666 17.85 2.4546 1
351.73 322.66 59.128 56.755 6.8394 1
338.08 339.63 66.612 91.671 3.9746 1
293.37 292.61 87.913 72.888 2.5602 1
221.65 223.06 65.273 82.86 2.8411 1
185.5 184 88.039 77.712 3.1952 1
186.73 187.99 72.74 85.364 2.9887 1
567.6 606.48 1.2637 106.68 3.6507 1
323.8 325.6 16.79 6.6658 3.6918 1
294.91 298.4 420.4 294.07 5.3383 1
331.77 334.16 20.135 9.1327 2.4145 1
271.73 272.24 79.13 67.789 3.7461 1
317.03 317.72 6.5975 16.721 1.8663 1
149.24 160.19 56.586 88.762 5.111 1
212.41 209.01 68.038 84.361 4.6398 1
226.36 225.84 84.173 67.86 2.4987 1
609.13 571.65 103.66 1.159 3.986 1
230.17 237.42 1.2881 23.87 5.0982 1
152.76 170.58 2.8032 4.6177 5.2275 1
329.86 328.59 7.8002 16.546 3.0155 1
377.96 379.75 42.879 1.652 5.3781 1
359.89 360.54 74.097 91.619 1.92 1
364.06 374.21 5.9691 7.0752 6.7548 1
189.54 206.73 21.601 33.312 3.9398 1
139.74 137.89 81.854 66.624 4.3589 1
384.89 383.89 16.539 36.738 6.1178 1
395.18 403.57 6.0441 8.5147 4.7455 1
226.68 225.76 21.68 1.5502 4.431 1
388.97 397.69 18.764 14.96 2.9358 1
483.04 344.39 448.66 459.91 7.7428 1
265.43 268.64 10.597 27.965 5.144 1
367.58 362.42 86.285 71.787 3.5328 1
299.02 281.4 21.614 13.615 9.4132 1
417.34 530.21 136 231.59 6.891 1
467.34 481.78 105.65 1.3003 10.068 1
125.23 137.71 79.811 82.415 3.3545 1
303.24 298.23 25.279 6.2039 4.0671 1
629.19 609.33 1.148 102.67 4.8014 1
260.93 264.63 17.052 1.4473 5.4419 1
386.95 386.04 1.4823 15.419 6.1545 1
479.36 491.03 101.65 1.4099 3.6736 1
255.83 258.73 32.961 17.565 4.3795 1
185.76 197.44 22.381 35.754 3.2999 1
264.58 259.35 91.507 71.565 4.5201 1
402.38 388.38 19.374 26.393 7.8383 1
197.97 211.61 35.968 37.948 4.0506 1
326.62 342.87 5.3532 4.0512 5.8306 1
200.53 187.94 71.407 73.329 5.3201 1
302.52 305.39 39.206 51.622 5.2472 1
306.33 324.33 51.344 62.547 4.7871 1
131.58 133.8 65.383 77.156 2.1828 1
412.42 415.54 37.651 13.982 3.7179 1
112.45 103.35 72.61 1.4043 7.2542 1
111.33 115.76 1.4788 30.316 4.3708 1
340.35 354.12 64.164 63.836 2.7672 1
123.92 128.14 30.446 42.786 3.9827 1
304.33 303.75 11.63 37.894 2.7214 1
301.61 527.87 233.86 232.31 8.0806 1
405.99 405.79 87.885 75.368 2.5197 1
325.16 340.21 61.963 64.044 3.9264 1
485.42 552.61 98.763 0.58592 4.2378 1
132.27 141.31 18.372 29.386 3.8653 1
546.3 479.79 0.5636 99.135 4.3468 1
352.83 366.49 62.79 55.14 4.4523 1
367.78 370.15 53.747 45.311 4.4755 1
150.54 158.25 25.915 41.438 2.1152 1
1.5722 111.66 82.28 85.329 5.7632 1
176.61 157.84 34.458 33.42 2.8415 1
159.04 182.93 37.88 36.18 4.3663 1
178.04 161.59 11.975 11.529 13.711 1
297.52 294.85 224.18 207.76 2.638 1
384.11 402.88 45.983 45.498 2.919 1
270.29 295.52 38.556 41.73 3.7207 1
617.2 617.41 107.89 96.639 1.4581 1
280.87 281.8 292.88 172.89 3.4291 1
182.96 186.35 34.523 23.165 4.539 1
212.94 222.82 37.949 29.227 4.0265 1
294.75 289.35 206.73 175.34 2.7161 1
344.16 296.63 459.46 460.47 6.5939 1
144.46 147.76 41.54 54.474 4.8451 1
477.91 589.12 105.83 110.41 3.8126 1
135.99 133.39 41.769 30.258 3.5373 1
160.16 178.55 30.166 27.461 8.0026 1
290.01 280.25 420.4 294.13 4.7088 1
150.71 159.56 39.573 57.66 2.8653 1
264.45 263.91 64.142 34.129 2.8849 1
198.6 210.52 25.512 29.989 4.6806 1
210.83 221.36 29.115 22.455 5.2823 1
281.74 282.95 172.88 134.17 4.7639 1
156.24 146.11 65.935 36.372 3.6453 1
164.54 155.25 58.38 42.949 2.9957 1
602.95 486.62 104.51 100.58 4.3387 1
282.75 296.68 32.375 33.238 6.3926 1
475.79 481.27 451.12 469.36 8.0208 1
509.71 520 316.48 267.8 1.7401 1
407.58 404.24 90.133 111.45 4.6744 1
390.11 400.54 36.178 37.002 6.4275 1
497.57 509.59 371.56 315.47 2.0056 1
622.37 617.45 64.036 91.772 3.3348 1
619.12 639.14 96.259 96.167 6.3304 1
336.31 336.18 95.373 119.13 2.5868 1
636.25 622.34 1.2657 64.283 4.8825 1
289.11 285.52 174.13 151.6 2.3231 1
284.11 417.9 135.2 137.66 5.6435 1
180.38 160.38 118.6 118.8 5.0247 1
411.11 409.05 54.059 70.207 5.4329 1
162.72 154.77 102.94 83.856 2.1149 1
302.88 302.88 237.88 261.63 1.25 1
306.24 297.75 478.01 467.98 6.7539 1
314.41 288.88 119.99 115.53 4.2808 1
601.21 564.08 101.78 1.6435 2.6079 1
402.88 382.85 114.26 114.1 6.24 1
162.92 170.46 18.747 19.664 2.7837 1
340.6 320.12 125.02 122.2 7.6004 1
301.62 301.62 290.38 307.88 1.25 1
383.94 361.34 115.71 120.18 6.1164 1
479.24 477.14 469.88 477.13 4.9931 1
194.12 179.08 118.13 117.88 3.7083 1
288.09 272.91 114.17 111.45 3.9115 1
357.86 341.23 121.5 124.1 5.7903 1
302.88 302.88 269.13 286.63 1.25 1
339.62 340.07 116.64 100.37 1.6634 1
134.17 116.3 107.73 102.8 2.4099 1
119.52 120.2 40.416 33.974 2.4863 1
205.37 195.33 116.55 117.31 2.3005 1
