638.98 638.98 412.87 147.87 1.2517 1
136.62 575.37 479.01 478.97 1.2828 1
249.77 252.31 286.66 127.87 5.8623 1
385.94 249.54 367.79 287.17 6.1525 1
252.27 252.31 121.63 96.626 6.268 1
254.98 444.52 96.318 174.93 5.0712 1
250.66 418.09 96.016 22.105 5.2437 1
513.18 491.54 186.03 237.12 6.1474 1
558.47 512.81 64.653 185.35 4.8997 1
393.75 382.65 364.79 371.96 8.5794 1
416.49 388.82 266.94 365.29 4.5086 1
419.07 557.74 21.809 63.317 3.8613 1
242.43 253.68 303.68 292.43 7.0742 1
330.46 350.59 158.82 164.63 3.4419 1
364.24 330.01 163.65 155.68 3.4013 1
329.13 352.73 191.61 198.38 2.5698 1
364.14 325.14 197.81 187.53 3.5698 1
246.94 248.83 330.32 298.96 10.583 1
346.61 319.22 254.16 245.1 2.4134 1
489.75 393.35 236.45 363.53 6.5247 1
439.19 433.87 183.75 200.69 4.0205 1
432.85 420.83 207.53 251.41 4.9089 1
321.58 341.55 249.26 255.6 2.3829 1
420.39 417.8 251.63 265.36 5.84 1
253.92 252.84 241.62 284.12 2.0435 1
338.85 312.62 302.46 293.64 2.7865 1
639.29 591.86 31.325 4.9575 3.0366 1
315.44 303.18 146.54 136.26 3.5218 1
312.83 333.99 296.74 304.5 2.5856 1
315.52 299.27 181.47 166.47 3.6035 1
435.22 364.19 180.76 151.47 2.4548 1
295.55 257.73 146.23 129.46 2.6534 1
345.79 297.62 168.16 147.21 2.8945 1
443.31 454.05 172.13 162.79 1.7634 1
259.18 326.68 126.49 156.51 2.5497 1
255.38 255.38 131.63 184.13 1.25 1
374.09 350.34 180.46 170.46 1.7595 1
566.64 552.87 2.3022 1.9899 1.5047 1
304 329.23 133.48 138.62 2.9493 1
429.11 376.59 204.16 181.7 1.7749 1
302.81 313.97 165.81 167.61 2.6673 1
254.85 254.73 190.37 222.88 1.3735 1
296.6 311.72 221.76 224.92 2.9577 1
384.32 378.4 374 378.56 4.602 1
541.8 552.94 80.546 69.189 2.7111 1
