200.72 158.66 356.55 173.94 4.9132 1
638.98 638.99 412.87 147.87 1.2618 1
137.87 574.12 478.99 478.98 1.2576 1
521.55 486.57 177.56 326.61 5.1409 1
528.54 521.95 148.68 175.76 4.467 1
462.79 528.73 76.601 148.24 4.8281 1
158.85 179.04 175 93.163 4.6191 1
498.15 210.25 329.14 360.45 9.4365 1
180.3 463.01 94.132 77.632 5.3799 1
306.41 321.47 4.435 0.949 2.9994 1
162.8 237.9 6.7358 1.9665 5.9796 1
603.21 639.19 75.944 93.998 4.4608 1
275.39 202.87 3.113 7.7408 3.5832 1
639.87 600.44 98.904 78.992 4.4405 1
350.42 230.37 13.846 10.477 4.0419 1
499.12 404.12 17.662 18.777 3.5591 1
230.3 182.87 11.517 14.108 3.7649 1
395.37 495.38 15.282 14.81 3.986 1
337.7 306.58 0.83727 7.6625 4.6162 1
402.96 351.53 18.104 14.066 3.347 1
590.38 560.36 69.111 54.153 5.0756 1
239.11 267.87 2.2421 1.3347 1.5647 1
571.46 601.67 54.413 71.886 5.5271 1
141.65 39.079 13.425 18.132 3.951 1
280.36 272.66 2.7754 4.0185 4.4987 1
303.07 285.38 4.4417 2.8378 5.3181 1
344.12 394.22 10.476 13.926 3.3567 1
27.878 37.987 11.674 11.103 4.9215 1
161.52 525.43 175.21 148.57 4.7807 1
284.1 344.07 8.5318 10.706 3.1324 1
557.89 570.47 47.843 55.204 3.6041 1
201.64 174.14 8.2344 9.4353 1.9032 1
560.18 553.14 53.947 48.762 3.7602 1
529.15 500.33 21.435 18.259 2.8958 1
41.641 152.85 14.493 9.7715 3.8762 1
600.36 590.28 78.268 70.496 5.0335 1
38.05 1.4831 16.579 21.9 4.9708 1
182.87 142.87 13.72 13.778 5.0199 1
496.58 504.13 14.864 15.322 2.4954 1
553.04 527.41 29.905 20.689 4.5201 1
181.6 282.83 10.671 7.5501 3.2691 1
504.28 528.03 15.174 17.651 3.4706 1
553.65 555.24 47.964 34.11 3.3406 1
146.66 129.14 4.1238 4.6064 2.6711 1
559.32 557.68 32.707 43.042 3.3106 1
528.96 557.95 17.088 27.683 4.154 1
1.5122 24.167 17.836 15.854 2.9263 1
162.91 198.18 177.87 331.55 2.1575 1
519.69 524.91 171.76 150.26 1.4751 1
499.22 512.97 259.15 200.4 1.7335 1
508.37 514.82 195.48 164.27 1.7303 1
314.13 294.13 90.375 90.375 1.25 1
482.7 461.65 103.04 80.355 1.25 1
75.391 40.358 2.5321 3.1646 2.793 1
342.86 324.16 87.731 89.459 1.3597 1
39.129 1.613 3.5237 3.2449 3.8428 1
114.13 97.875 1.625 1.625 1.25 1
