445.62 443.03 194.07 182.84 3.2772 1
171.36 126.9 278.86 114.96 4.7299 1
440.9 449.8 173.87 191.91 3.9628 1
127.75 435.38 114.39 140.27 4.7036 1
136.62 574.12 478.99 478.98 1.2635 1
638.99 638.98 411.63 146.63 1.2602 1
440.77 435.74 234.44 221.02 3.2188 1
447.86 454.98 130.39 140.65 3.7937 1
435.9 444.23 213.16 234.08 3.9552 1
449.98 436.82 192.61 211.76 5.0884 1
448.55 458.34 102.39 115.94 4.673 1
458.66 449.54 118.77 130.69 4.9026 1
180.28 172.74 279.95 279.11 2.7599 1
453.34 441.61 148.28 161.61 5.0284 1
443.74 439.42 234.43 246.73 3.475 1
452.94 447.6 73.846 96.559 4.3656 1
437.41 433.49 154.08 191.69 4.0667 1
440.32 438.34 138.2 153.1 10.408 1
433.47 421.59 192.69 315.37 5.4584 1
256.65 451.55 63.602 74.253 4.576 1
409.13 327.88 1.9403 1.4909 1.3813 1
430.41 410.37 2.4398 1.966 2.8242 1
346.63 326.62 5.899 5.6573 1.4915 1
439.27 369.1 11.041 5.6481 3.7372 1
372.93 435.47 3.3466 7.7571 2.7893 1
436.62 581.66 7.9026 26.349 3.9211 1
442.87 440.12 120.77 129.44 5.5214 1
553.12 440.28 25.981 11.125 3.9749 1
291.62 260.37 2.0282 1.7965 1.4817 1
456.51 484.05 4.4048 1.0403 4.177 1
320.45 307.83 4.3963 3.4568 3.0501 1
367.89 347.87 6.2901 6.0981 2.6796 1
259.13 151.63 1.8728 2.6136 2.8273 1
416.1 180.54 320.1 284.27 8.9172 1
439.51 429.55 244.43 256.97 3.7138 1
444.18 442.93 114.38 120.87 5.6646 1
489.12 454.22 4.0627 8.6349 4.4105 1
306.66 291.64 3.6407 2.6495 2.9062 1
434.19 415.4 321 318.91 7.7305 1
639.15 554.04 31.011 27.403 4.3916 1
325.37 371.62 3.1634 4.3942 1.6819 1
443.34 441.59 161.52 174.12 3.1991 1
440.44 438.99 185.38 200.48 3.2548 1
453.21 435.58 6.5387 2.0599 6.3848 1
582.84 639.14 25.885 27.074 3.3534 1
434.94 435.36 225.34 235.38 2.7578 1
138.86 174.11 146.7 276.63 2.1683 1
184.19 132.78 123.4 118.92 3.7916 1
266.63 186.61 129.06 123.14 2.9055 1
420.73 427.67 227.91 146.61 2.2199 1
132.09 138.21 122.74 144.03 1.7264 1
129.51 190.2 112.14 67.635 2.4867 1
177.76 174.23 304.15 290.04 4.2447 1
291.66 267.85 131.11 129.6 1.6246 1
417.66 419.68 265.36 240.32 1.2866 1
444.17 436.53 317.29 317.81 3.287 1
332.88 315.38 70.375 70.375 1.25 1
430.2 429.52 146.62 160.39 1.6853 1
