311.96 330.65 321.78 126.53 4.5248 1
328.99 356.54 125.34 19.102 4.93 1
638.98 638.98 412.88 149.13 1.253 1
557.11 483.16 147.13 348.31 5.855 1
136.62 574.12 479 478.97 1.2761 1
314.31 311.98 340.51 321.74 8.3656 1
497.36 557.39 35.656 146.89 4.243 1
483.04 313.72 349.18 325.85 8.0414 1
612.97 639.25 2.9254 4.9552 4.0276 1
332.81 554.3 118.39 146.52 5.8075 1
357.8 496.62 18.512 35.412 4.1865 1
319.54 315.01 271.55 321.59 2.2771 1
331.22 320.03 152.84 269.09 2.2269 1
333.47 331.86 121.59 149.14 1.7664 1
476.98 479.85 351.54 363.96 6.3709 1
522.88 499.12 7.2017 7.5116 2.6954 1
432.8 404.17 155.61 146.49 3.036 1
427.82 415.48 189.36 186.21 3.0155 1
461.66 447.95 190.68 192.27 2.7717 1
477.44 472.19 359.92 373.57 8.2585 1
474.14 439.09 158.78 157.49 2.4524 1
452.91 419.16 251.2 252.5 2.4981 1
405.69 426.9 150.76 158.37 3.2621 1
520.34 533.01 237.86 204.17 1.7405 1
446.74 437.82 192.25 190.68 2.4621 1
467.84 445.34 11.318 13.808 3.7272 1
499.2 472.77 7.1773 10.866 4.5777 1
444.31 416.62 13.599 4.1253 5.5401 1
439.13 421.55 301.69 303.39 3.1309 1
347.86 334.03 152.98 151.01 2.123 1
362.9 350.38 155.08 154.06 1.7532 1
