136.62 574.12 479 478.97 1.2725 1
638.98 638.98 411.62 146.62 1.2528 1
234.77 532.96 173.74 64.363 4.9298 1
534.93 529.16 63.758 90.383 5.7823 1
528.92 500.48 92.354 240.15 5.8665 1
157.13 416.97 92.128 17.849 4.9987 1
474.31 436.4 17.234 6.1305 4.2412 1
439.24 492.8 3.7478 19.394 3.5587 1
206.12 157.14 263.02 92.369 5.0636 1
503.17 279.82 242.17 360.3 10.21 1
501.57 535.84 51.793 63.849 4.7818 1
508.2 475.5 29.574 16.316 3.4121 1
533 569.14 32.868 29.288 4.4596 1
604.52 611.67 13.59 2.1245 8.2125 1
576.27 534.45 30.884 38.405 5.0451 1
572.99 603.22 23.153 10.689 5.2405 1
602.68 582.98 15.982 21.983 4.3158 1
417.64 473.25 17.18 40.747 4.1159 1
273.02 265.94 362.81 346.2 10.18 1
263 206.15 347.39 263.6 5.4303 1
493.02 510.07 20.043 27.345 3.1197 1
583.6 571.84 24.228 29.587 5.0685 1
526.64 535.38 31.107 31.313 2.5582 1
86.28 1.2887 -0.49858 13.304 4.661 1
538.37 517.2 44.438 34.195 4.6468 1
549.04 526.45 22.431 27.003 3.4569 1
530.28 552.93 22.35 18.164 3.8211 1
631.62 617.87 14.386 14.385 10 1
437.42 424.36 5.682 0.96668 4.278 1
38.921 1.4177 0.39462 6.6276 3.5012 1
268.9 231.78 344.44 171.86 5.2828 1
1.4936 14.117 2.8495 1.5489 2.7431 1
1.5741 56.434 10.082 0.53018 2.941 1
619.77 538.93 67.537 44.831 4.7988 1
534.14 594.12 39.082 56.628 3.6562 1
638.79 631.35 19.735 15.653 5.4083 1
570.36 550.36 24.386 23.19 3.5942 1
551.7 575.32 19.338 21.061 3.1945 1
595.46 581.51 29.936 27.24 3.6819 1
230.9 159.68 172.29 94.764 4.3249 1
593.19 598.46 54.191 28.728 9.5811 1
605.3 631.61 22.94 24.427 4.0261 1
586.63 597.95 24.099 26.245 2.6891 1
621.65 607.92 28.866 27.416 1.567 1
