638.97 638.99 412.87 147.87 1.2621 1
137.87 574.12 479 478.97 1.2736 1
216.94 215.54 260.36 99.113 5.1727 1
341.02 216.75 348.22 260.19 5.0182 1
215.34 214.79 94.126 66.587 4.249 1
214.43 410.5 66.327 3.2536 4.2108 1
217.54 389.6 67.294 154.44 5.5612 1
545.22 480.91 53.561 213.84 4.3068 1
481.09 344.23 214.83 349.23 8.0429 1
390.58 542.3 153.19 55.171 3.9584 1
410.48 545.04 3.8374 52.558 4.3368 1
290.05 324.11 136.46 146.69 3.5971 1
320.64 283.93 175.73 164.77 3.4506 1
315.25 276.35 234.54 222.51 3.2388 1
209.85 221.83 276.03 265.44 7.6652 1
354.36 343.4 298.89 345.5 3.2987 1
327.9 285.07 144.05 131.41 3.5385 1
288.96 317.82 169.68 178.07 2.5127 1
307.78 272.62 283.15 271.11 3.2719 1
214.49 216.25 279.53 272.47 3.6404 1
274.55 259.2 124.87 107.81 3.4371 1
273.96 304.86 274.59 285.58 2.8301 1
219.08 219.46 159.13 206.63 1.532 1
282.59 314.02 227.57 236.99 2.6351 1
278.84 257.09 163.14 139.86 3.1742 1
390.5 385.95 172.9 193.01 2.7143 1
262.58 254.1 263.05 249.14 2.5514 1
263.9 255.08 211.76 196.8 3.1735 1
219.13 219.13 100.38 156.63 1.25 1
219.25 220.06 211.62 256.63 1.9243 1
386.49 381.82 164.09 182 3.1027 1
380.96 355.15 187.72 296.87 3.3618 1
639.39 626.91 8.6817 1.1574 2.361 1
256.79 270.67 116.35 124.89 3.6843 1
213.56 212.81 291.73 278.98 8.9555 1
255.25 267.98 245.96 248.64 2.9615 1
224.06 254.1 99.247 115.42 2.37 1
271.78 221.52 128.84 101.82 2.5336 1
393.64 391.46 160.29 172.85 1.8725 1
360.71 357.41 296.71 309 1.767 1
219.13 219.13 72.875 92.875 1.25 1
261.51 276.54 139.62 143.25 2.7644 1
307.75 290.56 148.11 138.78 2.0083 1
263.94 275.47 107.51 109.9 2.9109 1
273.73 263.46 220.74 209.75 1.6475 1
374.14 355.55 156.6 147.51 1.6722 1
345.28 322.92 168.06 156.54 1.2779 1
