260.41 260.95 124.15 96.661 3.9976 1
254.85 260.37 287.94 129.12 4.9816 1
638.98 638.98 412.88 147.88 1.2503 1
136.62 575.37 479.01 478.97 1.2801 1
393.92 254.82 369.48 289.17 5.4397 1
260.78 422.26 96.243 21.545 4.4683 1
262.84 454.88 96.708 175.33 4.4252 1
531.22 501.7 145.22 220.41 4.1109 1
562.71 531.28 64.82 144.75 4.2479 1
501.74 496.74 220.83 227.96 3.7887 1
337.69 362.67 192.23 199.81 2.3923 1
400.31 391.92 364.08 375.28 8.0039 1
362.88 334.05 196.62 188.12 3.0263 1
451.18 445.46 185.23 202.9 3.2882 1
444.07 427.07 209.11 266.39 4.135 1
372.8 338.91 164.44 156.28 3.4876 1
338.73 369.17 159.3 167.7 3.2385 1
248.33 258.93 309.01 293.16 7.65 1
497.59 488.05 228.04 242.99 7.0156 1
422.63 562.45 21.199 63.059 4.1165 1
355.19 325.2 255.92 245.9 2.3738 1
426.09 411.34 268.96 317.79 3.917 1
404.95 399.13 349.96 364.37 11.145 1
253.82 254.37 320.44 301.56 8.9988 1
411.2 401.83 317.37 348.32 3.8105 1
449.16 354.25 182.8 143.82 2.208 1
263.34 259.9 130.39 235.36 2.2326 1
329.26 346.82 249.99 256.06 2.0866 1
341.56 320.45 303.05 295.18 2.4811 1
259.36 258.4 241.63 286.64 1.4105 1
264.4 263.06 101.64 122.89 1.7201 1
487.44 408.93 242.93 353.09 5.1608 1
319.16 342.97 297.79 306.35 2.3906 1
456.02 449.36 184.32 206.32 1.9513 1
330.85 310.19 152.57 135.6 3.0697 1
361.98 265.52 172.07 130.05 2.6787 1
425.02 399.2 198.71 187.71 2.1302 1
441.89 425.45 206 198.95 1.6441 1
267.92 313.05 127.77 147.49 2.5796 1
310.73 301.96 235.09 223.86 3.509 1
325.02 307.39 183.26 167.15 3.7703 1
388.9 363.01 183.41 172.54 2.192 1
317.24 332.92 149.09 156.54 3.331 1
305.46 296.35 284.06 271.83 2.64 1
304.03 320.4 223.36 226.47 2.6283 1
639.19 587 32.76 3.4531 2.9099 1
367.88 408.15 171.62 188.46 2.032 1
305.41 280.7 264.05 251.01 1.7499 1
319.07 278.03 123.02 106.24 1.6301 1
389.19 435.33 155.22 174.23 1.7703 1
355.49 386.59 141.35 154.21 1.91 1
332.64 310.39 134.68 125.33 1.7047 1
314.01 341.71 134.76 139.9 3.3708 1
311.55 325.55 167.12 169.22 3.0295 1
357.96 379.38 147.69 157.31 2.1136 1
370.22 380.13 189.3 198.15 2.1664 1
408.9 389.03 317.06 306.81 1.25 1
