638.98 638.99 411.62 149.12 1.2527 1
137.87 574.12 479.02 478.97 1.2917 1
362.79 216.76 338.18 299.87 8.0683 1
217.87 191.62 298.92 137.47 6.3788 1
191.11 273.55 137.25 40.95 5.0359 1
400.73 442.62 138.01 23.574 5.0721 1
372.93 365.3 298.62 335.62 9.7941 1
305.36 285.61 4.1161 28.07 3.8072 1
442.63 306.49 23.361 3.8044 7.2668 1
388.6 370.48 173.87 297.89 5.0712 1
194.12 387.45 137.91 177.48 4.3688 1
499.12 537.9 13.753 13.252 3.9275 1
297.66 238.07 10.418 0.43784 4.5244 1
537.79 506.42 4.7455 8.8161 8.4028 1
269.14 299.12 2.7549 6.6307 3.0358 1
437.39 428.15 50.279 96.928 4.6025 1
411.35 377.23 185.67 299.31 4.7966 1
441.96 437.63 34.22 49.41 2.5735 1
428.41 411.81 97.739 185.41 4.9127 1
487.09 489.84 52.91 16.49 3.4792 1
495.43 492.37 15.38 51.688 2.8056 1
