638.98 638.97 412.88 149.13 1.2625 1
136.62 574.12 479 478.98 1.2703 1
482.76 424.09 129.52 308.29 7.1077 1
424.86 283.19 308.14 340.49 7.0823 1
564.72 639.27 9.8307 34.94 4.9101 1
374.49 485.02 53.6 129.64 5.3327 1
640.93 559.43 48.873 20.857 10.159 1
211.88 205.04 205.58 172.68 8.0504 1
302.87 479.18 140.24 128.79 5.5892 1
620.86 596.46 61.384 53.379 4.3992 1
263.94 213.53 311.06 205.66 5.8838 1
224.07 304.16 45.418 139.1 4.0156 1
278.45 263.44 338.9 310.66 6.036 1
288.93 277.96 351.8 339.21 7.9968 1
595.74 567.97 54.271 45.078 2.8143 1
567.34 532.56 45.16 27.23 3.6989 1
338.93 373.82 29.414 53.321 3.6858 1
554.95 601.47 36.557 53.308 3.0561 1
601.62 615.36 52.079 52.332 3.7724 1
206.55 207.93 171.65 25.399 6.9933 1
639.47 621.26 69.472 62.595 3.0665 1
281.33 300.94 336.74 172.94 3.3026 1
528.78 514.08 17.705 13.014 2.8124 1
520.58 536.78 12.222 17.399 2.0493 1
537.91 554.23 26.568 35.179 2.5159 1
277.03 297.34 330.42 154.21 2.8164 1
617.9 639.32 57.821 66.121 2.8563 1
283.31 279.77 296.67 327.81 1.6365 1
207.81 339.16 26.91 30.116 6.4016 1
560.38 520.37 11.182 10.701 2.6351 1
420.95 413.75 320.05 334.56 6.7328 1
377.97 360.44 187.09 184.89 2.4805 1
512.91 565.43 6.9867 8.802 2.5389 1
396.62 415.39 160.19 159.53 1.6933 1
406.64 390.43 185.53 187.2 2.4868 1
386.58 366.68 156.89 153.8 2.3863 1
630.09 640.29 28.992 7.1696 4.5297 1
411.65 396.68 155.57 157.13 2.2268 1
399.27 430.28 144.08 147.46 3.5925 1
404.07 421.52 174.61 176.43 2.8757 1
387.93 406.62 228.61 230.46 3.3638 1
357.75 339.12 292.65 290.45 2.4162 1
381.67 365.44 288.06 291.9 2.1443 1
300.82 288.96 357.76 349.35 6.9708 1
365.32 349.15 243.31 241.43 2.5694 1
365.29 377.81 188.33 190.73 1.9856 1
426.66 414.09 151.86 151.42 2.8065 1
377.88 392.79 276.57 277.75 2.1632 1
301.82 303.33 165.39 141.65 3.2892 1
372.93 304.07 165.93 172.25 2.2611 1
302.82 372.86 168.4 162.73 2.2586 1
467.93 415.33 137.47 141 2.4108 1
366.37 387.81 149.03 145.04 2.8609 1
417.86 404.07 161.55 163.8 1.8364 1
