638.97 638.99 411.62 147.87 1.2629 1
499.28 460.14 167.66 370.09 5.2368 1
375.06 373.42 1.5823 61.64 4.1903 1
135.37 574.12 479 478.98 1.2756 1
253.21 252.58 1.5057 12.927 3.813 1
246.33 245.88 55.382 35.392 2.5561 1
251.64 220.28 18.902 17.352 4.6709 1
460.19 335.48 370.83 399.59 7.3883 1
242.5 242.12 45.367 62.913 4.8906 1
249.16 249.84 39.067 54.149 2.6097 1
487.88 501.62 158.64 158.67 6.2582 1
591.69 605.54 48.265 1.6728 5.7314 1
112.58 106.89 49.227 32.784 3.9986 1
167.82 166.31 44.131 30.41 3.7274 1
252.54 252.45 54.127 37.877 2.5783 1
238.47 241.92 26.753 44.592 6.0187 1
295.37 486.75 176.6 160.58 4.5838 1
375.37 500.38 62.455 61.205 3.4874 1
213.74 213.74 44.125 56.625 2.5028 1
407.48 377.67 1.412 56.512 3.5171 1
211.33 219.57 56.925 64.915 2.9908 1
380.86 411.74 58.137 1.0131 3.625 1
171.01 173.37 35.245 46.78 2.5743 1
468.64 491.91 1.3119 58.27 3.6678 1
94.791 90.512 54.289 39.087 4.2871 1
192.82 190.3 54.28 33.033 3.4286 1
162.28 165.37 30.267 48.918 2.8808 1
119.38 115.91 53.218 30.484 4.1884 1
120 121.91 31.522 47.842 3.3526 1
605.3 636.6 10.794 12.161 5.2133 1
365.61 369.61 64.22 1.4966 8.6273 1
377.35 378.87 57.895 1.5844 3.3108 1
36.559 44.978 39.153 59.291 5.5774 1
112.1 114.99 31.546 48.982 3.2823 1
493.89 472.4 53.707 1.3082 3.7958 1
74.903 69.329 57.167 39.454 3.7103 1
87.747 84.198 55.408 41.606 2.4559 1
499.32 494.59 1.5382 59.163 4.2865 1
87.257 90.028 41.431 50.481 2.7564 1
73.664 78.207 40.172 57.789 3.0831 1
492.87 380.37 58.279 59.167 3.306 1
254.85 254.74 44.119 54.132 1.3563 1
295.88 296.31 279.13 212.87 1.6787 1
101.59 100.08 31.723 50.452 5.0844 1
500.4 584.19 48.759 46.53 4.8187 1
233.46 225.96 250.47 94.097 4.8146 1
296.54 295.61 206.63 177.83 2.539 1
616.71 618.32 77.268 70.797 4.8517 1
618.94 639.4 70.135 73.835 5.6008 1
306.96 306.24 46.598 37.804 2.7969 1
290.88 292.44 267.88 182.89 2.3619 1
294.3 294.55 402.88 344.13 2.5052 1
601.19 588.89 1.0274 35.734 6.757 1
636.38 638.98 10.302 1.5825 4.0765 1
208.46 227.02 15.668 23.628 5.4178 1
292.71 291.57 407.9 400.38 5.3191 1
198.5 204.67 5.7973 15.007 4.5069 1
87.762 74.325 38.122 39.642 5.9294 1
638.63 620.55 8.9687 66.68 4.0375 1
640.01 613.82 86.007 80.718 10.026 1
235.47 235.48 262.88 256.62 5.0076 1
294.48 295.39 345.36 280.36 2.78 1
359.25 488.97 86.382 153.17 3.8731 1
3.7715 9.192 31.28 45.349 5.3828 1
289.85 290.84 396.62 269.12 2.2749 1
335.18 294.03 399.37 407.4 7.2112 1
227.87 252.88 23.249 23.853 4.2312 1
290.38 236.11 405.67 262.6 5.5996 1
46.5 58.349 57.273 61.568 4.977 1
500.72 501.21 59.075 50.352 2.7045 1
18.206 12.518 52.227 31.724 4.5461 1
284.01 300.26 3.8516 2.6084 4.1205 1
252.45 266.19 22.838 13.487 5.1668 1
417.96 404.2 224.63 227.07 2.7583 1
412.95 390.66 341.82 349.92 2.5636 1
489.11 297.89 192.75 211.74 3.1816 1
583.67 593.14 38.696 1.062 5.4668 1
30.58 20.243 43.084 41.043 2.796 1
561.63 589.11 72.881 70.196 3.1246 1
4.2029 1.1905 46.904 34.228 3.5883 1
46.133 43.161 54.24 41.558 2.0724 1
417.78 404.11 287.42 290.31 2.2565 1
490.41 350.43 169.51 181.06 2.62 1
434.16 409.5 185.48 192.86 3.3564 1
43.648 35.37 35.589 32.891 3.3544 1
230.45 240.57 3.1107 3.8293 5.3414 1
372.86 405.37 193.72 194.34 2.1429 1
292.88 292.88 281.63 337.88 1.25 1
46.122 33.915 66.919 46.018 2.7984 1
160.37 158.82 70.376 51.547 2.7978 1
617.8 595.33 55.133 53.559 4.9005 1
17.663 30.755 4.8445 31.438 4.5722 1
585.31 560.68 81.927 76.478 3.5419 1
407.83 367.87 192.52 190.55 2.2957 1
504.28 501.05 1.5444 45.425 3.8697 1
614.11 570.37 72.55 73.968 2.3367 1
402.82 365.36 227.7 225.71 2.2311 1
29.944 35.946 31.029 39.278 2.9034 1
307.5 266.48 73.585 82.169 5.0933 1
297.95 489.21 208.65 189.98 3.1611 1
157.54 154.61 29.161 1.5737 2.8278 1
170.4 189.13 2.1361 2.8147 2.7247 1
36.517 20.5 31.683 1.5587 3.8279 1
26.056 39.04 2.0007 21.681 3.1735 1
227.8 359.15 90.64 86.203 3.9 1
449.86 461.8 374.71 387.82 8.0705 1
374.08 400.38 228.59 230.33 2.0708 1
494.12 375.37 63.932 64.557 1.421 1
422.93 489.14 172.32 166.78 2.1838 1
308.76 307.49 49.094 64.301 3.6328 1
42.689 31.566 20.501 4.1652 2.1988 1
309.36 308.02 11.643 29.136 3.6432 1
572.94 585.49 76.264 78.474 2.0979 1
240.64 241.67 64.047 84.059 3.8092 1
294.12 294.12 211.63 235.38 1.25 1
404.11 427.87 277.24 277.97 2.8053 1
616.93 586.44 100.81 89.631 3.8341 1
309.12 325.37 65.091 64.934 2.4999 1
265.36 294.8 139.14 174.6 2.6859 1
344.12 327.85 181.61 182.35 1.7055 1
229.31 186.86 86.693 80.102 4.1966 1
390.38 362.87 349.76 349.56 1.4175 1
421.57 397.92 263.74 266.97 1.9136 1
407.86 436.63 213.13 215.31 3.8335 1
593.75 638.99 89.181 102.11 3.2628 1
241.7 230.31 87.185 85.938 3.8638 1
399.1 360.35 292.35 291.24 2.1765 1
528.57 521.09 1.5305 45.496 2.3336 1
480.27 465.41 37.916 1.6125 2.258 1
517.95 525.58 45.388 1.444 2.5149 1
639.39 617.56 105.47 100.52 3.5438 1
416.53 441.5 180.04 182.75 3.1893 1
457.58 464.72 366.57 329.24 1.6223 1
479.47 483.19 251.7 234.19 1.4824 1
590.38 610.39 70.464 69.44 1.9515 1
307.23 294.46 422.11 412.1 9.9715 1
399.14 420.39 174.36 173.09 1.7722 1
347.87 309.13 67.7 68.281 1.3624 1
456.78 458.22 384.91 393.04 5.9266 1
326.61 349.13 64.787 64.373 1.6174 1
428.94 417.98 280.07 286.8 3.2705 1
586.7 565.37 53.678 53.153 6.1866 1
264.07 246.63 83.805 86.66 4.1046 1
71.658 46.536 91.3 88.754 6.2348 1
245.51 244.81 79.119 61.598 2.6997 1
391.6 402.04 24.108 5.6067 1.4773 1
459.39 458.31 392.79 405.41 2.704 1
294.13 294.13 186.63 204.13 1.25 1
396.63 376.63 196.62 196.62 1.25 1
386.65 410.36 265.62 262.73 1.997 1
356.62 366.63 270.32 269.2 1.797 1
293.03 291.74 342.88 362.88 1.3456 1
86.62 71.613 90.017 89.927 3.7648 1
