638.98 639 411.62 147.87 1.264 1
137.87 572.87 479 478.98 1.2693 1
421.45 397.5 150.15 301.37 4.3111 1
397.84 254 302.71 333.52 8.0291 1
353.39 421.24 48.36 151.48 4.8367 1
237.64 229.57 232.91 182.6 4.1332 1
252.66 246.28 330.41 290.23 4.4667 1
241.21 238.67 260.44 242.94 7.7811 1
246.39 241.13 289.98 259.6 7.1769 1
1.5748 35.354 40.779 38.776 3.4576 1
238.77 238 242.81 232.96 3.4493 1
41.488 62.897 37.357 31.71 3.3071 1
230.53 416.83 181.4 152.97 4.4168 1
195.48 208.37 28.809 84.01 3.4908 1
229.94 216.38 182.97 122.93 3.6217 1
62.162 70.1 30.971 23.82 3.4387 1
34.138 1.6133 44.782 44.556 3.9066 1
71.831 55.993 28.182 38.797 4.8717 1
279.11 196.69 18.966 27.309 4.2345 1
87.804 104.03 5.0778 1.2227 2.6609 1
32.655 52.848 24.913 15.318 4.148 1
47.863 35.243 42.978 41.499 6.4986 1
66.16 42.238 16.264 23.169 3.7638 1
94.158 47.838 41 43.427 3.4774 1
155.55 99.16 30.223 39.342 3.1767 1
121.74 154.12 33.439 26.595 2.6348 1
54.023 64.108 16.134 14.041 2.4939 1
140.35 119.06 1.5406 8.9434 2.31 1
294.02 285.18 14.193 0.9243 2.7744 1
289.87 299.75 1.136 16.219 2.5287 1
220.43 200.24 175.37 60.399 3.1953 1
394.76 417.08 297.98 157.75 1.991 1
55.369 79.133 40.201 39.343 1.8356 1
340.12 330.16 29.295 14.27 2.4462 1
329.15 319.1 12.994 15.274 2.9912 1
220.18 220.19 185.37 175.37 3.7516 1
232.95 223.86 239.11 195.43 2.2425 1
