183.49 142.93 273.68 103.81 4.9892 1
468.35 460.53 175.7 216.89 4.7412 1
479.78 476.62 105.19 94.127 3.606 1
136.62 575.37 478.99 478.98 1.2622 1
475.64 468.18 131.67 176.47 4.523 1
638.99 638.98 412.88 149.13 1.2627 1
476.14 483.68 89.452 100.67 4.4889 1
473.06 478.16 93.925 130.51 4.2318 1
468.61 472.52 56.687 89.017 4.3234 1
461.4 445.83 215.1 300 4.8748 1
144 472.87 103.84 122.88 6.4438 1
215.34 467.81 46.223 55.939 5.9604 1
457.8 430.08 303.85 301.66 8.4277 1
430.61 193 303.09 279.15 8.8164 1
499.17 555.41 2.3614 7.4377 3.6046 1
601.64 509 12.527 7.8097 4.78 1
639.2 601.54 14.133 11.878 3.7652 1
556.57 639.19 6.6957 10.152 3.5327 1
508.09 463.02 6.2006 0.4656 3.833 1
155.09 182.15 140.44 254 2.0852 1
182.75 185.81 256.65 270.28 1.891 1
187.72 188.14 290.37 281.64 2.7961 1
147.78 154.36 110.4 137.82 1.7983 1
452.47 464.05 211.56 139.11 2.3707 1
464.94 461.08 151.55 174.03 1.8661 1
166.6 149.11 109.4 108.06 2.0134 1
197.88 176.63 110.38 110.38 1.25 1
