136.62 574.12 478.99 478.98 1.2611 1
638.99 638.99 412.88 147.88 1.2503 1
151.25 444.04 95.974 131.1 5.5108 1
463.18 470.24 122.69 134.21 4.2632 1
466.05 474.3 95.732 109.02 4.6494 1
187.72 150.4 258.58 97.292 7.2779 1
301.6 472.72 53.212 67.232 4.5987 1
456.53 462.91 167.91 185.36 4.6964 1
452.54 454.49 205.41 225.34 5.8274 1
457.55 450.22 223.97 239.72 4.0455 1
462.96 419.18 4.2953 0.94776 2.8664 1
463.35 451.44 184.82 201.49 4.9397 1
469.74 460.16 133.14 152.8 7.78 1
445.04 454.6 174.66 170.14 2.2921 1
240.42 194.14 273.94 263.5 11.13 1
639 464.08 28.748 4.4286 4.5086 1
442.43 429.5 158.93 272.78 5.7593 1
445.29 442.94 131.51 157.99 5.1215 1
471.54 591.84 2.2681 18.816 3.8665 1
441.72 406.22 314.74 309.24 8.6466 1
406.06 240.66 309.71 274.05 8.0202 1
428.42 425.95 288.71 307.95 7.2799 1
450.39 470.4 1.3047 2.3415 1.5717 1
473 469.35 68.604 85.27 9.768 1
452.25 450.05 229.26 219.2 2.9773 1
591.45 639.13 19.832 24.068 3.6811 1
456.07 464.68 146.09 137.2 2.6657 1
471.04 470.12 85.42 99.024 6.1516 1
450.48 457.63 195.46 186.43 2.5745 1
429.42 427.79 272.91 288 5.0727 1
456.26 454.35 197.47 205.12 4.2441 1
417.88 396.63 1.625 1.625 1.25 1
458.54 450.75 148.87 154.05 3.81 1
461.05 459.56 153.03 171.56 5.9301 1
539.06 501.66 1.9488 4.5679 4.0028 1
501.53 487.88 3.5284 1.6117 2.1283 1
449.46 442.06 239.45 247.08 4.5449 1
335.43 155.32 121.18 100.84 3.2648 1
153.22 217.48 93.425 53.494 3.154 1
456.26 450.89 105.8 116.87 3.9539 1
457.79 450.79 129.57 141.12 2.7744 1
464.74 460.59 85.131 95.937 4.6675 1
230.42 281.66 47.323 51.081 2.4351 1
445.36 431.97 246.62 288.84 3.8371 1
166.61 177.89 105.63 106.37 1.7393 1
451.42 440.54 310.1 311.57 6.3613 1
