638.97 639 411.62 149.12 1.2772 1
137.87 572.87 479.01 478.98 1.2767 1
334.67 449.93 19.726 154.51 4.9417 1
448.68 425.54 154.44 306.27 5.5903 1
53.699 51.613 12.723 1.3971 4.1408 1
202.62 235.69 42.479 125.25 3.9585 1
426.44 288.65 306.01 347.54 9.4483 1
67.882 62.482 14.122 0.3124 7.4403 1
56.204 65.276 1.2062 19.175 2.8494 1
281.23 265.04 309.37 198.99 4.223 1
285.74 278.97 344.33 314.44 9.4762 1
62.735 63.479 37.884 49.168 2.4122 1
89.059 91.068 1.2478 14.211 5.1324 1
233.33 212.31 195.79 92.736 4.3501 1
212.34 203.53 91.735 48.736 3.5835 1
23.12 22.335 60.444 49.076 2.1274 1
263.66 356.35 197.61 176.66 6.839 1
58.704 51.653 41.161 28.559 3.2726 1
50.95 56.432 27.556 15.944 5.715 1
275.27 233.66 315.41 194.67 3.9262 1
49.963 21.585 64.87 70.159 8.1439 1
90.499 70.165 16.08 14.68 11.738 1
21.488 1.3227 70.424 72.725 5.7846 1
31.55 43.088 61.249 58.94 5.1481 1
61.636 53.039 51.587 60.532 3.4997 1
41.706 58.72 59.993 47.804 6.112 1
1.4236 26.399 66.027 63.305 5.2654 1
257.88 204.44 32.922 42.203 7.5 1
285.51 272.35 24.009 8.3127 3.0575 1
275.42 288.78 5.3323 20.673 1.8854 1
