638.98 638.99 411.62 149.12 1.2559 1
139.12 574.12 479.02 478.97 1.2971 1
395.84 377.76 164.03 321.76 5.3193 1
376.68 227.8 324.5 346.09 8.4394 1
227.94 198.47 342.86 192.51 5.77 1
86.665 101.67 43.347 32.108 5.2451 1
95.571 105.76 16.805 5.7282 2.3563 1
198.04 196.84 192.91 100.37 4.9996 1
103.73 97.511 32.593 41.367 3.0596 1
358.19 395.25 87.733 170.56 6.7857 1
109.23 98.014 7.9788 19.271 2.6847 1
196.9 197.76 41.595 85.377 4.2651 1
97.01 82.81 40.962 50.275 3.2035 1
200.39 391.75 190.55 170.35 5.8836 1
336.53 319.94 1.1595 4.4612 5.8857 1
62.347 86.35 36.922 23.629 4.4746 1
80.173 64.474 31.263 40.009 4.2432 1
65.444 1.5766 53.099 54.728 5.993 1
64.313 86.579 46.773 43.782 5.1959 1
86.598 66.551 51.721 52.183 7.2964 1
299.25 200.12 30.749 38.366 7.8597 1
1.5551 62.817 49.646 47.483 5.5262 1
303.1 340.21 12.989 6.8751 3.9176 1
134.24 117.97 7.6132 6.9225 10.468 1
110.36 87.852 52.633 53.598 1.5697 1
173.09 150.42 44.129 48.107 2.5492 1
