135.37 574.12 478.99 478.97 1.2692 1
549.69 503.4 87.355 259.85 5.8652 1
639 638.97 412.88 146.63 1.2752 1
480.24 515.77 16.943 32.349 4.3545 1
529.31 483.55 39.879 23.189 4.2689 1
444.65 550.96 30.502 86.634 4.8021 1
230.39 548.1 164.21 86.29 5.7262 1
179.69 175.12 90.866 79.957 6.7306 1
181.53 179.24 108.17 97.58 3.4001 1
516.76 557.83 31.328 50.474 4.0107 1
256.81 252.43 352.83 334.53 7.3458 1
440.48 480.49 1.3257 15.051 3.5126 1
205.69 181.59 228.06 108.88 4.102 1
570.4 616.65 56.481 55.34 4.7827 1
175.86 444.39 80.5 30.566 5.5553 1
479.25 443.27 18.786 5.5601 5.0737 1
254.19 227.73 333.92 161.84 4.1822 1
562.19 529.83 60.228 40.001 3.3129 1
506.67 254.92 261.76 354.14 9.6247 1
442.82 435.56 5.4738 1.3038 3.4131 1
617.67 591.39 57.582 61.074 4.3758 1
590.44 575.38 60.664 60.233 3.9987 1
210.8 205.68 252.79 228.34 4.2409 1
617.18 639.76 50.593 42.052 4.2343 1
575.79 564.03 67.266 59.272 3.4729 1
639.48 629.17 46.815 49.327 3.9394 1
577.87 604.17 44.226 45.018 3.4475 1
227.08 182.07 162.12 90.099 4.2402 1
249.63 210.89 335.81 251.97 4.813 1
639.6 576.31 91.646 67.442 3.842 1
574.17 639.13 62.763 87.854 3.3935 1
627.59 615.92 52.148 56.755 4.8951 1
614.18 579.13 49.828 46.608 3.5187 1
605.15 620.33 45.401 48.132 3.027 1
639.27 627.88 57.349 54.104 3.949 1
630.42 639.22 51.459 53.778 2.736 1
566.43 580.16 48.444 44.594 3.1257 1
583.88 567.9 47.721 50.532 2.8269 1
180.82 185.6 91.519 111.57 1.8639 1
39.126 1.6155 1.6774 2.2285 1.5621 1
513.83 520.7 207.79 182.96 1.5381 1
635.32 639.4 83.837 65.435 6.1023 1
