638.98 638.98 412.88 147.88 1.2545 1
136.62 575.37 478.99 478.98 1.2608 1
278.17 540.98 193.49 66.624 5.3228 1
540.39 531.84 67.112 94.959 6.5201 1
529.73 505.75 24.407 33.834 5.1899 1
510.47 529.22 29.299 19.295 4.8556 1
532.96 496.92 93.527 238.89 6.1087 1
546.67 529.1 12.966 21.569 4.5373 1
528.1 552.32 17.202 7.7013 4.7718 1
497.99 304.87 240.53 374.65 7.9881 1
170.86 405.03 106.77 24.404 6.1319 1
482.87 509.13 28.629 28.864 3.9509 1
209.6 170.01 280.94 109.21 7.146 1
477.23 486.32 24.992 18.687 3.5604 1
505.28 495.34 32.899 33.678 3.8362 1
510.29 480.15 19.718 23.694 4.2344 1
486.62 526.62 17.501 16.51 3.656 1
298.02 209.24 376.7 280.07 9.7584 1
441.69 476.14 15.183 26.805 5.5368 1
436.75 393.95 17.388 6.0489 2.9128 1
491.86 466.21 39.82 28.838 7.8786 1
466.2 437.71 29.778 16.999 5.1913 1
393.39 379.42 4.9259 0.65605 3.3205 1
542.82 530.32 26.893 24.402 3.4335 1
296.3 279.11 367.91 194 4.9699 1
392.75 441.98 2.0932 15.285 3.4489 1
591.43 577.65 18.761 26.216 3.298 1
520.37 511.58 21.771 21.294 2.9029 1
536.62 491.74 54.143 41.224 3.6037 1
495.63 539.16 36.94 48.99 3.4847 1
542.47 547.73 48.511 23.567 9.0776 1
639.22 621.73 25.573 34.334 2.802 1
17.891 1.5662 2.0185 2.6851 2.6509 1
433.09 525.22 29.735 60.829 6.5881 1
558.93 537.48 59.888 54.444 2.3848 1
634.24 614.26 22.215 26.057 2.219 1
609.36 632.87 32.547 26.599 2.9932 1
602.81 639.18 99.346 110.19 2.5439 1
638.97 598.19 115.87 103.1 2.6868 1
639.13 617.89 79.097 74.071 2.6554 1
