638.98 638.98 412.88 147.88 1.2536 1
467.24 463.01 1.5867 71.558 3.709 1
334.12 304.11 30.573 29.846 3.6884 1
337.43 335.84 1.506 24.158 4.7257 1
139.12 574.12 479.01 478.99 1.2652 1
508.27 474.24 206.29 421.44 5.9221 1
291.81 289.21 442.86 417.61 5.3574 1
325.37 333.59 10.53 1.1533 10.35 1
333.96 334.65 64.179 50.339 2.3124 1
168.13 165.6 68.059 54.315 3.1378 1
208.88 208.37 61.633 45.398 3.436 1
203.76 200.17 61.726 48.835 2.7439 1
349.71 348.13 1.4393 17.778 3.974 1
154.15 134.17 13.136 14.672 2.5885 1
291.73 292.42 1.4227 10.313 3.1137 1
255.24 254.72 55.381 42.903 2.7622 1
284.83 279.58 282.91 200.27 5.0889 1
194.87 192.44 46.729 64.238 4.0923 1
138.57 141.49 57.712 70.113 3.7208 1
288.45 284.6 381.65 291.6 4.3015 1
327.86 327.83 64.125 51.622 2.532 1
211.35 212.98 45.278 61.615 2.9815 1
294.57 295.01 65.356 46.616 2.5287 1
251.38 252.97 42.777 59.115 2.7611 1
292.3 291.25 54.072 65.455 2.8343 1
238.08 236.87 61.6 51.446 2.3018 1
323.78 324.71 52.808 65.424 4.108 1
204.3 206.22 45.354 61.673 3.0654 1
284.45 284.37 291.61 284.11 3.776 1
344.35 343.54 20.365 1.542 4.9953 1
277.31 276.49 61.71 44.189 3.2229 1
169.48 171.1 56.574 67.771 2.832 1
298.32 299.03 11.569 1.4431 4.9877 1
303.94 313.24 0.70785 11.48 6.665 1
181.77 169.28 52.994 54.348 3.9975 1
330.99 331.09 50.371 64.129 1.3374 1
140.32 154.42 11.086 9.7421 4.7402 1
400.68 509.55 111.46 206.33 4.1612 1
186.84 184.41 65.599 54.334 4.1928 1
504.67 466.95 1.2127 65.348 4.3081 1
170.52 184.17 2.5635 9.0353 4.1871 1
275.45 260.35 10.472 9.5131 2.8912 1
289.74 286.83 416.77 377.58 7.2938 1
386.63 367.83 7.9247 10.004 2.3474 1
321.43 322.65 37.891 52.792 4.8817 1
288.41 289.17 64.071 54.034 2.3033 1
288.16 287.19 17.783 1.5913 3.1679 1
136.61 160.48 17.732 15.086 3.5894 1
471.22 509.01 64.624 0.81426 3.6118 1
466.89 470.9 64.222 1.5786 3.2944 1
121.55 119.39 64.378 53.064 4.4402 1
367.76 385.34 12.903 11.216 3.2552 1
570.06 594.47 1.2521 62.736 3.6726 1
247.87 275.41 11.665 13.704 2.9549 1
323.92 335.31 34.91 33.566 3.8707 1
453.59 453.66 67.88 57.881 2.5366 1
282.9 505.47 219.47 205.7 4.8231 1
296 291.59 450.64 440.39 9.0266 1
262.85 275.47 6.5008 6.237 6.4836 1
597.41 574.02 60.062 1.1713 3.8036 1
303.99 322.93 32.926 34.866 3.8579 1
144.67 147.08 60.244 70.267 2.1866 1
1.5795 94.09 72.068 70.022 4.5627 1
287.25 303.76 23.043 32.596 4.7231 1
607.2 597.68 1.3383 65.346 4.0071 1
105.58 107.9 47.637 61.825 3.095 1
473.92 338.22 421.25 438.18 7.6093 1
371.47 385.46 6.4581 4.9466 4.0313 1
172.65 184.16 10.98 15.292 3.3635 1
335.42 349.68 32.946 23.115 4.4352 1
234.21 236.25 10.394 1.2625 3.3867 1
194.34 202.82 13.036 1.5862 3.9803 1
160.37 164.26 12.875 1.67 3.497 1
284.34 284.75 1.6191 16.642 2.7734 1
127.64 136.08 6.2396 20.695 3.3297 1
101.29 105.98 11.743 25.162 3.5982 1
592.88 472.87 64.212 66.251 3.3672 1
109.71 119.17 1.026 10.334 4.4394 1
265.42 400.42 116.6 111.57 3.8405 1
92.649 82.093 58.937 1.3102 6.2877 1
465.37 599.14 70.034 67.193 4.1717 1
359.5 360.65 9.3614 1.4824 3.5308 1
96.396 95.058 56.659 47.735 2.6577 1
185.33 194.72 15.224 12.301 4.0317 1
216.49 220.81 1.1574 11.444 2.7889 1
350.62 352.37 22.919 13.006 3.4759 1
247.89 246.56 69.244 55.382 4.26 1
605.77 606.44 64.151 54.113 2.6605 1
337.97 294.08 437.99 440.98 5.8952 1
390.91 394.95 55.529 41.502 5.3329 1
277.03 275.78 197.83 185.46 2.978 1
457.44 461.13 58.091 1.43 9.381 1
606.67 639.22 52.574 51.019 5.1136 1
185.52 149.1 97.644 102.72 4.405 1
114.45 110.54 23.156 10.325 3.0193 1
409.15 389.13 237.42 238.14 2.4093 1
247.01 243.55 41.699 1.5665 2.9203 1
461.74 454.32 70.652 70.269 7.6191 1
274.95 273.58 181.7 174 2.4612 1
390.16 354.92 83.134 90.756 5.2827 1
387.9 356.69 237.72 233.65 2.587 1
608.65 605.15 26.56 51.767 3.8237 1
273.01 272.3 270.37 251.6 2.976 1
120.88 127.21 19.562 33.186 3.481 1
267.92 264.12 149.42 117.88 5.4583 1
306.44 261.57 96.385 88.176 3.4638 1
272.14 267.87 249.17 175.3 3.5269 1
410.38 390.39 271.99 272.32 1.5389 1
194.2 215.33 92.282 89.976 1.943 1
436.71 410.27 230.72 237.47 2.7572 1
467.97 472.74 423.56 445.4 8.5059 1
357.85 390.28 236.83 241.09 2.3158 1
270.68 267.83 173.94 150.08 8.0946 1
391.45 412.86 242.58 240.21 3.5894 1
432.84 287.89 243.66 253.15 2.7181 1
393.28 392.44 57.828 72.921 3.1249 1
129.37 139.54 20.947 38.891 2.8257 1
431.8 411.52 264.66 271.31 3.2157 1
134.67 126.86 41.38 24.02 4.0469 1
613.24 609.04 1.471 25.578 3.48 1
601.25 605.13 60.32 34.089 1.6026 1
427.88 405.65 327.89 336.11 3.1369 1
126.39 134.08 33.156 51.109 4.76 1
394.12 410.38 73.789 73.599 1.4247 1
283.3 273.2 376.71 281.59 3.6332 1
501.62 336.66 215.34 224.72 2.6665 1
336.62 306.61 97.886 97.504 6.2495 1
411.6 444.15 73.629 72.057 2.256 1
629.64 639.51 48.01 10.476 2.5469 1
639.68 632.61 20.518 48.126 2.4522 1
322.38 322.36 69.125 95.375 2.5111 1
423.12 401.85 383.49 392.17 3.2126 1
286.62 390.34 250.24 243.63 2.6847 1
210.4 186.44 93.071 96.582 2.5051 1
395.2 393.98 17.864 37.866 4.0464 1
606.49 610.41 25.353 1.6302 1.4491 1
107.35 108.63 35.462 43.165 3.4943 1
145.71 135.87 83.966 63.232 2.4319 1
469.11 435.32 241.36 243.12 2.04 1
354.18 337.69 91.866 95.851 3.6452 1
432.87 394.13 76.172 76.696 2.297 1
370.37 431.6 225.35 222.41 2.3773 1
404.19 389.12 335.86 337.84 2.4786 1
470.95 495.91 52.469 10.693 1.9103 1
326.01 325.79 89.133 71.62 1.4552 1
589.13 566.59 57.874 1.639 1.6621 1
467.89 499.08 238.19 236.84 1.8441 1
286.63 286.63 255.38 282.88 1.25 1
292.88 292.88 404.13 430.38 1.25 1
404.13 425.4 218.08 217.43 1.2874 1
421.64 435.28 259.04 261.04 3.1673 1
141.52 155.52 5.9078 3.9226 3.5282 1
497.84 472.85 239.77 241.13 1.8844 1
289.12 289.12 321.63 339.13 1.25 1
337.88 365.38 226.62 226.62 1.25 1
441.63 460.3 240.44 238.46 1.9584 1
308.46 299.52 462.39 454.71 5.4216 1
399.1 387.87 392.67 394.06 1.7001 1
