262.63 272.17 284.18 122.91 4.6552 1
272.32 273.79 117.91 89.236 4.4483 1
638.99 638.98 412.88 149.13 1.2621 1
137.87 575.37 479 478.98 1.2683 1
407.84 263.41 361.69 285.47 5.3119 1
273.32 423.37 89.953 10.046 4.6093 1
276.08 477 90.539 167.65 4.6877 1
418.6 409.93 342.44 363.42 8.3637 1
468.58 462.71 195.66 210.31 4.4105 1
474.27 468.11 177.09 195.45 5.9326 1
462.88 416.96 210.82 341.3 4.4843 1
353.18 375.45 185.64 192.62 2.5277 1
360.47 381.69 153.82 160.15 4.6885 1
423.79 565.1 10.267 51.32 3.8175 1
390.04 356.3 157.92 149.1 3.2009 1
565.72 498.55 52.503 216.17 4.7728 1
376.76 342.55 189.96 178.87 3.1819 1
260.11 264.77 314.08 287.99 11.822 1
365.07 341.54 248.76 240.61 2.8193 1
408.95 394.04 162.5 159.57 2.7158 1
274.9 271.98 124.1 179.14 2.1655 1
289.05 359.89 125.57 154.09 2.786 1
472.7 322.91 175.82 117.78 2.5046 1
342.94 361.61 243.94 250.43 2.3108 1
268.09 265.88 236.64 282.9 2.3226 1
329.03 349.26 290.62 298.8 2.3697 1
358.85 329.05 298.65 288.08 2.8487 1
271.35 268.87 182.86 231.61 2.3275 1
276.98 275.02 95.407 116.59 2.1445 1
496.81 421.85 219.24 343.76 5.8104 1
400.16 384.34 193.9 190.61 2.9566 1
464.18 276.68 198.98 123.98 2.7853 1
386.52 370.4 251.13 248.97 2.478 1
316.9 307.83 277.61 267.92 1.9417 1
342.21 325.53 142.13 128.93 3.5118 1
499.47 506.39 217.45 223.16 2.2627 1
339.93 321.99 177.13 161.21 3.2269 1
634.57 588.08 27.071 1.2577 3.7647 1
333.88 314.32 238.13 218.93 2.7885 1
380.28 404.04 163.13 171.86 2.1556 1
356.41 410.18 133.41 154.62 2.4754 1
531.43 479.76 97.727 166.16 2.2202 1
439.06 467.86 165.55 176.65 1.348 1
371.77 383.51 238.95 248.62 2.4449 1
420.32 436.88 158.01 164.76 1.6729 1
440.19 394.14 258.3 237.84 1.7772 1
426.68 445.58 155.22 162.33 1.7608 1
312.86 292.91 107.9 100.29 1.5044 1
407.07 402.55 363.04 375.26 7.9016 1
261.36 260.33 325.29 313.79 11.651 1
332.83 315.42 115.5 109.01 1.25 1
316.58 330.4 218.2 220.17 3.0048 1
334.18 349.27 128.63 130.3 4.2803 1
