638.98 638.98 412.87 147.87 1.2536 1
504.81 494.14 245 296.37 4.9877 1
518.15 504.63 181.16 245.74 5.0925 1
382.55 380.93 1.5816 60.322 4.3107 1
493.77 481.28 296.55 357.55 4.9493 1
522.02 518.58 160.45 179.25 4.7999 1
136.62 574.12 479 478.98 1.2641 1
481.52 319.41 358.62 394.19 7.251 1
251.91 251.62 42.859 60.396 4.3953 1
221.33 211.04 9.2052 0.80592 4.1306 1
261.69 230.28 15.064 13.66 5.7972 1
478.12 498.48 1.5253 51.377 3.1952 1
255.21 254.85 49.129 32.887 2.7219 1
509.09 522.89 146.76 146.61 11.304 1
599.46 612.77 43.379 1.5915 5.1964 1
247.49 251.4 22.954 41.929 5.4011 1
122.5 116.3 46.75 27.982 3.5494 1
220.37 219.69 50.375 40.337 1.9536 1
257.8 259.05 32.792 50.381 2.405 1
201.76 199.13 49.271 29.125 3.2875 1
202.49 205.25 37.974 48.838 2.4446 1
171.22 173.84 26.49 42.92 3.1124 1
48.115 55.474 37.268 55.335 5.1021 1
177.14 175.38 42.823 25.375 3.9826 1
502.03 481.59 51.459 1.1321 3.2209 1
251.65 248.83 248.07 195.39 6.2176 1
84.619 80 53.073 35.473 3.1128 1
322.89 508.06 164.36 148.86 5.1066 1
105.04 100.96 51.714 36.469 5.2405 1
278.83 272.77 43.726 29.171 3.4613 1
121.65 124.88 27.657 46.496 3.6961 1
84.591 86.98 37.778 49.31 2.9988 1
249.09 244.63 195.33 84.105 4.2972 1
261.12 260.98 49.129 32.88 1.3856 1
179.51 182.78 30.285 44.147 3.3622 1
625.79 627.27 72.004 65.521 4.598 1
128.9 125.89 49.346 29.236 3.6496 1
502.8 503.49 40.295 50.418 2.834 1
507.82 504.5 1.2074 41.347 9.1436 1
612.86 639.17 5.7437 6.5659 4.5293 1
627.62 639.4 64.174 66.477 4.6672 1
129.37 131.74 27.674 45.359 3.1268 1
640.37 626.56 79.249 75.72 9.151 1
412.98 390.13 0.99641 42.739 3.7857 1
111.62 109.89 27.982 47.941 5.1522 1
384.78 386.53 52.897 1.579 3.3212 1
373.07 377 60.471 1.4836 8.2296 1
140.71 131.09 37.566 27.007 5.4606 1
507.89 590.35 44.672 42.163 5.041 1
389.82 417.8 52.006 0.89836 4.1445 1
15.192 22.511 30.468 44.941 5.0515 1
324.31 324.02 194.14 165.35 3.7246 1
301.53 253.42 362.92 252.64 5.0827 1
211.78 239.25 8.7859 21.349 5.6214 1
207.55 211.71 1.1749 9.7265 3.9191 1
384.1 494.13 58.913 57.267 4.1609 1
29.383 24.355 49.405 31.56 4.6265 1
97.807 85.346 35.408 36.108 6.4506 1
323.63 309.27 403.97 381.07 8.3465 1
318.1 324.03 389.17 200.37 3.2718 1
313.69 319.46 382.86 187.88 2.5658 1
497.87 391.62 53.719 54.565 3.3354 1
251.54 264.07 20.478 19.559 3.0424 1
276.05 277.42 10.284 1.5531 3.2734 1
309.43 301.93 380.97 363.28 5.0913 1
240.31 250.42 19.814 20.127 3.7482 1
589.35 599.94 41.685 1.1836 5.9926 1
607.61 594.35 1.0929 38.763 5.6799 1
639.94 630.1 28.113 61.91 3.7526 1
639.12 593.83 97.893 83.838 4.0764 1
60.294 68.227 55.78 57.367 5.3933 1
77.039 80.111 40.25 50.455 2.638 1
591.92 570.3 76.445 71.992 2.9897 1
375.14 510.3 78.394 140.53 3.8266 1
5.7828 10.67 26.503 42.786 3.8318 1
598.86 638.97 82.508 94.624 3.1403 1
269.13 274.73 15.389 9.7271 4.4323 1
431.85 413.14 331.21 336.34 2.1967 1
57.219 53.992 51.793 39.159 2.4485 1
456.57 436.99 173.91 179.23 3.1847 1
36.338 45.446 45.228 47.601 4.2591 1
320.46 320.33 206.63 261.62 1.2656 1
629.1 602.85 49.813 49.431 4.0043 1
28.045 47.199 0.88462 37.629 5.5422 1
445.32 427.99 211.33 214.71 2.2149 1
5.3795 17.99 1.6155 7.6339 3.9227 1
43.851 32.665 40.953 39.275 3.7708 1
48.381 33.401 29.521 1.3451 4.2473 1
38.55 50.474 1.1747 19.059 3.1207 1
267.61 323.14 106.89 162.61 2.7638 1
469.89 480.04 361.99 370.76 8.2534 1
515.43 424.19 157.3 164.9 2.7002 1
579.24 594.41 71.032 73.85 2.7741 1
424.12 396.61 214.31 213.7 1.4144 1
570.36 610.38 67.72 64.179 2.777 1
399.13 416.63 216.63 216.63 1.25 1
624.14 577.91 66.877 69.711 3.1311 1
54.89 42.803 18.229 1.6775 2.8688 1
61.738 47.112 72.812 46.356 2.5614 1
511.66 326.64 180.73 199.23 2.9857 1
166.52 163.52 21.641 1.5289 3.0262 1
168.77 168.28 66.638 52.86 1.6544 1
319.3 317.7 270.38 320.37 1.8484 1
411.61 389.12 337.41 337.01 1.5592 1
445.39 460.4 184.28 183.27 1.7521 1
317.36 315.75 11.564 25.123 5.5545 1
317.09 314.68 46.536 67.938 4.8293 1
401.58 426.63 181.01 182.78 2.3058 1
503.41 506.77 233.97 217.91 1.0535 1
344.11 432.92 194.01 185.82 2.6217 1
316.63 316.63 344.13 377.88 1.25 1
466.67 511.67 158.41 154.64 2.0729 1
420.31 384.1 280.32 278.29 2.5096 1
460.25 511.61 182.89 177.76 2.4901 1
336.94 324.33 409.7 403.7 6.7725 1
429.11 397.89 180.57 177.66 2.6332 1
436.63 460.37 201.54 202.96 3.0725 1
495.27 474.75 51.668 1.3689 2.2691 1
395.37 414.14 281.85 282.29 1.5967 1
315.1 277.7 70.112 76.914 6.5957 1
326.62 342.88 195.27 194.18 1.9141 1
479.14 474.45 371.11 382.29 9.8174 1
389.12 407.89 339.3 339.96 1.6894 1
426.61 441.63 320.59 321.51 2.7239 1
429.1 452.83 264.52 266.04 2.8941 1
525.07 532.12 41.571 1.4915 2.6646 1
436.56 464.09 167.15 170.68 3.7196 1
228.09 197.79 81.192 77.308 4.7689 1
596.76 575.35 49.287 48.462 6.1973 1
272.86 374.16 82.542 78.928 4.015 1
246.25 228.18 83.582 81.49 6.6397 1
535.49 528.22 1.4196 41.687 2.6997 1
254.28 254.22 75.374 57.875 1.8875 1
452.36 443.39 267.09 273.01 3.818 1
497.83 475.42 243.82 246.96 1.9326 1
445.4 462.84 160.64 158.83 1.3728 1
46.737 56.463 54.053 69.229 1.7269 1
324.2 342.89 325.86 322.96 1.6194 1
71.765 57.903 87.68 86.34 4.0934 1
319.11 360.37 60.81 60.239 1.44 1
416.65 435.42 309.34 307.01 1.3943 1
90.458 71.693 86.986 87.951 4.2585 1
196.78 180.46 76.571 74.661 3.8699 1
