638.98 638.99 411.62 149.12 1.2606 1
140.37 572.87 479.01 478.98 1.277 1
447.38 430.48 18.786 168.17 7.9877 1
212.1 441.1 159.8 -0.90872 6.894 1
449.27 447.62 1.2267 16.182 7.4547 1
432.93 266.66 169.18 334.18 7.7706 1
270.07 259.49 333.86 336 7.5988 1
261.12 197.37 336.31 291.08 8.1825 1
72.89 239.33 85.331 -0.40913 6.8694 1
197.07 147.97 291.01 255.24 5.8892 1
150.67 74.532 256.35 84.09 7.2576 1
508.01 554.07 15.988 25.624 3.0151 1
554.04 504.22 29.505 18.69 2.86 1
188.95 212.29 145.72 157.75 2.896 1
259.55 253.56 331.91 314.32 3.6 1
625.4 604.09 43.951 40.621 2.5857 1
238.24 219.74 252.45 181.79 3.5467 1
252.05 244.23 306.83 275.66 2.738 1
217.63 215.76 176.67 166.55 1.6843 1
