638.98 638.99 411.62 147.87 1.2634 1
137.87 574.12 479.01 478.98 1.2792 1
385.46 236.57 328.71 343.56 8.3619 1
96.799 123.33 43.465 35.656 4.0231 1
351.75 336.54 9.9461 12.331 3.4378 1
368.95 352.36 4.4978 7.7508 8.346 1
409 386.2 172.67 326.75 6.0441 1
326.65 214.17 34.887 39.106 4.5438 1
129.03 109.66 35.186 45.162 4.0066 1
235.63 211.68 340.53 190.17 5.9528 1
1.5608 95.415 46.024 42.767 5.0916 1
121.54 132.91 14.009 5.4195 2.8767 1
144.17 161.56 15.64 12.514 2.115 1
86.647 1.5375 47.391 49.866 5.4477 1
214.1 405.43 187.51 175.02 4.6898 1
211.08 215.35 190.47 100.37 5.2378 1
376.77 408.68 92.819 174.57 5.9096 1
335.55 322.78 11.924 9.6331 2.6815 1
336.76 369.08 15.236 11.269 3.9188 1
111.73 95.433 26.918 33.029 2.7797 1
91.378 121.06 30.869 21.16 3.4968 1
162.74 154.15 8.5255 10.466 3.0023 1
137.48 126.73 7.3554 15.514 2.2174 1
290.38 259.13 1.7757 1.9658 1.4249 1
324.07 336.68 13.33 14.899 2.1724 1
129.11 110.11 24.073 27.784 2.9906 1
115.4 87.844 48.497 47.376 6.8041 1
219.02 217.6 41.535 82.866 5.3838 1
157.9 143.91 4.365 6.0895 6.8324 1
151.62 115.33 47.843 49.327 2.9573 1
210.59 168.08 40.612 46.775 3.5136 1
170.49 204.23 43.626 38.611 2.4728 1
202.95 176.99 11.865 20.243 2.6486 1
112.86 132.88 46.346 45.485 1.7862 1
419.13 439.13 15.375 15.375 1.25 1
445.37 390.39 18.199 17.081 1.9913 1
504.14 484.21 12.959 15.941 1.7325 1
520.34 506.74 8.9783 12.115 1.5935 1
