182.4 141.72 276.44 105.06 5.5037 1
463.68 458.73 186.76 215.52 4.3316 1
471.95 465.93 136.68 173.17 4.3356 1
136.62 575.37 478.99 478.98 1.264 1
638.98 638.99 411.62 147.87 1.2587 1
458.85 460.6 215.69 224.33 3.9238 1
470.45 475.42 96.426 129.49 5.4369 1
468.13 463.42 177.5 190.11 4.9802 1
458.38 444.09 222.52 302.65 5.2373 1
475.73 471.78 129.65 141.25 5.8904 1
466.29 467.13 172.72 177.79 4.1063 1
481.19 480.49 100.24 109.04 4.0329 1
470.98 481.85 88.553 100.09 6.472 1
479.71 474.15 106.99 115.86 4.2357 1
467.83 470.43 56.73 89.02 5.0843 1
143.96 469.18 104.18 124.58 6.8501 1
222.83 467.8 46.52 57.07 5.7903 1
461.36 191.76 309.17 281.52 9.0215 1
520.29 639.14 6.1311 11.304 4.2875 1
596.67 524.15 13.065 9.8216 4.1772 1
639.22 597.82 15.036 12.651 3.2406 1
524.17 463.06 8.8098 0.27051 3.5948 1
491.72 519.25 0.90126 4.3791 3.4072 1
171.09 184.96 214.25 272.97 1.8765 1
187.44 187.01 295.44 284.11 3.9874 1
164.93 170.39 187.98 211.62 1.5928 1
458.16 460.46 202.92 186.64 1.25 1
446.24 449.57 237.82 212.93 1.9024 1
454.98 461.77 180.31 135.4 1.9838 1
162.29 179.77 83.593 67.315 2.4936 1
452.93 454 194.13 182.86 1.8349 1
187.87 161.6 110.6 109.83 1.25 1
