146.92 366.73 70.809 142.55 5.3477 1
136.62 572.87 479 478.98 1.2657 1
458.89 436.58 85.171 247.7 4.3225 1
179.93 146.14 224.93 70.209 4.6063 1
638.98 638.99 412.87 146.62 1.2659 1
621.37 620.21 1.472 12.858 5.1007 1
366.71 457.08 141.75 84.843 6.3829 1
436.28 361.74 247.52 320.51 4.2606 1
147.64 251.61 69.671 35.34 3.7062 1
251.34 457.92 35.346 83.951 3.5802 1
376.37 186.1 333.19 231.52 8.5498 1
521.62 539.14 1.7552 2.461 1.7521 1
426.58 423.7 189.11 201.53 3.0892 1
544.06 610.51 2.7122 6.9843 8.1261 1
595.51 500.4 11.629 1.4246 3.5953 1
580.53 505.21 16.746 6.6044 3.6921 1
504.44 475.49 6.1282 0.95422 3.5609 1
617.93 596.53 13.27 11.877 4.1773 1
435.08 429.62 115.24 127.41 3.4215 1
421.31 433.36 116.82 113.27 3.244 1
410.42 429.52 144.32 139.4 3.6682 1
411.58 425.7 191.42 187.95 3.6228 1
639.4 580.7 28.994 17.48 3.4864 1
405.16 419.37 235.99 231.1 2.8097 1
424.31 399.11 129.7 137.83 2.5291 1
626.63 639.14 22.856 25.32 2.9543 1
417.67 400.53 246.33 258.1 2.5816 1
541.64 614.41 7.8082 19.915 3.2979 1
401.74 365.53 146.79 170.61 2.7483 1
426.51 409.06 143.81 150.2 2.8916 1
639.24 624.05 16.534 15.839 8.9692 1
507.84 540.46 4.4406 8.413 1.8773 1
623.83 631.75 4.3727 2.0342 4.6587 1
421.54 410.16 192.68 197.36 2.4314 1
362.76 306.53 144.49 126.94 2.6827 1
366.63 365.83 149.13 165.4 2.8016 1
162.86 170.34 131.63 166.63 1.7563 1
305.74 184.24 126.77 86.274 2.7724 1
356.77 357.83 192.88 149.12 2.5906 1
444.02 451.72 172.86 116.64 1.9003 1
30.423 16.905 9.2422 14.806 3.6722 1
613.93 626.49 20.273 22.413 2.6745 1
367.48 405.04 166.03 141.12 2.1292 1
366.27 364.16 171.61 225.43 3.2321 1
360.49 360.33 147.88 164.12 1.262 1
355.57 355.98 266.63 230.38 1.5574 1
356.04 356.11 230.37 194.12 1.3224 1
439.48 443.59 204.18 175.48 1.9431 1
353.95 355.19 295.37 267.87 3.1246 1
359.18 358 194.13 260.38 2.1189 1
452.79 429.17 95.248 110.45 2.1757 1
448.06 436.22 115.66 123.51 2.0924 1
183.35 181.71 246.73 234.45 4.3792 1
364.11 363.39 225.33 246.64 2.5411 1
390.43 375.29 327.9 327.18 5.7017 1
436.33 451.9 119.93 109.54 1.3878 1
356.62 356.62 289.13 309.13 1.25 1
13.857 1.0957 16.215 24.566 3.8608 1
