136.62 574.12 478.99 478.98 1.2611 1
153.26 357.99 61.547 135.04 5.0382 1
638.98 638.99 412.87 147.87 1.2527 1
454.81 435.61 107.62 241.84 4.7739 1
458.42 454.88 81.351 106.56 5.8416 1
357.81 456.32 134 80.869 4.7885 1
182.98 151.71 212.85 60.102 5.2488 1
436.22 416.79 242.41 259.48 4.2387 1
258.86 457.7 28.893 79.817 3.9429 1
613.13 500.38 18.718 1.592 4.2551 1
639.19 526.61 13.524 1.7608 4.3051 1
564.06 606.7 2.6184 5.5559 6.4929 1
545.38 562.95 1.6092 2.3921 2.4975 1
639.39 614.08 23.893 19.366 3.3415 1
605.21 638.07 5.2356 7.5829 8.7278 1
582.85 639.28 10.514 20.76 3.1261 1
361.26 189.31 322.25 221.3 8.4432 1
520.24 584.2 2.6209 11.09 2.4951 1
416.44 351.6 259.95 315.34 5.8856 1
423.83 418.94 184.01 197.02 3.0708 1
428.67 423.56 136.43 148.17 2.7911 1
155.54 258.77 59.682 29.182 4.0863 1
401.08 411.86 132.74 128.47 1.9416 1
404.02 423.12 187.48 182.58 3.074 1
432.19 425.38 109.97 121.63 2.6126 1
409.97 355.71 132.17 163.46 2.5389 1
418.33 414.72 227.63 239.31 2.6723 1
402.73 416.86 229.77 226.36 3.0578 1
425.05 394.36 121.81 131.14 2.6026 1
411.56 426.95 137.53 134.56 3.4448 1
413.99 429.29 112.35 108.55 3.6318 1
414.24 400.45 151.95 156.84 2.206 1
413.87 400.62 240.02 249.47 1.8511 1
414.42 395.63 199.78 208.42 2.6347 1
346.59 348.64 291.62 170.37 2.7134 1
358.81 399.06 158.58 135.26 2.2732 1
350.72 350.31 185.37 261.62 1.49 1
353.98 272.69 137.03 108.39 2.9976 1
357.97 357.63 141.6 156.65 2.7486 1
271.63 196.61 107.85 80.426 2.1458 1
378.04 361.41 321.82 319.22 5.789 1
427.95 417.95 113.48 114.73 2.4768 1
348.67 349.16 169.14 141.63 2.6313 1
357.2 355.68 165.35 214.13 2.9678 1
346.03 346.44 306.64 292.87 1.6144 1
371.59 390.64 254.07 239.48 1.9847 1
451.87 427.73 90.832 103.86 1.9539 1
57.984 46.385 3.1046 8.6204 4.9418 1
351.93 351.5 162.85 181.62 1.2783 1
356.14 355.27 220.34 234.12 1.641 1
