638.98 638.98 412.88 147.88 1.2554 1
265.97 266.95 335.4 315.27 4.3869 1
137.87 574.12 479 478.97 1.2792 1
267 275.28 314.2 131.73 6.6335 1
501.07 436.19 169.35 368.58 8.0692 1
274.55 342.79 133.93 35.803 8.0451 1
483.51 501.51 57.971 173.09 6.4586 1
438.38 413 366.65 363.22 8.3367 1
277.81 497.52 134.54 171.26 7.6402 1
265.41 268.61 351.08 336.51 7.8618 1
453.32 400.46 24.294 2.6777 3.213 1
273.55 268.8 361.78 343.88 5.4735 1
360.46 376.8 173.88 179.91 3.0853 1
342.74 478.07 35.008 55.347 5.316 1
413.78 273.65 363.34 335.25 8.0935 1
432.53 431.06 370.23 386.57 7.9189 1
380.63 357.98 175.94 167.59 3.2105 1
273.96 272.43 230.37 279.11 1.25 1
327.87 295.34 4.1254 2.2969 2.7766 1
271.27 269.57 282.86 329.1 1.7534 1
277.03 274.95 171.64 224.16 1.5574 1
475.18 453.82 30.038 25.561 4.3006 1
266.95 266.68 361.62 351.59 2.4991 1
552.85 529.09 26.869 24.416 4.3723 1
410.47 401.57 209.88 208.15 2.4539 1
528.01 510.32 25.425 27.323 4.2617 1
634.88 636.65 18.372 6.8188 7.7912 1
