638.97 638.98 414.12 149.12 1.2572 1
218.39 214.37 275.39 117.87 5.8835 1
136.62 575.37 479 478.97 1.2726 1
214.4 213.47 116.62 89.063 4.3372 1
218.2 358.56 91.123 181.81 5.1021 1
358.99 563.12 181.32 89.667 4.9347 1
323.42 218.47 374.8 276 4.2306 1
565.28 498.5 88.573 251.37 4.629 1
213.35 434.44 88.558 34.169 4.5761 1
278.98 291.53 162 166.87 2.8716 1
307.77 270.1 169.43 156.17 2.9053 1
434.75 566.01 34.407 88.134 3.944 1
300.75 270.12 199.3 188.62 2.7175 1
254.65 248.86 141.96 129.25 3.2104 1
257.95 248.84 179.72 161.77 3.3258 1
298.76 262.55 257.59 243.72 2.858 1
257.46 247.2 239.31 216.93 3.6919 1
282.74 304.04 195.77 203.12 2.3214 1
293.87 260.07 305.96 291.08 3.1077 1
338.02 329.14 366.84 372.89 6.2437 1
491.15 337.33 257.71 367.87 8.2093 1
253.65 246.53 284.3 265.41 3.3745 1
220.66 254.57 119.96 143.48 3.479 1
268.91 292.79 298.4 308.08 2.6311 1
217.42 220.11 121.6 224.13 2.5651 1
364.98 341.48 186.55 316.6 2.9615 1
216.69 217.08 91.624 115.39 1.556 1
605.38 639.12 17.806 21.701 2.3401 1
264.27 255.46 152.75 142.8 2.9157 1
251.7 218.73 145.27 122.19 2.6603 1
208.51 221.43 293.54 281.28 8.7431 1
250.01 265.49 216.58 221.25 3.9512 1
248.63 260.36 264.61 267.93 3.4465 1
357.49 361.08 210.3 191.52 2.5087 1
252.59 264.32 161.37 164.7 4.1137 1
356.46 267.82 184.38 126.72 1.8914 1
251.19 261.76 129.38 132.42 4.6406 1
609.19 567.91 21.21 15.121 4.3991 1
639.22 610.28 24.558 21.216 2.5324 1
221.53 221.43 245.37 275.37 1.348 1
350.54 278.14 213.89 163.74 2.2909 1
268.28 258.1 187.61 178.86 3.2588 1
347.59 301.56 185.8 155.47 2.4434 1
296.5 306.69 173.05 180.29 1.7722 1
386.61 358.23 172.83 184.96 1.7984 1
265.36 252.96 226.67 221.43 2.4817 1
330.47 357.55 171.47 188.4 2.1225 1
213.17 215.97 297.56 288.91 3.5672 1
253.78 221.55 258.28 230.47 2.1906 1
374.12 365.36 158.29 158.19 2.4998 1
280.46 296.62 156.4 162.9 2.0925 1
282.69 306.68 139.41 155.3 2.1121 1
261.41 272.69 178.15 186.86 1.7533 1
302.03 307.26 158.86 167.02 2.2039 1
307.62 348.18 180.74 208.69 2.3347 1
340.65 333.69 320.42 359.05 2.5605 1
349.18 356.91 257.88 213.96 2.1766 1
375.38 365.37 148.4 148.56 1.4033 1
238.46 256.42 241.13 256.86 2.0047 1
274.26 256.54 173.78 166.84 2.3278 1
348.33 342.88 239.2 270.38 2.2473 1
328.89 325.02 346.59 371.76 2.7561 1
342.6 327.86 374.48 379.07 2.8376 1
338.92 346.11 315.34 275.28 1.8304 1
409.04 390.59 162.69 170.86 1.5389 1
341.71 331.32 277.66 334.07 2.5873 1
246.36 221.81 200.71 181.39 1.6731 1
230.05 247.66 184.55 198.15 1.25 1
