140.37 572.87 479.02 478.97 1.2877 1
638.98 639 411.62 149.12 1.2665 1
204.63 157.88 288.98 125.91 5.8149 1
348.62 454.8 172.55 10.003 5.5111 1
345.03 203.17 340.33 289.55 7.8035 1
156.27 294.22 126.4 5.4816 4.7698 1
454.01 395.51 8.6755 0.61917 3.9747 1
432.14 345.3 165.58 345.34 6.1445 1
454.38 430.54 12.523 165.01 5.0601 1
160.1 348.9 126.43 176.24 4.1596 1
348.85 346.51 176.62 336.64 3.7606 1
450.38 432.88 1.625 1.625 1.25 1
541.64 482.82 44.04 35.765 2.9981 1
484.1 532.96 33.073 39.79 2.4302 1
549.95 539.71 1.5165 41.773 3.7204 1
630.37 606.68 4.1334 1.2165 2.4622 1
480.37 454.09 35.441 31.893 1.9757 1
455.39 477.81 29.002 32.096 2.1347 1
534.72 544.54 40.208 1.4126 3.9571 1
