638.99 638.97 412.88 146.63 1.2619 1
139.12 575.37 479.01 478.97 1.2846 1
607.14 531.32 89.509 263.45 4.9068 1
233.41 227.89 220.51 137.79 4.3248 1
531.5 521.7 263.23 264.63 5.6552 1
227.83 221.5 136.72 46.546 4.3586 1
233.38 238.11 132.69 113.87 3.3327 1
238.98 241.61 231.6 219.12 4.3782 1
231.47 234.12 107.85 89.124 3.7131 1
240.79 240.98 176.62 190.37 2.5173 1
236.88 235.67 90.288 104.15 2.8151 1
236.96 240.03 189.17 167.82 3.8976 1
238.66 237.71 120.35 136.62 2.931 1
240.69 232.41 239.67 221.27 5.5856 1
282.57 605.82 139.62 90.809 6.7195 1
223.12 496.82 48.146 23.807 7.197 1
244.93 255.49 216.29 221.38 3.1721 1
495.45 606.95 24.004 89.453 5.8122 1
242.43 254.33 170.28 174.85 3.5932 1
279.28 280.48 327.88 137.88 4.5423 1
522 265.98 268.33 336.4 11.591 1
279.24 249.59 331.03 262.67 4.2314 1
240.99 256.68 191.01 206.58 4.3951 1
250.62 240.35 128.77 121.66 4.823 1
238.3 254.72 136.3 151.1 4.1845 1
249.24 240.94 262.37 239.84 6.297 1
240.36 237.79 201.63 188.13 4.4429 1
251.51 238.89 100.54 91.964 5.4988 1
237.27 232.85 114.37 103.39 4.6372 1
257.16 244.15 189.9 175.35 3.9233 1
251.77 236.93 155.22 141.3 4.2735 1
260.83 240.07 214.84 197.21 4.8187 1
243.4 248.38 233.19 244.46 2.5534 1
291.4 289.88 145.37 257.89 2.7024 1
210.58 233.89 246.24 231.26 8.0363 1
527.08 524.4 272.15 287.12 6.8132 1
289.2 288.2 260.38 320.38 2.1888 1
528.93 541.84 260.84 231.72 2.0371 1
287.82 288.4 222.87 171.63 1.5586 1
248.6 225.41 88.213 52.411 3.6486 1
286.39 286.21 315.38 279.12 1.4263 1
232.53 234.11 169.16 184.13 1.6365 1
569.82 580.42 167.64 142.9 1.3135 1
288.32 288.53 167.88 149.12 1.4512 1
555.05 561.83 201.49 185.46 1.3271 1
260.8 252.86 158.32 154.15 3.2423 1
280.12 267.48 137.26 116.87 3.1869 1
245.6 240.98 212.77 202.6 1.6551 1
249.62 256.45 244.8 250.59 2.0524 1
