134.12 575.37 478.99 478.98 1.2613 1
638.98 638.98 412.88 146.63 1.2535 1
614.8 514.59 239.4 426.79 5.358 1
512.58 280.59 428.72 347.07 10.723 1
205.04 178.47 317.57 127.44 6.4587 1
176.94 277.36 127.02 47.557 4.4494 1
611.86 614.96 116.71 240.35 6.5927 1
277.62 613.69 47.854 117.49 5.5262 1
280.48 211.96 346.58 322.18 11.936 1
181.47 611.48 127.21 239.68 4.4283 1
45.005 1.1191 119.78 147.06 3.644 1
0.818 33.7 141.5 122.15 3.6133 1
1.0931 43.657 108.95 118.67 4.462 1
33.901 1.3572 121.37 114.07 3.6341 1
38.086 64.047 49.776 41.384 2.3429 1
5.1546 36.608 59.631 50.316 2.6645 1
65.504 84.048 40.637 31.469 1.7497 1
83.057 55.354 35.794 47.827 2.1892 1
101.46 84.503 23.86 34.716 1.8927 1
568.96 577.9 317.78 301.64 1.25 1
