136.62 574.12 479 478.98 1.2632 1
638.97 639 412.87 147.87 1.2829 1
196.98 155.27 355.01 169.83 4.954 1
529.44 521.64 129.76 157.34 5.333 1
521.42 481.82 158.74 307.59 5.5332 1
160.52 450.47 82.221 59.048 4.7723 1
489.36 198.41 310.5 359.77 10.247 1
155.09 159.91 170.43 82.918 5.1532 1
451.03 528.46 58.532 128.61 5.2016 1
586.89 638.1 63.704 95.76 5.5804 1
157.84 526.71 170.02 129.9 4.524 1
562.98 585.7 52.671 64.774 3.8973 1
587.9 555.37 70.333 52.878 4.9159 1
620.85 587.73 91.701 68.078 6.5245 1
535.48 560.34 35.176 47.945 4.387 1
517.91 534.69 26.559 35.563 3.6253 1
550.42 519.53 46.537 32.008 3.8611 1
514.3 487.3 9.8964 -0.19067 4.2596 1
500.89 517.65 0.53205 8.3589 3.5479 1
640.01 632.44 108.36 99.668 4.5911 1
556.59 547.12 52.341 45.896 5.1668 1
633.46 624.54 103.25 97.252 3.4699 1
513.72 513.77 25.378 12.874 3.7981 1
171.16 176.23 224.22 247.96 2.0065 1
307.85 285.36 73.686 75.182 1.4133 1
281.59 236.62 76.078 78.972 1.4882 1
192.89 198.38 321.62 346.51 1.7591 1
329.13 311.63 72.875 72.875 1.25 1
507.61 514.59 197.81 171.75 1.4454 1
424.1 410.34 63.784 64.933 1.3497 1
180.38 164.13 84.125 84.125 1.25 1
