461.67 439.38 81.462 245.24 5.3431 1
136.62 574.12 478.99 478.98 1.2626 1
638.99 638.98 411.63 146.63 1.2526 1
190.87 160.25 211.53 60.147 4.5977 1
324.88 189.95 299.9 213.54 7.7487 1
162.07 355.54 61.231 134.95 5.1219 1
355.28 460.51 133.93 81.932 5.8149 1
439.19 353.95 245.12 312.65 4.9972 1
161.54 269.37 60.058 30.014 4.2235 1
547.85 590.58 1.9058 5.1859 6.423 1
350.38 325.16 314.12 299.81 7.4057 1
425.04 421.84 185.27 195.44 2.6898 1
378.84 349.51 322.73 315.13 8.1574 1
591.45 639.32 5.1931 7.5026 10.049 1
430.22 424.27 137.79 149.2 2.8888 1
593.01 502.9 17.095 1.4566 5.1809 1
269.96 457.78 30.698 80.716 3.8409 1
639.2 617.79 14.416 12.662 3.3293 1
639.43 594.04 23.574 15.854 3.8306 1
616.66 549.12 12.589 5.4045 2.777 1
414.04 429.32 138.81 134.89 3.9753 1
401.33 418.11 231.69 227.56 3.6598 1
440.27 453.67 216.61 119.23 2.0662 1
396.62 355.52 140.37 161.9 2.1619 1
416.26 398.4 240.61 251.25 1.5813 1
414.09 431.97 114.01 109.14 3.398 1
423.26 398.04 148.91 158.31 2.5015 1
401.73 414.31 133.16 128.36 1.7111 1
410.42 423.17 186.87 184.46 3.6844 1
345.94 347.75 305.38 140.37 2.9542 1
594.21 639.23 12.339 19.716 2.6692 1
357.68 400.33 157.49 135.3 2.3532 1
324.04 235.36 126.86 92.913 1.8329 1
350.38 350.38 161.63 191.63 1.25 1
347.84 326.66 135.46 127.78 1.9245 1
356.12 355.69 141.61 156.67 2.4639 1
439.63 439.87 256.61 265.39 3.8184 1
81.324 62.271 4.6927 13.09 4.4397 1
22.889 1.6085 35.236 33.035 3.2156 1
13.405 20.397 8.1678 25.366 3.041 1
387.82 379.22 323.29 322.14 5.1219 1
355.03 355.75 177.84 197.86 1.783 1
