246.28 246.51 226.64 184.12 3.8197 1
246.91 248.16 182.91 122.88 4.716 1
638.98 638.98 412.87 147.87 1.2518 1
244.65 246.05 285.39 227.83 3.9383 1
248.17 248.44 116.64 91.631 3.8284 1
135.37 575.37 479.01 478.97 1.2816 1
379.34 244.92 365.82 283.61 6.3366 1
249.11 437.49 89.537 171.26 7.8334 1
558.3 496.17 62.063 220.68 4.4288 1
433.15 426.88 180.09 201.7 3.0977 1
492.85 410.87 226.6 331.3 6.1791 1
426.47 392.7 204.43 325.67 3.9479 1
392.21 383.03 349.32 366.02 12.816 1
253.17 420.82 87.327 16.429 5.3205 1
325.21 355.24 154.68 163.34 3.9725 1
241.68 244.1 321.52 295.03 10.755 1
251.12 248.82 125.36 229.12 2.0539 1
392.44 386.19 326.5 348.11 3.2866 1
419.84 558.66 16.855 60.587 5.1093 1
360.33 320.31 194.27 183.12 3.6297 1
355.57 325.22 158.32 151.03 4.136 1
439.18 427.17 176.64 218.93 2.2566 1
410.52 395.27 331.49 350.54 5.271 1
251.36 250.78 94.118 115.35 1.8251 1
340.36 316.36 250.43 242.4 3.1555 1
325.2 349.11 188.46 195.43 2.9002 1
249.26 247.96 235.38 280.38 2.0051 1
311.43 296.45 143.08 129.32 3.6075 1
298.04 288.91 230.26 218.04 2.2491 1
306.67 293.75 175.34 160.71 3.4192 1
316.78 334.03 246.17 251.92 2.3717 1
340.15 308.82 301.11 291.37 3.451 1
431.84 370.26 178.63 151.89 2.1422 1
437.62 459.79 168.85 148.61 2.7303 1
307.92 324.04 294.01 300.58 2.572 1
425.22 392.97 201.98 187.67 1.528 1
300.22 312.84 129.14 130.64 2.9505 1
349.16 327.8 167.8 158.04 1.9772 1
528.82 555.84 87.53 63.4 2.3976 1
634.88 625.36 22.602 17.911 2.7388 1
306.76 289.08 148.84 140.47 1.5447 1
