538.76 501.79 116.53 265.1 4.6993 1
545 538.41 92.441 117.1 4.8432 1
136.62 574.12 478.99 478.98 1.2575 1
638.99 638.97 412.88 146.63 1.2668 1
442.29 544.99 33.927 91.068 5.3795 1
504.53 247.47 267.92 356.7 9.9454 1
216.67 543.16 168.05 91.578 6.0085 1
171.79 441.98 83.801 34.835 5.7597 1
248.27 242.65 350.83 330.44 7.8947 1
175.56 170.28 98.615 83.715 7.1439 1
493.76 530.12 21.284 36.005 3.5877 1
244.44 212.86 329.83 165.38 5.1864 1
542.94 497.62 43.955 27.309 4.454 1
204.58 173.94 236.8 100.14 3.9326 1
531.03 572.13 35.304 55.632 4.0126 1
562.14 542.59 57.102 43.944 3.508 1
483.16 452.87 18.307 7.8901 3.3275 1
450.39 500.49 2.8276 21.303 4.4418 1
453.49 445.73 7.5676 2.3457 3.4502 1
587.86 617.88 59.609 59.81 3.8925 1
212.5 177.56 166.2 97.422 4.7187 1
597.23 572.13 75.512 61.943 4.6351 1
617.89 589.11 63.849 64.297 4.9021 1
219.36 203.86 282.41 237.97 4.9926 1
498.2 483.62 27.018 18.772 4.6378 1
617.8 629.15 58.707 56.754 4.1198 1
639.5 618.62 56.408 63.972 6.2002 1
605.34 639.26 46.856 52 5.6933 1
585.48 639.37 66.361 87.252 3.5682 1
580.33 604.2 49.989 47.257 3.4789 1
639.63 597.87 91.564 75.395 3.8734 1
607.94 589.12 51.234 50.512 2.6419 1
239.54 220.07 330.96 282.5 4.4317 1
79.135 1.5797 1.8216 5.7246 4.3026 1
627.79 609.01 53.573 51.411 3.2967 1
1.6207 21.626 2.0153 1.9155 1.3248 1
511.45 516.73 214.08 191.65 1.717 1
519.33 522.85 182.92 166.62 1.25 1
523.7 534.06 164.02 122.86 1.5574 1
