472.44 449.03 52.592 191.61 4.1517 1
638.98 639 411.62 149.12 1.2732 1
139.12 572.87 479.01 478.98 1.2823 1
477.48 473.25 23.818 46.462 4.0634 1
170.78 110.82 267.74 94.788 4.7062 1
246.73 477.55 174.29 23.035 5.6482 1
110.79 311.18 93.775 0.65757 4.7806 1
450.57 421.23 191.59 223.76 7.0926 1
277.52 171.19 351.74 268.09 6.3929 1
420.24 283.34 223.87 349.52 7.354 1
482.77 429.34 12.129 0.64239 3.3915 1
444.27 465.43 0.88243 5.081 2.6955 1
399.4 442.72 0.58798 12.21 3.6219 1
116.92 135.97 102.77 157.67 1.7373 1
474.17 460.43 21.471 17.684 2.9508 1
191.62 245.83 141.63 172.07 3.6134 1
526.43 563.06 48.616 58.454 2.8284 1
541.63 566.55 19.084 23.341 2.8853 1
450.42 453.37 167.88 146.69 1.4435 1
454.5 459.51 142.93 110.43 1.7088 1
566.77 524.33 63.588 52.115 3.0658 1
460.2 463.38 107.85 86.701 1.7937 1
274.46 248.1 336.57 176.38 3.3266 1
464.25 466.88 84.142 65.411 1.5859 1
565.32 539.15 26.937 22.738 2.6664 1
633.84 639.69 77.672 69.534 2.7595 1
