270.14 271 129.2 101.68 4.6841 1
262.4 269.86 295.47 134.16 4.7288 1
638.98 638.97 412.88 150.38 1.2589 1
412.66 261.72 367.08 296.42 5.5204 1
136.62 574.12 479.01 478.97 1.2846 1
270.92 410.37 101.27 16.624 5.3371 1
272.76 478.71 101.94 172.84 4.7467 1
472.25 459.27 197.66 235.42 5.2829 1
425.45 417.19 340.14 360.6 7.2211 1
459.23 424.13 235.83 339.13 4.4304 1
486.44 473.28 161.55 192.52 5.3794 1
473.58 471.78 193.19 197.25 4.5671 1
384 356.39 164.62 157.56 3.041 1
352.94 372.98 193.9 200.04 2.4861 1
376.66 352.82 197.77 190.57 2.8669 1
358.16 376.87 161.84 166.98 3.9472 1
366.56 341.71 256.83 248.87 2.4739 1
260.85 264.91 323.17 299.47 11.933 1
389.11 372.91 258.13 257.23 2.634 1
274.69 272.73 106.67 129 2.3808 1
410.17 551.47 16.135 53.477 4.8081 1
272.76 268.08 136.62 241.63 2.5288 1
400.38 384.12 200.2 199.29 3.4657 1
267.37 265.69 247.86 294.14 2.0679 1
552.87 491.19 55.851 216.94 5.5579 1
410.36 392.9 169.3 167.57 2.8715 1
361.28 332.54 306.51 297.71 2.5832 1
474.4 355.24 180.83 139.52 2.4092 1
465.54 275.3 203.66 135.6 2.675 1
492.81 428.92 214.71 340.9 5.0958 1
276.31 357.66 132.47 162.21 2.5751 1
376.55 362.88 307.16 305.32 2.4777 1
331.72 350.42 300.09 306.5 2.0601 1
337.74 321.97 184.29 171.21 2.8872 1
342.75 328.15 151.8 141.25 3.0971 1
324.03 310.92 292.96 279.83 1.7788 1
529.14 487.97 94.137 161.68 3.5153 1
324.71 315.56 238.57 228.95 3.0415 1
359.34 410.35 143.51 161.68 2.6127 1
300.34 275.14 260.46 249.67 1.8063 1
319.1 330.37 228.24 229.13 1.7349 1
592.71 560.54 18.181 1.3065 3.3209 1
609.09 598.96 25.487 22.124 5.1391 1
388.39 398.94 190.88 198.14 2.7681 1
340.11 354.36 137.4 142.16 1.9821 1
404.05 432.76 184.34 194.44 1.8124 1
377.99 386.15 250.21 256.04 2.2377 1
329.04 340.22 138.42 140.15 2.4705 1
