121.07 367.92 72.641 132.68 4.8275 1
137.87 575.37 478.99 478.98 1.2531 1
158.04 118.91 229.08 72.617 4.5597 1
638.99 638.98 412.88 147.88 1.2599 1
438.9 419.82 72.7 232.81 4.4545 1
368.93 437.7 58.965 71.327 4.3542 1
374.46 411 125.53 94.869 4.4797 1
419.23 361.54 232.65 309.06 4.2152 1
367.39 374.27 131.3 125.55 3.6797 1
118.33 219.51 71.524 31.333 3.5492 1
569.05 614.09 5.5669 2.4292 5.596 1
327.63 164.66 301 235.9 8.8197 1
418.25 418.08 126.61 139.13 2.5973 1
579.47 483.28 17.262 -0.57933 3.9745 1
506.85 639.24 0.46204 26.004 3.3781 1
639.35 580.37 29.189 17.899 3.29 1
358.29 327.96 311.58 301.29 7.9909 1
413.35 413.51 175.39 185.38 2.5395 1
401.5 415.86 131.21 127.06 3.6029 1
391.63 356.74 315.3 313.29 6.671 1
564.15 551.53 3.7988 2.8302 6.71 1
410.47 430.22 95.735 79.188 6.1893 1
409.08 408.34 217.87 232.9 2.8666 1
400.35 410.71 179.05 174.97 3.2419 1
402.57 418.18 105.34 101.67 2.9338 1
397.03 406.96 220.59 217.81 2.936 1
416.83 404.63 105.92 110.47 3.2162 1
395.71 365.98 134.5 161.05 2.5974 1
414.38 401.54 130.98 136.42 3.5852 1
615.31 567.86 6.9105 10.207 4.2081 1
366.72 360.53 161.58 306.63 3.5094 1
366.99 366.48 134.1 155.4 2.9485 1
408.19 396.55 179.65 186.49 3.1676 1
368.73 397.73 154.93 128.96 2.599 1
219.34 367.91 31.724 58.933 3.2561 1
353.65 357.88 304.11 139.13 2.9794 1
310.46 200.23 122.53 95.982 3.7086 1
360.37 360.37 137.88 154.13 1.25 1
364.2 311.46 135.06 122.29 2.0973 1
140.99 150.32 148.03 185.39 1.8237 1
404.15 392.29 107.9 117.12 3.1804 1
416.97 430.89 238.76 241.76 5.9415 1
199.15 123.91 95.279 76.235 2.4386 1
165.41 160.64 257.87 239.97 4.1889 1
434.3 414.67 83.084 99.761 1.9583 1
432.05 424.82 100.77 108.61 1.9819 1
359.28 357.97 177.85 244.13 2.2523 1
