463.78 446.44 115.17 250.51 4.4519 1
466.87 463.68 88.998 114.07 5.614 1
136.62 574.12 478.99 478.98 1.2577 1
638.99 638.97 412.88 147.88 1.2604 1
200.56 170.67 215.59 67.562 4.5479 1
447.46 358.5 251.07 318.29 4.7489 1
357.7 465.56 140 88.262 4.9863 1
172.82 359.07 68.011 141.75 4.9673 1
171.65 277.06 66.719 36.906 3.9615 1
319.27 206.9 298.29 223.71 6.9309 1
548.02 639.34 3.92 8.7216 12.153 1
353.91 319.46 319.95 298.59 8.4998 1
277.54 465.19 36.624 87.323 3.8709 1
373.27 353.67 327.66 320.33 8.4915 1
434.54 429.19 143.74 155.41 2.5951 1
417.69 357.97 137.51 168.07 2.4348 1
423.4 402.94 156.83 164.29 2.7611 1
630.58 575.3 22.28 16.004 3.8073 1
558.15 532.63 12.594 7.9565 4.5835 1
415.37 432.94 145.33 141.96 3.6322 1
414.09 428.26 193.93 190.98 3.4167 1
350.05 349.84 310.38 145.37 1.4593 1
449.13 460.43 206.63 117.88 2.2558 1
639.39 631.45 24.283 22.335 3.3443 1
574.35 558.47 15.694 11.788 7.2432 1
531.91 484.33 7.182 0.2192 3.8009 1
409.19 423.18 237 234.75 3.9011 1
444.45 445.78 247.9 232.91 1.3556 1
359.21 405.08 164.3 141.05 2.4268 1
97.071 86.892 13.861 18.465 3.091 1
421.59 435.73 118.98 115.65 3.9367 1
639.15 572.87 16.322 10.478 2.635 1
352.36 352.94 167.87 264.12 1.6892 1
184.77 191.99 121.75 157.8 1.7199 1
355.09 245.36 143.6 100.41 2.3557 1
418.11 398.08 132.58 137.47 2.7861 1
352.4 352.44 145.38 161.63 1.285 1
192.74 198.11 161.65 187.83 1.7267 1
102.22 102.97 2.8172 10.488 2.8527 1
358.21 358.32 147.86 162.87 2.4999 1
29.13 1.6175 42.718 41.867 2.8853 1
86.158 68.651 18.397 29.637 3.8309 1
445.89 445.28 263.99 272.87 4.5361 1
352.8 352.92 271.62 305.37 1.25 1
516.72 541.77 1.1373 5.8727 2.6214 1
459.07 426.74 99.003 114.37 1.8866 1
389.26 408.91 250.58 237.56 2.109 1
50.396 35.425 42.095 42.759 3.3429 1
357.92 358.18 171.62 229.12 1.4212 1
33.044 42.048 7.8139 32.722 3.4274 1
394.3 360.33 129.49 145.29 1.6605 1
451.52 432.8 120.18 130.23 1.4518 1
386.6 372.89 327.2 327.1 6.2872 1
627.89 639.16 19.001 19.96 1.6693 1
