139.12 574.12 479.02 478.97 1.2934 1
638.99 638.98 411.63 149.13 1.2578 1
213.92 177.08 307.63 147.2 6.109 1
349.77 213.19 367.63 308.39 10.211 1
535.4 552.92 3.9175 3.5476 5.3155 1
393.79 476.88 159.84 53.347 9.4646 1
177.71 317.84 148.91 42.835 9.8135 1
329.33 268.18 19.419 6.4552 5.5617 1
466.73 445.15 105.92 210.07 8.8532 1
473.66 327.17 48.997 20.235 7.9921 1
477.23 466.4 57.45 105.73 7.6607 1
554.22 532.86 11.501 10.97 7.5287 1
267.64 225.46 8.0675 1.0928 4.7385 1
280.13 325.72 2.5985 13.994 5.457 1
443.86 349.6 209.5 371.9 7.9061 1
566.96 571.73 13.777 1.1917 6.4487 1
520.5 503.71 12.697 0.47554 3.4024 1
181.92 292.52 150.73 186.48 4.9006 1
509.52 517.94 1.0194 6.5209 2.456 1
249.14 281.67 1.4272 3.369 3.6689 1
364.15 345.53 15.514 18.776 3.478 1
532.99 521.56 12.123 11.464 3.8877 1
343.7 360.35 12.688 7.7808 3.597 1
384.6 384.55 24.127 5.3667 7.5 1
358.32 351.14 210.4 361.66 3.6197 1
358.98 335.3 4.5409 8.6674 2.8361 1
517.91 530.44 4.7782 4.1419 2.7504 1
295.01 358.34 187.78 207.65 4.7705 1
352.96 376.6 21.033 24.315 2.3043 1
