136.62 574.12 478.99 478.98 1.2562 1
638.98 638.98 411.62 146.62 1.2518 1
359.61 471.19 137.67 85.882 5.0273 1
186.33 360.36 67.346 139.16 4.6008 1
473.19 452.78 85.103 248.8 6.9814 1
212.21 183.02 210.76 66.344 5.9311 1
453.49 362.74 248.23 313.18 6.3155 1
20.345 30.831 11.714 15.288 3.1994 1
183.03 290.23 65.922 34.865 4.5332 1
615.34 557.67 11.823 2.9367 3.889 1
639.23 616.58 12.528 10.996 3.0846 1
349.17 218.38 310.17 219.65 7.8928 1
590.38 639.16 1.4445 2.9437 2.9212 1
639.21 575.34 6.7102 2.042 2.978 1
370.38 349.19 322.86 309.54 7.8008 1
290.07 467.95 35.25 83.862 3.7223 1
597.88 625.4 6.5343 8.8851 2.1284 1
575.28 596.67 3.6291 6.2994 1.5528 1
422.76 439.36 142.27 139.08 3.3993 1
403.96 359.22 143.79 165.58 2.7063 1
420.17 434.33 190.7 187.52 3.2608 1
427.81 441 116.4 112.48 4.4364 1
430.54 417.73 125.77 131.29 2.2954 1
439.66 434.27 141.21 150.46 3.419 1
122.51 113.86 12.08 16.049 3.4082 1
395.03 368.84 323.33 320.28 6.3313 1
70.375 1.6251 41.594 41.531 2.5597 1
356.42 257.84 140.87 100.45 2.093 1
362.54 406.24 160.94 139.59 2.298 1
410.08 429.24 235.39 230.87 3.2938 1
430.43 405.79 200.51 211.32 2.7326 1
452.47 454.52 260.26 275.49 5.6205 1
466.68 429.06 95.505 112.74 1.9436 1
400.2 414.16 128.78 121.69 1.7703 1
58.442 64.727 11.387 26.373 3.2724 1
112.79 92.487 15.248 28.532 3.8224 1
352.02 352.41 204.13 160.38 2.5225 1
399.42 381.64 126.02 134.17 1.6572 1
359.9 359.91 145.37 160.37 1.2613 1
79.514 68.038 38.2 41.035 2.7303 1
