543.79 511.79 105.02 250.14 5.0078 1
135.37 575.37 478.99 478.98 1.2558 1
549.6 544.18 78.672 102.89 4.8625 1
638.98 638.98 412.87 147.87 1.2537 1
521.72 556.71 44.118 41.459 3.9134 1
560.31 530.16 43.601 47.476 4.2328 1
422.6 381.13 15.232 4.8364 4.2385 1
385.35 422.54 2.9881 11.79 3.1667 1
426.4 467.4 14.901 26.996 3.7946 1
267.56 547.31 192.11 78.31 5.0034 1
219.1 177.21 279.13 112.41 4.4713 1
591.52 571.73 26.327 33.175 2.8611 1
461.83 431.37 28.386 20.041 3.4022 1
489.6 462.93 36.416 27.717 3.2803 1
489.2 550.14 55.163 77.275 4.5961 1
468.01 512.91 26.238 41.526 3.6261 1
565.42 588.01 32.984 23.191 4.5479 1
178.02 426.7 110.85 33.103 5.5278 1
570.14 558.65 36.216 42.953 4.7582 1
611.73 594.06 25.465 26.204 5.0478 1
529.64 519.05 46.991 44.431 3.02 1
593.63 601.48 23.958 0.73086 10.306 1
522.79 594.01 49.425 69.544 3.2689 1
586.55 524.11 70.655 52.94 3.4959 1
513.45 300.81 252.63 374.89 9.9684 1
630.42 623.82 1.2924 25.29 3.9472 1
294.2 218.76 376.85 279.12 7.0133 1
594.15 621.58 33.793 35.925 3.3512 1
515.27 537.79 36.228 30.063 4.2643 1
552.84 521.49 33.673 36.178 4.088 1
539.1 565.31 30.699 32.536 2.8435 1
561.63 554.11 35.08 34.911 2.6395 1
523.95 509.35 52.047 46.086 4.37 1
586.59 570.49 40.562 37.293 3.1773 1
574.19 586.7 35.04 37.485 2.7212 1
635.39 631.6 9.6756 18.406 4.0875 1
292.7 265.02 371.65 190.43 4.2094 1
620.45 611.85 26.974 26.296 7.8696 1
222.62 70.276 -0.41543 18.32 4.4045 1
84.18 182.77 13.312 0.79863 3.7441 1
0.89275 64.938 16.531 4.3305 11.929 1
78.937 46.497 7.0871 14.837 6.6598 1
72.531 1.39 18.319 30.22 4.5144 1
45.498 1.5079 14.74 23.54 3.4324 1
96.688 82.912 7.1684 6.7271 6.5269 1
432.67 421.79 19.748 16.12 3.5584 1
624.17 607.83 37.413 38.362 1.9887 1
182.51 198.06 120.47 182.83 1.8433 1
131.42 111.37 0.94434 7.0221 4.3139 1
582.88 586.83 64.125 42.683 9.3804 1
1.3761 83.932 26.342 12.936 3.2902 1
611.63 586.79 75.361 70.728 2.9987 1
611.65 632.86 72.539 74.266 1.25 1
521.42 536.77 191.58 121.66 2.2316 1
632.97 612.8 77.053 74.784 1.7696 1
427.6 440.35 33.693 37.948 2.7702 1
264.25 181.58 190.24 115.43 3.4861 1
511.55 518.71 236.61 203.05 1.662 1
