137.87 575.37 478.99 478.98 1.2578 1
638.98 638.98 411.62 147.87 1.2524 1
214.13 180.42 299.12 111.39 4.8602 1
287.47 620.12 37.275 107.83 4.9232 1
620.14 600.85 108.9 236.7 6.8562 1
598.52 513.29 236.34 419.4 6.8951 1
512.45 209.76 422.67 300.07 10.634 1
181.92 287.63 110.79 36.814 4.9216 1
182.61 598.87 112.57 230.03 4.1988 1
185.41 191.96 121.62 159.07 2.0917 1
1.4376 77.351 87.335 107.36 4.5462 1
192.64 200.5 162.92 206.6 1.8941 1
66.301 1.1968 109.11 92.005 4.2008 1
1.1853 66.083 149.64 110.72 3.6451 1
77.488 2.4121 108.5 154.62 3.9674 1
130.68 109.3 20.91 33.187 2.0068 1
54.3 109.2 48.416 30.61 2.2494 1
114.13 142.29 27.884 8.8597 2.3519 1
150.92 131.66 3.4974 20.41 2.2445 1
19.043 51.577 61.409 48.999 2.2879 1
108.12 76.965 33.528 45.045 2.1176 1
4.0918 17.731 69.055 62.573 1.6655 1
