638.99 638.99 411.62 147.87 1.251 1
139.12 574.12 479.01 478.98 1.2763 1
179.1 189.14 13.728 13.117 3.0421 1
433.99 301.93 317.52 366.6 7.9011 1
466.51 432.85 172.56 316.62 5.5215 1
265.52 257.41 19.446 23.096 3.0838 1
275.75 271.96 1.3406 12.985 4.3678 1
332.85 466.42 49.154 171.96 5.6557 1
256.94 236.63 23.917 26.691 3.9388 1
195.53 172.74 15.938 23.738 7.8738 1
237.94 332.99 65.708 48.521 4.1485 1
111.71 99.247 27.282 28.846 2.6362 1
1.4151 25.441 91.082 81.795 3.7919 1
50.772 59.136 8.9951 34.531 8.6632 1
271.72 261.76 11.71 16.893 3.6687 1
97.97 112.85 26.053 23.971 3.1689 1
208.09 240.9 72.744 126.31 4.9166 1
247.84 275.63 29.014 21.297 3.4798 1
143.93 112.59 19.52 26.643 3.9896 1
119.07 151.63 19.987 15.375 7.2401 1
239.13 226.63 15.144 15.132 2.506 1
18.628 16.226 43.082 22.774 4.8986 1
302.15 224.57 363.23 204.52 5.9624 1
22.877 1.6186 94.833 94.878 5.0107 1
171.52 145.33 24.769 20.676 3.821 1
226.38 207.42 205.41 75.078 4.8365 1
34.118 31.54 33.268 25.011 6.6356 1
137.85 186.61 7.6986 8.7359 2.8185 1
45.467 60.532 53.163 48.367 2.3822 1
150.45 171.63 18.61 21.602 3.1886 1
27.939 23.673 15.736 9.4307 4.1412 1
78.538 62.415 20.203 11.424 3.0982 1
299.59 348.21 219.61 206.62 3.7876 1
31.469 28.161 24.647 15.732 3.9506 1
6.8811 18.399 0.72781 20.063 4.2725 1
41.858 49.384 0.32353 8.8979 5.2921 1
30.166 15.622 35.485 7.7453 2.3754 1
227.44 228.3 222.95 212.91 3.134 1
116.75 65.552 75.936 87.413 3.0912 1
29.65 22.013 45.752 52.092 4.1555 1
25.516 15.814 85.684 90.091 4.5524 1
71.643 95.37 82.957 77.85 2.8002 1
34.149 25.495 75.395 85.674 3.976 1
95.665 114.14 77.741 72.946 2.2437 1
28.517 16.517 70.89 56.717 4.1848 1
231.58 209.17 67.547 70.678 3.2224 1
301.12 299.98 276.66 221.63 4.4294 1
85.012 79.444 15.55 3.9718 3.3365 1
48.18 37.696 39.67 45.024 8.4323 1
88.628 90.907 1.4927 14.471 5.7234 1
94.433 73.982 48.711 56.237 2.9654 1
138.55 124.37 10.047 1.2368 3.3311 1
65.464 80.212 8.9809 18.138 2.3807 1
266.63 243.44 57.869 34.809 1.854 1
247.25 269.32 32.229 55.191 2.5285 1
349.09 380.36 206.49 197.83 2.2626 1
69.166 89.149 54.256 47.95 2.3206 1
389.12 462.95 195.35 174.38 2.1322 1
302.72 301.64 354.13 277.86 2.7135 1
11.631 1.3956 70.388 74.848 2.3495 1
395.46 370.61 9.4507 16.229 1.8639 1
64.13 82.845 25.437 23.786 1.355 1
