638.98 639 411.62 149.12 1.2653 1
137.87 572.87 479 478.98 1.2699 1
442.97 313.9 321.88 368.49 7.5432 1
478.11 442.39 174.82 320.56 5.4991 1
272.55 260.15 20.823 11.94 4.3057 1
260.52 251.77 13.128 18.132 5.1171 1
287.61 283.25 1.2219 17.642 6.1155 1
274.6 263.86 22.773 27.24 3.0742 1
284.22 274.35 19.637 21.541 7.3644 1
205.96 189.56 18.283 24.111 7.8262 1
11.82 33.099 92.3 86.152 3.6297 1
249.19 344.28 68.25 51.234 4.3519 1
344.12 477.44 51.723 175.93 6.0443 1
33.721 42.793 85.164 77.774 3.1578 1
112.87 150.39 27.858 17.941 6.388 1
64.84 73.026 10.146 35.727 8.4765 1
262.88 244.13 27.685 27.799 2.5918 1
1.4986 10.408 94.079 93.21 2.6095 1
32.604 31.882 44.135 25.317 5.0443 1
257.92 286.55 31.773 23.858 3.6145 1
29.069 5.0746 94.943 98.07 6.3591 1
149.35 111.88 22.586 31.455 3.138 1
103.11 85.509 24.488 19.866 3.515 1
45.266 30.562 80.237 91.861 4.8564 1
29.191 19.415 90.579 93.764 2.377 1
220.02 249.6 74.848 125.09 5.5165 1
241.25 233.71 225.46 192.68 7.3088 1
20.51 14.559 11.551 0.70128 4.9851 1
234.41 219.95 191.92 82.601 5.1398 1
42.888 34.598 46.756 55.922 4.4582 1
49.997 43.351 44.904 14.992 6.6439 1
150.52 166.75 18.217 16.691 5.9148 1
312.07 305.33 365.89 355.4 8.3369 1
309.36 340.49 222.55 214.59 3.5471 1
252.94 240.41 16.95 17.5 2.388 1
186.46 177.93 24.718 26.862 2.7293 1
36.262 41.393 28.786 42.192 3.5022 1
2.9604 16.784 80.494 70.597 3.4998 1
55.364 63.285 0.58605 10.031 5.9315 1
124.29 81.606 78.656 87.786 2.6213 1
165.38 149.13 12.608 12.453 1.3813 1
306.25 242.15 356.16 223.27 5.2589 1
21.286 5.6355 72.357 82.615 3.5316 1
84.215 131.73 84.506 73.319 2.7233 1
151.62 196.58 9.3327 10.656 3.6013 1
65.43 51.913 41.857 45.048 9.1581 1
43.43 28.153 14.906 1.3129 6.0222 1
162.74 176.48 19.845 22.394 2.597 1
113.17 85.552 47.377 58.322 2.6088 1
178.12 150.38 26.485 21.6 3.4067 1
341.4 440.34 214.54 187.76 2.813 1
101.94 104.13 1.3835 15.567 4.8514 1
312.14 310.23 356.64 224.11 4.4351 1
79.193 100.22 56.832 49.892 2.3854 1
237.9 223.9 70.569 72.08 3.7283 1
24.241 0.87789 19.501 26.7 5.9729 1
441.49 466.62 187.41 180.35 1.8797 1
35.479 51.643 3.0559 1.8788 3.0381 1
38.135 31.848 24.527 9.0346 3.4747 1
60.347 30.369 92.662 96.579 2.3732 1
277.83 254.68 60.425 37.321 3.5388 1
81.851 61.668 87.736 91.839 1.9519 1
