268.27 244.01 332.82 173.76 4.9866 1
279.04 338.13 20.851 31.484 4.3799 1
324.49 279.09 31.916 24.317 4.7198 1
638.97 639.01 411.62 150.37 1.2807 1
137.87 574.12 479.02 478.97 1.295 1
338.99 390.62 33.652 42.761 3.6209 1
384.38 328.91 45.177 35.324 4.5424 1
249.11 269.46 1.6764 9.4976 3.6786 1
553.95 520.43 122.5 250.39 4.2508 1
269.39 281.16 11.298 20.94 3.7741 1
407.44 561.25 246.18 96.277 5.0982 1
455.55 434.37 52.518 56.622 3.8811 1
514.42 510.15 1.4852 30.526 4.9468 1
467.36 456.54 42.395 52.787 3.4988 1
279.82 259.24 23.579 7.3942 4.0055 1
437.13 463.28 53.301 45.476 4.9033 1
257.98 220.47 6.7447 3.1284 4.1677 1
462.88 475.43 40.386 29.185 4.1628 1
392.49 268.46 413.34 333.22 7.3557 1
389.97 420.46 43.126 51.298 3.7716 1
560.72 553.66 98.848 121.87 4.5088 1
243.98 422.4 173.41 62.874 4.4985 1
485.86 491.17 23.292 1.2142 9.8752 1
483.91 471.93 31.113 36.101 2.7439 1
428.09 385.05 58.411 45.184 5.6941 1
1.2268 47.69 11.076 0.79062 4.3508 1
155.81 97.716 19.692 33.455 4.0301 1
422.82 436.68 51.072 52.212 3.3117 1
89.071 144.1 31.357 20.261 3.7356 1
229.14 247.9 1.3598 2.2562 1.4871 1
219.18 206.56 4.6597 6.0287 3.0245 1
143.96 207.92 18.504 1.8038 3.6349 1
209.11 227.86 2.6063 1.3969 1.8106 1
206.07 156.05 5.6361 18.041 3.9994 1
422.85 445.4 44.015 37.984 4.4364 1
521.65 397.24 251.09 411.13 6.111 1
1.4746 87.917 45.767 30.613 3.6786 1
451.49 425.05 40.952 46.252 4.1655 1
570.15 568.34 15.339 26.893 3.7051 1
96.749 1.4127 32.324 49.174 3.9217 1
472.78 429.93 69.555 59.819 3.9897 1
331.54 322.9 34.526 32.768 4.4019 1
509.12 486.6 32.566 32.764 8.8818 1
246.38 406.79 174.66 248.76 3.8477 1
557.9 465.41 95.284 72.731 4.9771 1
62.369 1.3196 0.75621 15.347 3.931 1
486.62 506.64 39.329 39.887 2.499 1
436.72 475.44 58.625 66.293 3.2284 1
446.59 462.86 38.882 39.485 2.9146 1
479.17 467.93 45.023 43.68 2.7791 1
575.01 571.11 1.5301 16.491 2.6833 1
624.11 639.18 51.261 50.711 2.6351 1
542.99 556.03 16.522 31.035 2.8836 1
618.9 612.97 1.5076 12.925 2.6667 1
247.85 269.64 177.69 322.8 2.5319 1
536.63 525.25 11.526 10.489 4.4149 1
470.32 480.34 40.863 41.94 2.3521 1
610.53 558.95 43.956 38.173 4.1666 1
477.93 481.95 65.146 44.187 5.4322 1
639.17 617.79 55.73 54.712 3.6863 1
567.86 609 35.655 38.489 4.6445 1
547.78 535.31 26.713 12.932 2.8693 1
608.8 621.2 38.478 45.068 8.3827 1
509.13 487.87 42.078 42.118 1.2899 1
576.67 547.91 86.366 81.443 2.4973 1
556.59 577.87 79.332 82.906 3.2935 1
542.88 556.63 5.8758 6.0556 3.7006 1
528.02 551.66 48.485 43.014 2.8984 1
628.82 617.77 38.494 33.097 2.17 1
400.59 393.74 330.39 409.2 2.492 1
406.47 405.37 256.62 275.37 1.8304 1
619.42 610.85 52.49 45.993 2.5068 1
550.69 539.08 46.312 50.246 1.9862 1
402.25 401.15 306.66 327.85 1.8447 1
422.72 437.82 62.314 65.635 2.4416 1
528.97 545.56 23.627 26.954 1.9668 1
404.16 403.25 282.88 299.15 1.7351 1
554.05 542.82 12.137 11.643 5.2148 1
564.49 563.02 41.496 51.645 3.1908 1
635.44 619.17 23.713 21.333 3.1973 1
