468.86 450.05 115.2 275.19 5.1823 1
639 638.97 412.88 147.88 1.279 1
136.62 574.12 478.99 478.98 1.2617 1
211.23 183.1 230.21 87.583 4.6466 1
450.26 354.75 275.2 338.81 5.5055 1
585.53 576.48 3.9287 2.9587 4.5281 1
347.28 468.61 166.49 114.59 5.7519 1
37.869 48.299 24.137 29.559 3.9038 1
80.531 76.25 16.581 1.3786 3.3053 1
79.832 83.519 1.4226 14.299 2.7475 1
75.065 77.605 11.306 18.792 3.9528 1
71.626 74.984 1.1941 10.94 6.7633 1
86.523 82.955 16.347 1.6057 2.3525 1
28.501 32.791 7.6773 21.257 3.638 1
36.598 31.347 20.727 1.7018 4.7379 1
582.53 586.33 14.261 23.742 4.177 1
1.4994 10.424 20.086 21.252 3.7184 1
185.95 347.38 88.008 166.32 5.9006 1
11.353 2.2254 21.079 1.3473 4.6381 1
47.87 36.6 5.6674 5.4596 3.7955 1
27.347 25.442 20.636 7.6814 3.5283 1
184.09 291.96 86.485 57.871 4.2171 1
560.26 520.28 5.7272 2.9032 10.782 1
7.5415 16.57 6.847 20.411 3.4664 1
585.62 639.37 23.047 26.724 10.403 1
495.55 465.34 14.551 12.031 4.6709 1
342.33 217.45 335.72 238.08 7.5739 1
595.58 585.39 11.028 14.17 3.9518 1
570.4 558.82 7.5716 6.615 9.6575 1
572.79 583.01 12.926 12.167 7.7573 1
480.37 487.9 7.6138 7.4068 2.0458 1
349.29 341.22 339.35 333.42 8.4704 1
464.19 410.14 13.828 2.7891 4.2783 1
292.36 464.06 58.241 113.07 4.6211 1
362.63 346.37 347.14 339.5 7.9187 1
452.28 462.92 229.2 141.63 2.0997 1
416.6 464.18 1.7555 10.054 3.2215 1
140.02 108.67 25.94 41.996 4.3963 1
639.13 496.66 40.345 15.197 5.0743 1
76.667 4.0903 54.805 53.117 3.6332 1
395.45 349.23 171.8 193.11 2.2704 1
433.4 427.32 169.92 179.56 2.5463 1
416.66 432.97 169.4 167.44 2.7804 1
639.16 595.38 13.244 11.533 4.4593 1
141.43 194.03 14.32 4.8451 2.6369 1
351.48 394.26 188.8 169.43 2.3854 1
90.438 77.775 54.058 54.728 3.6128 1
138.68 140.6 1.501 13.897 3.2354 1
447.07 449.88 274.18 251.72 1.5507 1
416.41 435.61 145.66 141.44 3.6627 1
491.43 559.33 11.71 21.42 3.1801 1
449.61 448.72 286.53 305.36 5.5237 1
346.09 341.6 331.64 170.38 2.5275 1
407.7 424.32 260.54 257.86 3.2649 1
560.31 580.4 21.892 26.531 2.5286 1
74.127 85.039 18.711 51.736 3.5607 1
423.07 405.68 154.65 161.19 2.1551 1
520.58 500.3 4.1519 3.023 6.7266 1
639.1 601.61 33.112 29.243 2.1416 1
189.05 160.5 8.6824 13.617 2.0834 1
414.08 429.25 217.67 214.76 2.6907 1
346.6 346.69 214.13 264.12 1.2591 1
383.99 362.45 352.11 346.13 6.559 1
450.27 451.91 249.11 234.16 1.6499 1
104.46 91.065 44.639 53.255 3.2355 1
388.75 406.17 159.72 149.59 3.0646 1
344.16 344.96 170.37 185.4 1.7165 1
499.17 482.85 2.94 2.3694 2.8916 1
348.06 348.73 306.62 325.39 1.6474 1
597.86 607.97 2.964 4.8883 2.4559 1
