638.98 638.98 414.12 149.12 1.2505 1
593.22 512.77 125.66 304.77 5.1891 1
139.12 575.37 479.01 478.97 1.2813 1
210.99 207.86 165.42 116.71 4.6265 1
214.89 211.72 211.66 170.46 4.7958 1
205.33 201.81 115.36 127.93 3.9482 1
207.9 207.88 172.87 190.38 3.7632 1
202.17 206.96 128.69 140.24 3.7463 1
208.14 198.25 79.708 94.38 4.5495 1
198.29 205.08 95.175 109.27 4.9238 1
211.94 212 217.88 237.88 3.7461 1
197.08 203.22 126.82 112.49 4.7612 1
193.8 203.32 95.188 78.663 5.6164 1
201.73 209.87 181.67 164.48 5.4709 1
205.04 213.45 231.48 211.34 4.9929 1
208.93 202.41 199.2 182.57 5.7741 1
204.37 197.22 143.31 126.74 6.2605 1
202.21 194.05 112.6 96.661 5.0989 1
223.52 215.71 322.83 217.94 4.5884 1
208.58 208.62 109.12 82.872 3.7759 1
208.69 208.85 75.373 37.879 2.6536 1
212.86 591.64 130.42 125.32 5.0892 1
509.78 594.62 42.235 124.9 5.7198 1
208.32 208.48 236.63 227.86 3.8191 1
210.34 509.13 37.59 42.375 5.6577 1
216.31 208.88 249.85 236.76 4.2018 1
434.33 211.61 312.1 327.66 11.31 1
503.67 435.06 307.29 311.87 12.225 1
513.07 554.08 296.71 205.36 1.8149 1
506.65 501.57 312.48 327.43 5.8944 1
215.27 215.57 171.63 190.39 1.25 1
226.42 227.8 215.38 245.38 1.8814 1
220.87 223.7 139.09 179.16 2.3181 1
567.83 576.65 174.11 155.38 1.3978 1
224.33 225.35 184.12 206.63 1.9841 1
555.14 567.66 202.77 175.28 1.6556 1
222.88 221.85 206.62 185.36 1.855 1
224.97 223.97 240.39 219.13 1.6615 1
229.13 229.13 250.38 272.88 1.25 1
219.31 218.49 155.36 141.59 1.5457 1
211.63 211.63 85.375 107.88 1.25 1
226.62 226.62 271.63 251.63 1.25 1
