466.44 443.49 151.42 310.46 5.3552 1
638.98 638.98 411.63 146.63 1.2508 1
594.64 583.66 37.626 43.218 5.0654 1
135.37 574.12 478.99 478.98 1.2571 1
337.7 464.81 198.65 150.95 4.6974 1
206.89 185.16 251.58 107.72 4.6343 1
443.65 340.37 310.84 372.87 4.7074 1
599.35 594.13 39.739 39.119 5.4068 1
621.06 609.66 0.54999 33.063 7.0294 1
188.47 337.32 110.23 197.95 4.3848 1
219 222.18 1.2529 21.538 5.594 1
448.79 602.68 8.6812 34.046 6.6829 1
639.17 614.13 24.815 25.428 5.0291 1
229.47 226.07 1.3811 13.976 3.2947 1
228.6 233.41 15.621 1.3832 3.1975 1
316.59 208.92 356.85 256.84 8.8547 1
224.02 339.15 20.711 6.8624 3.5477 1
141.44 154 19.71 16.191 4.4778 1
584.15 446.4 42.733 18.32 11.03 1
185.78 296.85 108.45 83.912 4.4733 1
139.21 129.75 5.5368 10.425 3.981 1
214.38 212.65 24.106 1.4513 5.6516 1
124.11 134.01 26.585 23.721 4.2973 1
514.69 511.15 1.2179 18.039 4.4405 1
507.35 509.93 15.506 1.3163 4.471 1
330.31 226.49 4.8218 16.725 3.8443 1
610.3 600.33 47.595 50.184 3.6299 1
93.611 97.098 21.236 39.032 5.6778 1
20.378 32.849 34.279 34.036 3.8467 1
597.16 639.6 58.752 64.213 9.6357 1
108.41 123.13 33.778 27.185 5.1108 1
100.11 97.102 31.422 16.784 3.2039 1
467.87 502.87 39.532 39.655 3.8158 1
297.33 462.88 84.263 149.1 5.3154 1
605.36 614.74 30.763 1.0298 5.3937 1
224.32 224.52 11.629 1.5827 3.7492 1
72.758 61.491 19.144 20.211 4.2047 1
505.53 485.36 45.212 42.982 4.4201 1
1.4161 6.7973 32.434 31.769 4.3348 1
57.019 54.421 31.743 12.834 4.2728 1
100.4 103.04 16.62 29.35 2.9119 1
51.441 53.188 22.727 35.332 3.3712 1
639.19 533.29 76.334 51.145 4.2592 1
31.885 26.896 30.622 10.619 4.5489 1
532.81 505.56 51.989 46.887 3.4607 1
639.22 602.93 69.775 63.811 2.4669 1
345.46 317.05 381.53 357.17 8.0002 1
446.12 459.59 271.55 177.94 2.1272 1
48.421 47.837 31.666 21.627 2.2338 1
407.72 340.27 197.5 225.12 2.2902 1
411.63 394.03 217.89 222.52 2.5469 1
156.09 155.23 12.916 1.6356 3.7393 1
413.47 394.25 303.98 314.36 2.5539 1
445.58 407.93 7.7757 14.444 2.8205 1
484.18 466.62 43.628 41.633 2.6252 1
161.41 130.25 42.341 55.068 4.1069 1
395.29 410.46 198.82 194.42 1.5846 1
402.63 445.24 12.842 4.649 2.6443 1
342.67 380.45 221.13 205.56 2.4488 1
407.74 391.59 193.38 196.42 2.2996 1
428.73 423.89 203.87 211.48 2.4945 1
639.19 610.46 50.871 48.21 3.6421 1
332.34 332.31 365.38 202.87 1.2853 1
466.14 423.77 42.14 30.401 3.9622 1
423.55 417.82 251.31 261.59 2.9022 1
410.39 426.69 204.27 202.15 3.2839 1
444.11 445.83 287.87 274.18 1.396 1
408.91 425.49 180.59 177.2 3.4498 1
433.87 420.47 169.65 174.4 1.9386 1
404.11 421.7 252.81 249.55 3.1401 1
529.07 549.13 48.212 51.605 2.2746 1
420.33 404.31 21.888 19.263 2.8927 1
441.11 443.38 307.97 290.44 1.5159 1
363.09 345.37 384.67 379.14 6.5606 1
505.51 527.88 43.464 47.87 2.4906 1
332.95 264.28 198.99 158.86 2.0877 1
612.89 639.16 67.799 72.661 1.9114 1
550.43 595.47 51.403 62.468 2.9395 1
334.8 334.78 225.37 264.13 1.2753 1
427.63 466.38 27.481 38.733 3.3313 1
113.05 90.164 66.393 70.425 5.0708 1
334.58 334.76 202.87 216.63 1.4138 1
335.07 335.06 266.62 305.37 1.2563 1
162.84 180.5 31.369 28.665 2.282 1
460.55 461.73 171.65 161.64 1.8271 1
74.188 24.139 68.027 65.138 3.5277 1
442.05 441.9 327.85 339.13 5.0634 1
130.26 113.19 56.389 64.76 2.904 1
212.81 162.9 27.396 34.328 2.442 1
159.16 159.07 15.375 31.632 3.8217 1
607.88 620.36 39.095 41.685 2.4478 1
22.893 2.8735 64.835 64.171 2.7473 1
89.197 75.376 68.347 67.858 4.7312 1
