638.97 638.98 412.87 147.87 1.2525 1
136.62 574.12 479 478.97 1.28 1
288.81 550.76 152.99 80.505 5.4399 1
183.12 434.08 60.704 21.363 4.6791 1
488.91 330.82 246.19 323.78 9.8228 1
553.02 487.71 80.195 244.81 6.9012 1
197.02 186.34 246.86 91.473 6.2184 1
186.02 184.06 85.518 60.186 5.5637 1
274.44 197.51 346.38 246.91 4.2584 1
252.67 222.34 139.66 128.01 2.615 1
253.07 232.95 171.08 163.91 2.0163 1
213.51 209.45 119.55 101.55 4.0542 1
283.68 270.18 345.6 351.53 8.9618 1
270.77 288.98 136.16 151.8 3.6721 1
433.67 548.66 21.329 76.347 3.9222 1
251.65 232.76 227.81 220.69 2.4917 1
213.5 211.68 146.95 136.4 3.6492 1
330.02 282.02 323.42 347.41 11.741 1
216.36 212.8 207.92 186.64 3.7028 1
218.17 214.5 256.79 235.31 3.7299 1
211.26 223.99 99.94 105.67 3.9326 1
214.8 227.64 186.72 192.17 3.6259 1
249.96 225.93 276.22 264.28 2.8365 1
213.57 231.85 131.92 138.49 3.6209 1
298.46 284.71 157.82 331.57 2.9137 1
230.45 214.67 143.95 136.7 3.6837 1
217.98 221.46 242.84 254.17 2.4839 1
221.1 238.38 208.58 221.38 3.053 1
216.1 220.9 194.31 207.68 2.3904 1
293.81 295.15 180.35 161.61 2.1349 1
205.63 189.1 110.11 94.149 2.1397 1
230.8 216.68 221.24 207.89 4.2928 1
222.78 232.47 154.26 160.96 2.4493 1
213.96 224.54 113.02 125.01 2.43 1
233.15 219.11 201.16 192.9 2.9189 1
244.92 263.07 114.58 132.68 7.0827 1
220.76 214.26 157.62 147.78 2.796 1
178.4 197.96 269.58 251.61 7.9103 1
218.44 244.47 93.178 114.7 6.4831 1
225.3 245.24 125.54 134.42 2.5416 1
287.56 255.09 161.98 133.19 2.683 1
228.79 221.13 162.87 157.3 3.5823 1
190.51 205.46 91.481 105.28 2.5434 1
286.1 246.76 185.93 148.98 2.9246 1
242.94 284.24 141.55 180.25 2.564 1
289.47 293.55 240.4 185.33 2.3565 1
222.42 214.82 128.43 119.77 3.0492 1
249.45 229.39 127.52 108.84 2.2717 1
229.5 221.71 245.98 241.48 2.4981 1
268.53 286.64 141.01 157.86 2.1717 1
225.67 219.88 263.91 255.73 2.3377 1
404.33 386.77 124.86 129.64 1.8678 1
285.81 288.67 285.31 247.84 2.0269 1
379.28 365.41 132.3 135.52 2.464 1
282.58 285.46 230.36 186.55 2.4429 1
365.11 345.38 136.53 140.42 2.4355 1
222.12 233.63 254.86 265.89 1.9883 1
204.45 236.95 206.36 245.11 2.1009 1
286.1 286.57 180.36 165.37 1.5236 1
222.98 196.68 232.79 201.58 2.1162 1
219.09 202.69 100.42 85.582 1.7189 1
253.38 265.49 212.32 225.27 1.7066 1
215.36 239.01 171.64 196.73 1.6097 1
271.51 262.75 353.25 354.44 4.2206 1
216.4 194.13 176.83 152.87 1.25 1
193.93 202.87 148.05 157.88 1.6821 1
