307.27 356.35 19.301 30.347 4.2665 1
252.88 307.06 5.3503 17.109 4.0442 1
295.19 255.52 17.533 9.6344 3.4393 1
360.55 302.52 34.562 22.041 4.4065 1
356.64 391.41 30.339 41.086 3.5608 1
401.77 427.98 42.93 40.079 3.4577 1
638.98 639 411.62 149.12 1.2658 1
137.87 574.12 479.03 478.97 1.3048 1
430.31 405.46 42.54 47.067 3.8033 1
256.35 244.3 9.5308 1.3725 3.7748 1
497.37 461.89 87.494 250.7 5.8943 1
437.77 455.98 27.631 20.076 3.6354 1
439.74 429.79 33.576 42.375 4.0732 1
306.79 496.89 231.84 86.968 5.5401 1
388.24 361.09 45.725 34.846 4.6454 1
455.22 440.31 23.776 30.215 3.286 1
543.82 542.12 10.495 23.871 3.4252 1
159.6 367.13 151.33 47.636 4.5098 1
486.09 482.61 1.352 24.085 6.0892 1
198.74 159.96 316.12 152.38 5.7294 1
629.34 637.97 43.74 48.657 4.7869 1
431.41 399.84 58.626 49.772 3.846 1
457.55 461.65 21.56 1.1281 8.3367 1
396.41 420.14 32.806 28.917 3.7209 1
635.31 611.6 55.653 54.608 7.9331 1
460.38 476.65 31.534 32.079 2.3315 1
313.6 198.22 400.63 316.16 6.7898 1
117.99 30.367 2.4878 14.063 4.327 1
302.22 293.77 21.732 17.307 3.9021 1
410.37 398.64 32.873 36.145 3.4728 1
406.68 459.07 48.915 61.831 3.1106 1
399.8 388.79 49.021 43.547 5.584 1
471.42 431.84 67.506 58.21 3.0139 1
512.68 529.84 6.7905 27.28 3.0544 1
1.6381 106.64 12.998 1.8001 3.7463 1
462.24 313.23 247.14 404.46 7.1643 1
560.34 540.3 36.924 34.802 3.0709 1
482.95 457.99 25.992 25.003 9.0895 1
613.89 619.33 46.534 47.07 5.0984 1
495.09 441.79 85.113 69.816 4.0956 1
541.5 609.19 31.347 39.88 4.6267 1
420.35 434.2 29.316 31.021 2.7867 1
594.11 610.42 49.884 49.421 2.9594 1
367.52 426.41 47.852 64.869 3.388 1
612.82 601.61 53.783 53.164 3.6047 1
431.65 411.59 33.319 32.573 3.0556 1
521.87 505.79 22.435 2.5375 3.1824 1
611.77 628.79 37.496 43.79 3.34 1
547.86 544.86 1.2532 11.473 3.2456 1
451.56 440.21 36.985 35.088 2.6751 1
601.58 590.52 36.717 31.335 2.8254 1
29.163 1.5718 13.237 16.115 3.2646 1
594.22 578.37 54.016 39.82 4.267 1
580.71 593.03 37.514 48.961 3.2098 1
600.45 591.34 53.81 51.511 2.7298 1
577.87 554.22 39.134 36.852 3.3725 1
592.93 602.5 29.017 33.657 2.2836 1
525.52 552.9 74.668 80.272 2.6999 1
528.17 509.19 38.906 44.364 2.9288 1
450.74 453.51 57.743 39.034 9.3407 1
562.68 518.01 118.57 106.14 2.5446 1
550.37 515.31 82.882 75.668 2.484 1
499.35 525.49 42.684 37.189 2.6414 1
164.08 305.84 154.2 229.5 4.0694 1
520.29 561.73 103.18 114.99 2.7469 1
495.65 520.65 16.517 21.515 2.6975 1
522.86 534.14 1.9713 2.5447 1.6925 1
622.31 639.19 132.52 105.42 3.1826 1
639.52 628.76 115.59 135.17 3.286 1
628.08 565.33 137.15 119.29 2.7467 1
589.14 620.44 122.82 131.38 2.0879 1
507.88 490.38 44.125 44.125 1.25 1
489.15 474.12 68.759 67.903 1.7457 1
537.77 535.21 35.356 50.13 3.5284 1
631.64 590.2 26.542 20.27 3.3336 1
