191.53 149.47 292.59 118.74 4.8804 1
136.62 575.37 478.99 478.98 1.2612 1
638.98 638.98 411.63 147.88 1.2507 1
487.73 457.05 127.63 305.02 5.5193 1
477.93 484.52 94.22 100.09 4.1562 1
467.98 477.88 60.706 95.012 4.2963 1
479.4 487.78 102.36 127.08 4.3726 1
202.97 191.7 293.82 290.13 8.3161 1
201.61 466.62 56.509 60.508 4.5984 1
150.31 482.9 118.75 128.38 5.8492 1
520.41 425.53 11.348 0.31732 3.4643 1
465.28 552.85 2.8568 9.5131 3.9581 1
552.88 527.87 10.767 10.904 1.3797 1
554.17 639.26 7.2866 13.52 4.0414 1
595.35 552.89 12.397 11.163 3.0947 1
476.51 200.56 310.01 295.54 10.57 1
639.45 601.64 18.085 12.753 3.7607 1
600.39 591.6 13.206 13.682 2.699 1
183.86 201.51 76.387 56.379 3.4185 1
172.61 193.05 200.44 285.63 2.0414 1
154.06 172 124.14 197.78 1.9644 1
474.95 466.25 95.498 65.484 1.3923 1
431.63 374.13 62.875 62.875 1.25 1
