638.97 638.99 412.87 146.62 1.2638 1
381.28 379.67 1.5805 59.105 3.9578 1
517.36 480.75 182.51 358.94 4.8296 1
259.11 227.82 13.178 11.355 5.7304 1
521.47 517.59 161.35 181.33 4.194 1
602.39 610.2 29.341 1.576 3.8369 1
135.37 574.12 478.99 478.98 1.2582 1
211.88 212.78 46.545 35.367 2.7922 1
254.01 253.64 47.878 34.105 2.8677 1
199.26 198.03 44.198 25.447 2.8379 1
215.05 215.11 36.621 47.87 2.5466 1
250.01 250.51 37.899 45.366 3.7417 1
88.309 86.855 46.758 37.837 2.6686 1
256.9 257.26 32.868 47.89 1.5539 1
221.08 221.05 36.626 51.628 3.7401 1
218.47 218.72 47.866 29.12 1.4871 1
250.21 248.91 44.164 80.322 3.7476 1
178.63 180.96 28.987 41.747 3.1335 1
411.08 383.41 1.3298 52.488 3.0843 1
480.2 320.77 360.81 395.91 7.5107 1
259.23 260.48 52.881 31.558 2.7895 1
90.322 91.405 37.882 46.652 2.7874 1
94.826 93.13 46.717 36.582 2.8783 1
170.05 172.06 24.019 41.575 3.1967 1
174.88 173.96 40.328 25.308 2.9559 1
269.3 267.61 47.846 37.71 2.2592 1
505.19 500.71 1.5032 54.154 3.6834 1
249.73 243.84 241.7 82.886 4.2069 1
200.2 203.69 34.174 46.391 2.5763 1
125.93 124.13 42.942 24.245 3.3732 1
96.485 98.253 37.654 46.55 2.7028 1
387.27 414.83 51.978 1.3279 3.3387 1
173.03 187.97 42.791 44.508 3.0122 1
48.041 51.476 36.578 48.816 3.8003 1
110.14 108.09 26.735 45.535 3.8911 1
371.85 375.88 59.228 1.4858 9.1115 1
82.857 85.23 35.142 47.666 2.9864 1
81.865 79.143 48.096 35.644 3.5101 1
477.18 497.32 1.4035 51.846 3.2488 1
119.84 122.82 24.014 43.079 3.3181 1
102.17 99.273 46.789 34.382 4.2204 1
120.47 115.25 42.845 27.081 4.3456 1
127.75 130.04 25.23 42.919 3.4411 1
375.32 523.8 78 148.56 4.7963 1
500.05 480.86 50.012 1.4341 3.302 1
154.99 154.5 41.646 32.854 1.9412 1
162.65 163.68 27.964 1.6564 5.1429 1
383.32 384.96 51.64 1.5705 3.2163 1
98.085 82.989 32.362 33.955 4.579 1
150.68 151.78 30.345 41.609 2.853 1
249.04 261.55 16.944 15.791 3.2925 1
120.3 137.75 45.927 44.163 3.1024 1
597.48 602.15 44.351 26.764 6.0407 1
261.17 273.75 14.708 6.0722 4.0603 1
57.765 66.559 52.381 51.829 3.6643 1
496.62 387.87 53.603 53.705 1.351 1
6.3055 25.531 41.944 45.859 3.4252 1
322.9 520.36 164.5 148.99 5.4996 1
606.39 598.95 1.0115 19.051 6.6745 1
227.8 248.99 14.95 16.839 3.6242 1
13.24 16.373 25.293 39.182 3.2639 1
639.78 627.85 24.328 62.867 3.013 1
41.503 30.249 38.429 35.946 2.98 1
30.406 41.761 40.183 42.047 2.8906 1
54.727 51.916 48.018 35.311 2.3116 1
209.66 219.4 4.4201 9.8797 4.1458 1
313.48 313.08 40.404 31.559 2.0413 1
611.54 639.22 5.8926 7.2058 5.7053 1
626.38 639.36 65.476 67.845 5.592 1
3.7528 8.2522 23.889 40.61 3.0637 1
321.83 323.38 264.1 201.61 2.4992 1
506.66 586.61 44.238 42.351 4.9101 1
25.759 21.389 43.089 25.433 4.8536 1
381.62 501.62 57.444 56.565 3.3105 1
55.885 58.064 39.285 49.355 2.7078 1
303.23 256.97 369.67 263.82 5.15 1
587.25 598.34 42.709 1.083 5.2284 1
317.52 321.61 392.9 264.12 3.7481 1
257 252.71 263.42 253.49 4.9295 1
316 303.25 396.32 370.16 5.8149 1
323.72 323.49 194.13 165.36 2.5098 1
639.98 623.66 80.061 76.635 8.8811 1
320.73 319.67 199.13 261.63 1.7146 1
316.04 316.38 301.63 272.87 1.5783 1
59.517 43.467 69.591 40.053 2.7685 1
324.59 317.74 399.8 394.3 4.8897 1
317.37 319.42 252.89 170.38 2.7166 1
316.22 316.9 272.91 254.09 2.7679 1
110.43 126.73 75.762 73.649 2.525 1
167.42 166.03 64.156 44.08 2.3221 1
318.83 317.56 269.12 322.87 1.8663 1
523.77 530.85 41.782 1.4894 2.53 1
328.07 314.39 408.01 397.52 7.7705 1
226.4 170.21 79.258 70.171 3.3397 1
533.67 526.45 1.5431 41.594 2.5817 1
313.15 315.87 384.13 302.85 3.1168 1
590.25 568.01 77.208 72.279 2.8433 1
38.941 48.703 0.9587 16.576 4.1081 1
27.907 44.378 0.97338 33.382 4.4757 1
316.69 316.46 330.38 377.87 1.3407 1
570.28 622.87 67.815 64.001 2.4935 1
313.69 275.08 68.303 76.489 4.632 1
595.72 593.93 28.948 38.082 2.7898 1
625.37 606.63 50.439 50.014 4.8852 1
46.761 32.819 27.217 0.99028 4.7636 1
434.68 419.65 330.49 336.65 2.6784 1
316.62 362.88 59.983 59.427 2.4397 1
441.73 421.65 275.85 280.46 2.2552 1
262.78 322.98 101.72 162.77 3.0156 1
86.623 52.881 83.836 84.025 3.8756 1
315.41 314.22 42.877 60.466 3.1505 1
510.43 506.17 1.6303 42.957 3.5108 1
469.62 478.45 364.79 372.19 8.3119 1
502.04 514.26 240.46 182.9 1.7746 1
490.64 501.06 296.68 245.51 1.8349 1
48.173 43.215 8.9284 1.4012 2.4439 1
112.95 95.264 78.459 80.781 2.5413 1
606.95 599.7 50.292 43.771 3.4998 1
630.03 593.37 97.64 85.073 4.223 1
495.34 325.44 183.77 199.78 2.9765 1
264.11 374.13 81.019 78.1 3.3945 1
639.41 630.54 99.116 97.13 2.7127 1
481.52 489.1 340.35 302.87 1.7479 1
621.64 576.64 68.277 69.676 2.7706 1
385.76 407.78 41.836 1.5729 1.9021 1
597.43 638.93 83.049 96 3.2754 1
246.99 246.99 19.125 34.125 3.7517 1
437.87 459.13 203.07 204.08 3.5676 1
242.87 226.57 81.654 79.554 5.7575 1
315.55 314.65 11.54 22.917 5.9369 1
493.93 474.06 51.703 1.6501 2.3415 1
514.17 431.7 158.45 165.05 2.5907 1
461.53 441.45 173.73 178.37 3.1876 1
631.08 639.36 61.847 35.448 1.7265 1
252.65 252.21 74.13 54.112 1.668 1
364.13 316.62 61.92 62.747 2.4126 1
424.07 399.1 180.9 178.1 2.3455 1
401.63 419.13 217.88 217.88 1.25 1
451.08 442.25 269.59 275.72 2.8496 1
594.06 567.83 48.052 49.692 4.9122 1
94.283 86.581 81.438 82.58 4.4428 1
326.57 430.4 196.01 186.89 2.6548 1
432.89 450.3 266.36 267.63 3.2851 1
446.61 490.41 185.22 180.72 2.2316 1
400.37 420.35 181.74 183.19 1.6997 1
337.12 327.47 411.5 408.03 5.551 1
409.1 389.11 339.51 338.04 1.43 1
414.11 385.35 281.81 279.37 1.9623 1
444.15 466.6 169.79 170.83 3.6877 1
427.84 439.13 322.17 322.84 2.7932 1
30.343 17.521 64.175 55.926 4.2049 1
424.11 406.59 215.87 215.37 2.4285 1
28.028 1.6022 75.875 70.487 2.6754 1
249.12 249.12 139.13 161.63 1.25 1
476.63 494.15 158.05 157.17 1.5634 1
