265.33 314.03 28.137 35.94 3.7094 1
266.72 240.92 342.65 186.33 4.5978 1
290.43 257.47 36.398 28.29 4.5959 1
314.07 291.64 39.436 35.292 3.5009 1
638.98 638.99 411.62 149.12 1.2621 1
139.12 574.12 479.01 478.98 1.2761 1
314.97 388.17 37.556 51.295 4.374 1
256.8 233.28 21.171 11.856 4.2123 1
383.21 315.34 53.387 41.839 4.724 1
236.51 254.59 9.3978 16.725 3.6638 1
11.566 1.4302 4.6475 5.4674 5.1853 1
254.67 265.3 17.413 26.869 3.4271 1
1.2948 61.471 16.599 1.0287 4.5866 1
241.2 413.97 184.74 70.134 4.7959 1
405.75 383.59 61.734 54.515 4.7004 1
261.35 255.45 27.01 22.765 2.7591 1
394.68 266.57 419.44 342.96 7.3006 1
192.86 237.86 9.5762 9.3239 3.9462 1
546.45 514.67 124.08 251.45 4.5746 1
444.12 551.61 216.62 102.86 5.8584 1
231.63 200.36 11.978 12.219 3.9138 1
388.94 407.87 52.447 56.627 3.3923 1
140.81 75.375 28.454 44.123 4.0058 1
94.329 149.26 37.361 22.122 3.6056 1
542.85 543.5 12.946 1.6611 5.2804 1
498.76 495.72 10.324 32.024 5.6677 1
414.3 445.51 57.965 53.893 4.7428 1
1.4038 93.107 52.872 36.689 3.6207 1
198.94 141.24 12.125 26.291 4.0715 1
444.12 422.87 57.825 61.572 3.9101 1
148.69 191.67 21.09 10.551 3.4841 1
465 463.48 1.1362 10.053 4.9292 1
424.42 410.99 67.198 61.443 4.4316 1
242.54 408.6 186.14 257.85 3.7622 1
470.03 477.81 35.008 1.038 10.181 1
76.429 1.3418 0.87838 20.543 4.6643 1
627.85 639.67 51.386 49.974 11.763 1
516.6 399.09 251.61 417.85 6.4047 1
552.73 546.26 103.67 123.6 4.7556 1
475.38 425.25 76.602 67.294 3.2306 1
76.78 1.3586 42.463 56.437 3.5532 1
553.01 552.5 20.381 31.608 3.8033 1
495.27 471.51 36.928 38.059 9.0375 1
528.38 541.54 22.413 36.706 2.7587 1
500.21 498.04 1.2521 9.4974 4.2639 1
422.97 464.2 63.618 71.227 3.1023 1
452.1 468.76 39.983 32.102 4.3979 1
533.42 516.86 32.259 13.911 2.6934 1
422.87 452.87 44.325 44.38 3.7956 1
509.78 510.78 1.4184 10.602 5.5089 1
549.07 455.11 100.62 79.012 4.7878 1
452.86 441.43 50.348 58.169 4.2368 1
639.21 605.32 59.554 58.705 7.6542 1
410.45 421.92 49.313 44.891 3.4138 1
435.45 418.99 47.169 49.411 3.3206 1
474.09 489.16 43.807 44.423 1.8729 1
461.89 455.42 13.765 9.0608 5.5139 1
581.9 604.17 41.266 45.106 6.7964 1
606.31 589.6 57.813 45.956 3.2224 1
445.39 435.34 47.385 47.59 2.6271 1
607.94 623.03 54.706 53.099 3.8613 1
245.1 264.13 191.67 309.12 2.2538 1
466.64 457.71 50.276 48.983 2.8327 1
552.85 581.65 39.879 40.935 3.8391 1
544.3 544.89 26.635 16.596 3.0418 1
570.15 542.89 45.602 41.504 3.6437 1
464.55 467.86 69.195 49.122 6.5598 1
534.01 525.26 1.4221 6.4256 4.4964 1
605.34 632.59 35.489 44.946 3.0848 1
408.55 396.33 262.83 415.45 3.0396 1
540.41 562.82 82.635 85.787 2.4756 1
560.47 554.22 1.6554 21.257 3.5728 1
527.85 539.24 10.605 11.685 3.6152 1
410.47 443.48 254.21 217.16 2.6982 1
589.21 570.41 47.103 45.049 2.1317 1
507.95 531.85 27.443 31.543 2.9585 1
557.9 536.66 88.967 85.197 2.3227 1
538.06 523.96 17.237 15.857 4.5844 1
619.17 600.33 28.859 25.67 3.5078 1
