199.45 163.27 257.52 98.749 4.6888 1
135.37 574.12 478.99 478.98 1.2514 1
474.32 476.66 129.09 141.62 5.4532 1
391.53 198.42 309.49 260.67 9.3753 1
472.23 468.79 149.07 192.85 5.963 1
165 449.03 98.225 136.08 5.214 1
477.81 480.15 101.63 117.73 5.6672 1
638.98 638.99 412.87 149.12 1.261 1
477.78 471.78 141.56 150.11 4.0949 1
462.92 464.14 215.37 237.94 5.3971 1
324.14 482.71 59.003 73.463 4.6161 1
467.11 463.39 189.39 178.52 3.4868 1
469.87 459.53 193.28 205.71 5.1182 1
416.64 391.63 1.8525 1.5222 1.3159 1
475.4 392.87 9.8144 5.4008 3.3843 1
463.38 454.23 235.66 252.24 4.3773 1
482.4 480.33 75.12 89.119 7.2368 1
370.38 356.62 1.7846 1.9055 1.3268 1
461.6 458.64 236.39 221.23 3.7084 1
522.68 560.35 7.6313 2.6881 7.2343 1
480.72 479.74 89.266 100.43 3.4766 1
421.61 452.87 5.1359 5.4726 1.2903 1
492.86 417.86 4.5477 2.1019 3.8295 1
639.24 473.13 33.336 9.794 3.8006 1
451.03 439.89 134.06 241.7 5.6138 1
504.02 519.12 2.6958 1.5549 2.4929 1
454.22 639.19 4.701 29.893 3.9468 1
389.17 374.11 3.8556 3.455 3.8817 1
199.91 206.42 277.18 261.04 6.0792 1
515.8 491.98 7.2825 4.0115 6.532 1
466.46 464.34 200.16 214.34 4.0785 1
448.82 458.34 223.5 218.82 2.2049 1
416.97 391.98 315.3 308.86 7.3765 1
444.84 414.68 320.27 313.46 8.4167 1
446.63 491.63 1.625 1.625 1.25 1
392.86 425.33 3.087 4.9589 1.8482 1
460.64 470.55 153.22 145.6 2.515 1
562.86 522.88 7.6891 11.717 4.3482 1
435.28 433.13 298.03 313.99 7.6685 1
438.71 436.67 252.71 273.01 4.1058 1
440.1 438.57 242.63 251.94 4.1279 1
436.49 435.41 275.23 285.51 4.6448 1
435.65 434.72 286.49 292.96 7.4241 1
168.06 194.27 105.33 220.34 1.8997 1
476.21 467.14 85.809 103.15 2.4672 1
194.87 201.93 222.99 254.05 1.8305 1
341.67 168.95 125 102.97 3.3848 1
469.61 457.74 151.01 160.2 4.0483 1
166.79 241.57 95.656 51.53 3.3703 1
458.27 452.11 205.27 209.15 3.6481 1
454.85 440.09 253.13 294.83 4.0066 1
242.94 304.19 50.993 57.241 2.8426 1
434.89 439.59 197.83 142.91 2.3845 1
460.44 444.44 315.77 318.5 5.9803 1
433.01 434.33 217.89 204.14 1.723 1
