638.98 639 411.62 149.12 1.2718 1
140.37 572.87 479.04 478.96 1.3103 1
380.46 561.78 219.23 79.321 4.6988 1
485.97 469.78 27.121 41.133 3.9078 1
469.84 488.45 37.372 19.668 3.8455 1
499.28 485.65 19.447 25.951 2.9487 1
225.7 422.64 142.27 42.421 4.4568 1
521.69 373.68 234.13 388.7 6.4002 1
488.43 501.29 19.975 14.575 3.8267 1
531.69 525.86 2.049 20.128 8.6726 1
256.87 229.88 302.41 141.92 10.658 1
433.2 449.93 35.314 23.499 3.7258 1
501.86 507.33 14.992 0.47723 11.121 1
559.87 516.83 79.217 237.36 9.4353 1
463.06 470.6 35.558 34.572 3.5562 1
470.71 445.47 39.55 44.597 3.9225 1
372.11 255.11 385.48 301.02 9.7107 1
592.34 582.69 14.109 27.742 6.4199 1
445.24 464.13 38.257 35.419 6.738 1
335.5 295.33 14.756 6.8527 3.7989 1
144.11 1.4784 1.4879 19.194 3.8414 1
303 342.06 0.94072 7.928 4.5217 1
1.6 120.18 15.179 0.064439 3.9138 1
578.74 582.83 21.493 9.5386 7.0955 1
396.79 346.69 30.882 20.069 3.7355 1
360.48 411.61 14.887 25.471 4.3894 1
561.03 490.78 78.856 60.107 9.5725 1
521.63 502.87 19.536 19.56 11.268 1
494.47 498.43 51.238 29.225 7.4791 1
471.62 446.62 30.826 31.056 1.4684 1
342.52 360.27 9.0282 14.477 4.874 1
422.33 397.67 39.452 30.982 3.6537 1
595.82 590.25 1.1909 11.557 4.6508 1
349.44 336.06 20.891 15.061 3.9372 1
411.68 434.8 26.444 33.498 3.6469 1
451.54 467.88 24.038 22.95 2.4114 1
485.28 460.32 58.334 53.147 2.702 1
15.572 1.0627 1.0454 9.3982 5.5805 1
534.56 525.54 25.921 33.084 2.735 1
612.84 631.66 27.056 28.66 2.2005 1
269.37 296.51 162.38 175.52 6.2757 1
254.53 265.77 154.48 159.5 4.9266 1
