638.98 638.98 412.88 147.88 1.25 1
136.62 575.37 479 478.97 1.2787 1
592.36 511.55 128.33 307.28 4.7044 1
211.1 208.3 167.91 121.67 4.4585 1
205.48 200.74 119.16 133 4.3577 1
208.55 205.84 175.27 190.23 3.6898 1
209.4 198.16 82.184 98.075 4.6299 1
214.77 211.71 214.17 172.96 4.4811 1
198.02 205.01 99.055 113.7 4.5648 1
212.24 210.06 220.3 239.09 4.4455 1
196.9 202.61 130.49 117.22 4.2721 1
200.54 210.13 185.46 167.15 4.9045 1
192.47 208.02 98.815 78.287 5.7978 1
203.36 202.68 192.74 184.04 4.6948 1
203.49 213.48 235.08 213.82 4.794 1
510.61 286.48 308.39 326.07 9.695 1
201.78 206.78 132.65 144.06 4.296 1
206.91 211.02 188.73 199.36 4.1349 1
222.7 215.35 326.64 220.46 4.6042 1
207.93 195.62 151.59 130.23 6.2415 1
212.89 203.08 207 192.74 5.0828 1
208.72 208.66 111.63 85.379 2.5548 1
202.61 193.9 117.43 101.08 5.7304 1
208.47 208.28 77.879 42.866 2.6795 1
209.09 507.87 41.873 45.967 5.8387 1
206.66 207.23 239.13 230.33 3.2787 1
212.88 590.41 134.62 128.62 5.1966 1
507.74 592.43 45.56 127.09 5.9348 1
211.49 214.87 237.11 246.8 2.831 1
216.48 207.31 254.71 239.47 4.9171 1
286.36 229.96 325.69 330.02 11.887 1
510.67 546.35 301.76 222.75 1.7314 1
505.65 500.06 315.15 330.26 6.7292 1
215.38 215.38 174.13 191.63 1.25 1
221.27 220.11 185.4 167.89 1.25 1
221.55 225.89 146.63 215.42 2.1704 1
212.85 213.92 151.63 164.14 1.8845 1
549.15 566.51 216.64 177.82 1.6513 1
567.63 579.02 175.26 150.33 1.4332 1
226.44 227.27 222.88 242.9 1.5596 1
211.63 211.63 89.125 111.63 1.25 1
221.72 211.71 332.07 330.88 3.8713 1
