638.98 638.98 411.62 147.87 1.2525 1
139.12 574.12 479.01 478.98 1.2789 1
126.58 166.7 9.3214 10.694 4.5696 1
175.59 115.36 15.837 11.928 5.8655 1
276.86 301.8 22.284 13.377 4.0364 1
91.268 125.31 3.2605 10.688 4.9522 1
305.15 286.7 13.73 24.258 4.1892 1
407.3 451.34 165.62 42.773 4.5083 1
569.66 558.76 13.563 3.2658 4.3422 1
114.22 82.861 13.892 1.6602 4.9716 1
198.92 288.5 168.73 59.64 4.6893 1
245.48 205.35 21.601 18.19 4.4276 1
558.46 543.47 3.3533 8.3947 6.7318 1
236.37 199.86 323.6 168.66 6.362 1
167.73 240.49 12.595 17.369 4.1476 1
241.43 265.43 18.27 21.128 3.635 1
267.81 280.41 21.163 19.349 3.543 1
204.21 175.27 18.886 17.138 4.162 1
388.96 383.37 335.78 367.96 8.2457 1
266.06 292.79 12.357 3.8621 4.1647 1
382.12 235.63 360.87 324.37 8.4623 1
300.36 271.37 6.5793 12.948 3.4229 1
541.87 586.78 24.79 19.098 4.6119 1
313.98 300.34 29.012 46.596 3.1843 1
375.51 321.61 35.072 30.527 5.7177 1
271.84 241.83 26.151 22.47 5.5716 1
574.09 566.64 16.192 16.821 3.9471 1
566.65 539.16 18.457 19.862 4.3554 1
396.09 386.33 202.74 335.26 5.3535 1
544.14 509.12 7.9533 7.6093 4.0077 1
448.13 431.07 65.408 196.72 4.3769 1
452.25 448.64 46.486 62.768 2.8428 1
310.23 275.11 31.674 27.769 4.2789 1
442.97 385.29 41.869 36.263 6.0998 1
385.59 375.09 34.374 35.853 7.9497 1
580.6 567.83 8.3613 10.028 5.5503 1
430.92 392.08 197.12 336.4 4.6427 1
477.92 455.36 2.8292 2.0668 4.1278 1
284.16 312.79 26.146 27.979 2.8144 1
204.06 394.96 169.52 202.76 4.8079 1
540.34 528.83 26.708 22.419 1.5291 1
504.41 506.48 65.391 27.936 3.5397 1
580.38 562.87 24.534 24.879 1.5448 1
382.82 367.97 1.4847 6.8986 2.3488 1
512.87 542.88 11.771 11.84 2.5522 1
344.15 325.42 1.8141 4.4195 2.2711 1
510.87 509.52 25.35 66.597 3.114 1
509.15 484.1 68.25 67.551 2.7776 1
482.89 465.38 66.392 66.198 2.4583 1
566.59 545.29 29.487 27.498 2.2568 1
