638.97 638.99 412.87 147.87 1.2598 1
137.87 574.12 479.01 478.97 1.2865 1
430.5 263.58 335.8 310.15 6.7682 1
261.18 265.09 306.66 101.69 7.1884 1
489.27 430.05 134.68 334.91 7.2259 1
267.72 486.56 103.98 134.57 4.4592 1
264.01 316.49 103.4 4.7167 6.2018 1
457.52 489.67 24.227 135.22 5.8515 1
317.82 456.58 4.5234 23.212 3.7416 1
372.85 353.89 178 173.98 2.5199 1
385.02 336.66 146.71 133.98 3.2485 1
411.59 269.11 158.14 136.7 2.9236 1
355.47 367.91 177.45 180.23 2.0377 1
407.88 374.15 178.19 179 3.6291 1
412.88 385.37 145.88 146.11 1.4618 1
481.74 371.67 143.31 127.53 2.6569 1
361.52 345.24 238.35 234.75 2.4413 1
343.12 358.24 138.31 142.91 2.8604 1
369.1 401.58 180.8 182.5 2.3651 1
397.92 362.89 237.51 239.41 3.3083 1
385.42 352.87 288.72 290.33 2.4969 1
386.62 410.37 148.41 148.48 1.316 1
261.18 262.88 326.71 310.64 7.8532 1
354.12 382.88 292.62 292.07 1.7476 1
370.28 276.64 127.24 112.81 2.2904 1
475.36 412.86 166.76 157.99 2.2804 1
345.44 357.84 237.6 240.52 1.8614 1
282.79 337.85 135.94 144.27 2.4719 1
426.02 424.31 336.58 359.33 8.1341 1
268.05 263.77 331.57 318.82 9.0907 1
344.19 367.88 126.13 129.12 2.0207 1
371.71 392.85 129.83 133.04 1.5333 1
266.62 266.62 201.63 250.38 1.25 1
340.28 362.78 144.69 148.43 2.0561 1
265.38 265.38 257.88 306.63 1.25 1
