638.99 638.99 411.62 149.12 1.2548 1
139.12 572.87 479.01 478.98 1.279 1
226.38 195.36 349.17 195.13 4.4164 1
399.56 381.16 192.78 346.72 4.7463 1
390.22 381.42 13.036 4.3355 4.4143 1
145.75 165.68 41.208 32.301 4.7118 1
394.39 383.81 16.361 19.199 3.9458 1
165.91 176.78 13.598 5.5845 3.5475 1
195.1 215.24 197.18 116.9 5.1717 1
169.35 149.52 33.257 44.799 3.9501 1
334.92 321.19 2.9634 5.5717 7.0734 1
360.27 384.13 19.998 22.813 2.6989 1
410.52 405.99 1.0241 9.3473 4.1854 1
321.78 309.16 4.852 5.8448 5.0826 1
382.92 362.75 19.95 17.762 3.6985 1
1.6257 130.37 41.878 41.532 5.1442 1
374.74 399.04 66.506 192.89 4.1064 1
379.15 227.86 349.97 351.87 8.6305 1
129.14 54.126 45.864 45.205 4.9778 1
165.96 165.81 25.384 14.102 3.834 1
406.64 390.64 9.1891 12.808 4.2092 1
408.01 395.24 15.143 16.858 3.3095 1
132.9 145.34 41.013 40.602 2.7049 1
361.63 235.38 44.022 44.073 5.0179 1
52.89 1.5922 46.98 46.147 4.8978 1
200.18 185.11 8.8628 10.84 8.513 1
185.39 203.02 16.694 13.735 2.2586 1
262.88 241.62 1.863 2.1262 1.482 1
197.87 396.64 195.92 194.43 4.4113 1
385.28 406.69 21.993 19.791 4.3697 1
136.64 163.69 27.938 21.158 3.6493 1
233.82 226.15 47.497 79.01 3.348 1
164.17 137.99 24.306 30.849 3.6375 1
308.93 288.22 8.3939 0.68937 2.9428 1
150.48 129.38 47.906 46.132 6.6471 1
203.58 203.57 1.6227 7.8743 3.7516 1
215.4 221.7 116.63 90.392 2.8199 1
152.88 194.12 45.079 45.462 1.3543 1
231.65 151.63 46.153 49.141 3.0379 1
379.95 368.99 61.762 27.518 3.3802 1
379.97 379.53 351.62 379.13 1.644 1
244.58 224.22 12.817 20.629 2.8628 1
407.88 437.88 21.625 21.625 1.25 1
372.89 384.78 26.619 61.824 2.8955 1
200.9 209.98 205.52 251.7 1.7716 1
215.42 242.9 44.413 40.533 2.3151 1
394.08 395.7 212.87 196.66 1.3685 1
522.88 475.38 29.381 29.805 1.5628 1
378.67 384.3 340.32 291.65 1.9091 1
425.38 401.63 24.125 24.125 1.25 1
470.41 434.12 28.392 26.767 1.7521 1
390.45 392.02 242.88 227.92 1.25 1
569.19 550.44 21.944 25.686 1.7151 1
482.88 510.37 27.937 27.732 1.2593 1
