245.79 246.52 221.65 179.12 4.2199 1
246.64 247.94 179.1 116.68 4.631 1
244.15 245.74 279.16 220.32 4.5596 1
638.98 638.98 412.88 147.88 1.2518 1
248.14 248.21 111.63 84.129 2.5701 1
136.62 575.37 479.01 478.97 1.2927 1
377.64 244.38 362 278.72 6.0978 1
249.61 435.15 84.586 167.13 5.3466 1
248.85 422.15 83.998 12.917 5.2177 1
560.15 496.44 59.789 219.81 4.4196 1
496.19 491.6 218.55 224.11 3.2321 1
387.47 372.34 356.43 368.44 9.9318 1
408.28 380.27 261.38 359.99 3.8578 1
422.36 560.01 13.221 57.763 4.3349 1
493.96 386.97 223.99 355.89 7.1533 1
431.82 426.67 176.68 194.5 3.6321 1
425.28 409 200.35 259.09 3.9476 1
325.38 350.36 150.37 157.93 4.3134 1
239.72 246.31 312.46 282.1 12.596 1
346.81 315.27 187.31 176.94 2.8126 1
357.95 323.83 155.07 146.58 3.6268 1
250.98 248.71 120.36 225.37 2.0392 1
347.84 317.45 248.01 239.38 3.9341 1
251.18 250.83 87.868 111.61 1.5974 1
325.41 346.53 184 190.67 2.8863 1
311.21 295.39 139.55 124.11 2.7677 1
248.66 247.04 231.61 276.6 1.9136 1
297.08 283.93 280.96 263.02 3.2255 1
435.9 431.04 181.77 198.96 2.5873 1
304.6 293.86 168.69 156.87 2.8589 1
429.46 352.87 174.62 140.39 2.2313 1
300.69 290.08 229.84 215.9 3.5466 1
331.63 310.01 295.35 287.64 2.6916 1
310.15 324.12 290.94 296.64 2.4143 1
316.47 334.01 242.07 248.2 2.1172 1
435.89 459.4 165.97 145.7 3.5259 1
413.06 319.25 193.72 150.11 2.1774 1
292.72 305.48 213.83 215.97 2.6725 1
316.72 254.16 148.93 119.06 2.4602 1
265.25 290.37 120.63 132.89 2.3301 1
639.22 607.67 20.217 1.9849 3.0293 1
298.91 309.2 123.75 126.33 3.0331 1
367.81 395.58 169.27 182.44 2.0255 1
297.7 309.22 156.21 158.67 3.1452 1
411.37 431.3 163.44 172.36 1.5667 1
539.07 553.79 76.55 64.951 2.6769 1
