136.62 574.12 478.99 478.98 1.2578 1
638.98 638.98 412.87 147.87 1.2527 1
201.74 160.69 346.32 161.28 5.2943 1
528.41 500.92 159.27 259.84 5.6747 1
536.73 528.61 129.71 158.98 7.2951 1
613.28 640.48 67.243 84.489 4.9197 1
463.37 538.33 57.407 129.95 4.3193 1
585.91 613.14 54.238 68.623 3.7519 1
491.85 203.24 310.79 350.51 10.109 1
171.72 462.87 76.812 57.724 5.5233 1
501.59 488.01 256.95 307.57 4.7087 1
160.82 171.71 162.61 76.794 6.2378 1
559.05 583.52 35.489 50.577 4.1673 1
640.02 611.42 90.352 70.142 6.4797 1
610.98 577.88 71.59 54.12 5.3441 1
536.69 559.29 25.01 37.582 4.0008 1
574.13 539.38 47.873 31.104 3.6129 1
531.91 510.93 7.0326 -0.020414 3.5849 1
524.69 540.82 0.60704 9.5695 3.2782 1
162.93 534.15 162.26 129.42 5.0574 1
535.65 534.98 26.733 12.834 3.6853 1
188.98 204 274.16 341.65 2.0348 1
178.91 184.33 227.92 252.83 1.7527 1
541.29 540.44 12.847 22.881 2.7025 1
497.78 491.49 304.01 310.24 3.8072 1
504.33 463.06 101.42 61.438 1.4869 1
