189.95 153.2 257.4 96.265 4.7469 1
135.37 575.37 478.99 478.98 1.2529 1
153.79 445.43 95.423 133.69 5.0586 1
459.9 464.26 171.75 187.84 4.3981 1
638.98 638.99 411.62 147.87 1.2582 1
454.26 456.78 215.67 225 3.8517 1
466.43 471.45 123.78 139.18 5.1143 1
469.89 474.9 99.321 111.81 4.4209 1
464.93 454.57 187.58 203.17 5.2158 1
461.21 457.1 188.01 175.22 2.8065 1
456.83 449.64 233 244.93 3.8574 1
153.02 200.92 95.607 66.273 3.7852 1
446.91 444.89 135.29 159.19 4.6841 1
455.18 451.29 231.68 217.62 3.2048 1
444.29 430.28 161.5 281.76 4.1926 1
474.55 472.65 76.563 101.61 5.1749 1
464.99 462 146.72 175.28 4.2655 1
309.13 474.09 55.355 70.751 5.6422 1
453.58 460.41 197.49 187.9 3.0542 1
429.96 427.34 292.81 310.29 7.2313 1
447.02 198.08 319.19 263.22 9.2652 1
457.87 455.92 201.46 216.53 3.6007 1
414.24 361.65 5.0593 1.2324 4.0358 1
456.66 466.45 150.4 140.16 2.2042 1
191.98 194.27 276.47 262.9 4.9443 1
430.06 429.39 282.76 291.74 3.1811 1
445.33 417.84 6.2896 4.9255 3.3118 1
484.17 444.13 2.7231 1.4332 2.6194 1
511.45 545.28 4.5516 1.7599 5.2915 1
458.34 453.54 108.07 119.41 2.6561 1
639.21 445.49 34.788 5.8802 4.2045 1
471.07 462.55 80.688 99.542 3.0889 1
508.07 489.22 6.7089 3.5684 4.7266 1
179.09 192.24 195.38 253.02 1.8158 1
462.26 452.26 150.04 156.99 4.1922 1
284.2 159.11 116.02 100.46 3.8996 1
164.65 178.17 131.79 191.56 1.8434 1
444.06 476.74 3.5015 6.6726 2.4883 1
448.04 444.14 245.42 259.48 2.8733 1
157.81 197.8 103.36 108.44 2.1854 1
443.76 433.04 260.26 292.93 3.2277 1
424.63 436.14 254.05 141.7 2.7466 1
452.39 446.51 202.21 206.46 3.4906 1
324.05 285.41 120.99 116.31 2.1433 1
479.09 639.03 6.8476 29.772 4.2155 1
544.15 509.14 6.9941 9.4065 3.5693 1
436.74 435.18 161.64 177.86 1.7227 1
232.88 282.88 47.795 52.781 2.7392 1
430.58 429.28 220.39 234.14 1.715 1
201.46 216.88 66.352 57.045 1.9183 1
422.91 423.76 276.63 260.36 1.7716 1
457.87 439.1 311.5 312.48 3.9399 1
