136.62 575.37 478.98 478.98 1.2525 1
638.98 638.98 412.88 147.88 1.2508 1
216.11 185.81 245.04 67.587 6.0415 1
448.81 349.35 397.13 333.78 11.315 1
223.17 214.97 249.86 245.16 4.331 1
600.6 530.12 107.96 289.03 5.1129 1
311.26 599.98 15.293 105.38 5.652 1
185.91 311.89 66.699 15.442 5.262 1
22.994 35.601 20.004 18.296 3.8838 1
529.87 506.73 288.41 320.45 4.3389 1
32.925 22.895 23.791 23.476 3.9837 1
507.27 452.02 205.19 389.62 4.5522 1
349.08 221.84 333.62 251.19 10.432 1
506.45 455.55 320.58 389.58 4.4662 1
151.52 71.734 73.129 40.111 3.9414 1
91.42 158.56 44.632 71.78 4.021 1
191.36 505.04 69.735 206.13 4.3948 1
74.077 88.925 36.733 43.324 3.4275 1
146.68 80.015 77.994 107.05 2.9394 1
159.68 147.7 72.454 77.465 4.1296 1
60.299 148.79 111.45 73.342 3.2684 1
598.24 508.22 109.46 205.78 3.8988 1
131.66 204.11 26.755 9.0437 2.321 1
76.818 61.569 108.3 115.25 2.5939 1
20.163 13.927 12.992 1.7345 2.7926 1
94.08 112.83 41.513 34.015 1.6257 1
215.47 195.04 85.166 76.138 2.1799 1
201.67 164.29 13.044 22.285 2.481 1
151.45 127.72 24.725 31.051 1.9336 1
