473.8 455.01 85.193 247.83 4.6746 1
137.87 574.12 478.99 478.98 1.2598 1
638.98 638.98 411.63 147.88 1.2538 1
214.03 183.6 211.38 65.225 4.631 1
360.02 472.53 137.11 84.829 4.9587 1
186.4 360.67 65.923 138.43 4.692 1
454.86 364.44 248.41 313.32 4.9714 1
22.654 31.588 9.5497 14.195 3.9481 1
184.26 290.63 64.604 33.76 3.914 1
337.99 216.31 300.92 215.82 7.9931 1
624.13 556.61 11.585 1.7568 4.2975 1
639.21 625.36 11.387 10.611 2.7059 1
639.2 579.15 5.622 1.3184 3.2043 1
611.63 639.14 1.5045 2.1997 1.7232 1
579.06 639.15 3.5871 8.8489 2.4729 1
368.58 338.23 320.52 301.08 7.7469 1
291.25 469.01 34.243 83.307 3.7021 1
388.25 360.2 151.14 165.01 1.796 1
456.14 462.3 211.57 157.95 2.0134 1
440.97 433.98 139.98 151.54 3.4327 1
424.22 399.19 155.76 161.9 2.7712 1
462.63 467.27 155.35 115.45 1.9632 1
420.23 435.49 191.05 187.08 2.7834 1
423.86 441.77 116.84 112.2 4.215 1
429.46 407.1 126.32 134.21 2.6365 1
356.42 352.71 307.88 144.13 3.1547 1
423.89 389.27 133.65 150.68 2.2067 1
427.06 410.53 243.64 253.15 2.6576 1
425.4 439.26 141.71 138.44 3.0079 1
362.47 410.18 160.8 137.47 2.2214 1
127.09 100.33 8.7334 21.537 4.5586 1
392.72 369.02 322.89 320.03 6.8031 1
417.84 430.6 232.59 231.15 3.4459 1
356.32 356.79 165.37 214.14 2.1908 1
354.13 255.25 139.11 98.166 2.2282 1
454.62 453.72 260.28 279.17 5.2903 1
358.26 358.63 265.37 307.88 1.6141 1
60.273 67.255 9.6361 28.109 3.3512 1
69.127 1.6243 39.93 40.129 2.6913 1
357.95 358.46 242.87 262.89 1.538 1
89.065 68.164 30.269 42.134 3.2327 1
382.92 362.8 132.96 142.72 1.6703 1
398.99 416.83 243.9 233.22 2.1361 1
71.459 66.232 27.933 13.013 2.1477 1
