638.97 638.98 412.87 147.87 1.2616 1
500.36 496.94 171.42 192.92 4.2381 1
497.01 464.62 193.97 371.26 7.141 1
247.09 247.02 60.373 41.628 2.5321 1
375.1 374.79 1.6177 66.622 4.0413 1
135.38 575.38 478.99 478.99 1.2503 1
253.95 252.46 1.5051 19.196 4.787 1
208.91 208.78 46.623 61.633 2.5762 1
251.65 220.4 24.694 23.496 5.8145 1
598.44 605.47 30.512 1.6494 4.2951 1
249.7 250.97 44.072 57.935 3.0563 1
252.79 253.33 62.873 42.854 2.4656 1
205.68 206.65 57.901 46.627 2.7053 1
193.32 191.54 56.707 39.133 4.2331 1
264.71 265.02 1.6088 12.885 2.6721 1
408.69 378.44 1.4015 60.635 4.0273 1
240.23 244.55 35.186 60.516 4.326 1
261.64 259.99 13.96 1.3486 5.2819 1
169 167.75 51.635 36.74 3.7368 1
378.24 378.72 60.378 1.6116 4.1343 1
84.126 85.65 51.625 62.838 2.8139 1
214.97 214.72 49.138 65.403 3.6726 1
172.67 175.02 42.662 54.197 3.4249 1
488.98 501.67 160.8 160.24 6.865 1
381.93 412.53 60.533 1.4469 3.3299 1
212.41 212.16 60.381 41.618 3.8636 1
377.84 494.14 65.196 61.989 2.9907 1
467.96 492.9 1.0377 57.864 3.3518 1
103.94 102.23 40.359 60.426 3.7365 1
164.01 166.36 37.713 54.163 2.8257 1
202.63 202.44 12.858 1.5907 3.7702 1
280.39 299.22 8.0947 6.8574 3.0864 1
149.4 148.21 54.255 45.331 2.9762 1
113.68 116.85 37.951 56.587 3.2776 1
241.11 245.83 10.119 0.6101 5.4598 1
495.11 471.89 54.948 1.5096 3.3919 1
77.261 79.05 51.533 63.956 2.6625 1
96.35 93.241 61.966 48.073 4.6063 1
299.08 282.87 3.6782 5.346 2.4869 1
90.354 92.121 50.378 61.547 2.6646 1
236.96 226.34 255.35 97.81 4.3149 1
619.34 620.49 75.634 69.145 4.1285 1
194.19 197.62 46.606 58.848 2.6015 1
121.43 124.25 38.966 57.667 3.1472 1
366.97 369.45 67.935 1.5437 8.1601 1
41.625 45.932 50.375 66.476 4.9147 1
120.19 117.83 58.044 38.027 3.2864 1
499.48 495.97 1.5714 60.336 3.7433 1
494.1 382.85 59.254 61.793 3.4354 1
605.3 637.88 9.4202 10.345 4.998 1
295.54 488.1 182.02 162.63 6.1021 1
465.15 303.24 371.89 409.45 8.377 1
297.15 296.33 215.39 185.35 2.8422 1
593.41 596.91 47.068 32.947 5.7449 1
75.77 72.735 63.065 49.434 3.6604 1
621.31 639.35 68.481 71.563 4.9286 1
231.38 240.47 7.2629 6.562 7.9587 1
241.64 252.86 29.23 27.739 4.0467 1
114.33 108.44 56.951 38.088 4.6969 1
638.44 622.94 11.428 65.395 3.5807 1
637.65 639.17 8.1159 1.6358 3.004 1
255.02 266.54 25.463 17.748 4.164 1
292.68 301.75 55.011 53.93 2.8027 1
639.91 614.88 83.838 78.976 9.8516 1
501.64 584.09 49.477 45.855 4.7631 1
157.9 189.13 6.2265 7.8116 3.4917 1
247.24 236.77 287.25 255.74 6.7393 1
220.31 241.72 27.401 29.155 4.0437 1
284.09 297.86 2.3054 1.438 1.5617 1
112.82 129.25 61.298 58.66 3.0628 1
189.15 171.58 4.6829 3.9547 3.0154 1
266.83 268.92 17.652 7.8322 3.3792 1
601.4 588.07 1.1501 42.535 6.2124 1
20.139 16.16 59.459 41.729 4.48 1
298.57 297.35 360.38 219.12 3.5892 1
1.6187 12.901 60.468 61.238 2.1215 1
100.51 86.775 2.0989 5.9137 2.5869 1
290.75 247.72 398.7 287.45 5.7969 1
7.8462 11.53 42.556 56.65 3.0509 1
52.673 61.394 69.139 67.713 4.1044 1
92.014 78.314 46.064 48.812 5.6397 1
502.11 502.37 59.139 50.396 2.5711 1
198.45 201.73 5.5391 19.1 5.1925 1
585.42 593.45 37.608 1.1997 5.7082 1
85.374 101.64 7.8557 6.8759 3.7432 1
99.087 106.04 6.5786 0.90625 2.9054 1
298.49 291.54 413.24 398.57 8.2632 1
24.266 36.79 57.13 59.5 3.4522 1
586.54 565.14 80.813 76.54 2.6998 1
358.8 490.39 89.777 155.35 3.9176 1
625.36 592.58 100.43 90.074 3.0744 1
298.16 298.02 402.88 361.62 2.636 1
74.328 84.48 1.2817 7.2743 3.2294 1
565.17 594.12 72.247 69.118 3.3253 1
36.586 62.944 9.9883 7.305 4.7211 1
161.87 160.76 76.694 60.434 2.4942 1
55.408 34.141 5.0949 5.8291 3.0591 1
309.37 308.95 7.8785 37.873 2.6939 1
504.61 501.58 1.5736 46.622 3.3466 1
639.38 626.4 102.89 100.2 2.9127 1
1.5094 7.997 17.162 18.558 3.83 1
309.49 308.86 52.845 71.616 2.8737 1
617.89 570.45 70.637 74.001 2.6797 1
591.56 639.08 86.849 100.53 3.7301 1
58.044 50.318 50.663 50.286 6.5476 1
293.95 292.3 335.38 187.87 2.7372 1
26.197 39.878 27.547 52.461 4.769 1
308.78 270.1 77.668 86.713 5.0261 1
569.25 589.03 74.71 78.408 2.3078 1
519.27 525.94 46.647 1.524 2.601 1
159.19 154.23 40.366 1.6111 3.0257 1
242.57 244.07 70.3 89.129 3.0875 1
8.1579 4.0322 14.47 2.9081 3.5319 1
528.8 522.12 1.5761 45.45 2.3653 1
621.71 609.09 52.685 53.644 4.1182 1
27.459 34.677 0.95445 9.9307 3.5149 1
441.63 401.63 66.625 66.625 1.25 1
456.43 466.79 376.77 390.56 7.4986 1
294.12 294.12 189.13 207.88 1.25 1
327.86 360.37 68.62 67.597 2.027 1
35.348 25.194 53.099 51.863 5.4165 1
229.08 357.93 97.11 90.058 3.8257 1
492.85 421.69 171.39 178.51 2.4901 1
15.998 26.009 8.1579 27.548 5.6983 1
295.23 295.45 217.88 271.62 1.2703 1
311.93 297.31 424.26 414.37 7.2151 1
487.62 490.82 227.83 209.2 1.4433 1
39.441 20.626 41.455 6.4898 3.8999 1
218.03 185.31 90.554 85.814 3.191 1
489.07 464.75 56.65 1.3513 2.564 1
390.37 376.59 67.708 68.242 1.3459 1
595.37 617.89 69.003 68.214 1.949 1
28.714 42.239 13.145 33.721 3.0751 1
442.73 422.6 187.23 191.6 3.6086 1
379.85 405.44 51.355 1.6576 2.1567 1
625.97 639.65 65.546 18.027 1.7489 1
99.3 58.013 95.327 101.33 3.2359 1
421.8 410.39 225.99 229.2 2.9344 1
412.85 446.65 198.46 197.15 3.0326 1
587.99 572.8 52.025 53.062 5.414 1
365.35 311.61 69.878 72.538 2.3115 1
489.2 396.7 194.73 206.01 2.7533 1
247.01 245.78 89.104 66.603 2.3596 1
412.92 435.39 215.98 217.66 3.6463 1
394.09 300.41 206.28 216.96 2.5497 1
242.92 219.04 91.992 90.903 4.2019 1
447.86 490.37 196.54 191.56 2.2498 1
264.58 248.08 88.551 92.474 3.9374 1
184.2 162.97 86.02 83.379 2.3265 1
421.67 440.32 183.53 184.84 2.758 1
415.29 429.14 278.61 280.26 3.8715 1
320.74 312.38 428.45 423.96 3.4672 1
571.64 554.12 53.347 53.859 1.6512 1
299.12 299.12 185.38 207.88 1.25 1
346.64 361.62 206.73 205.29 1.7234 1
495.38 495.38 32.875 12.875 1.25 1
