101.55 179.13 4.0426 9.032 4.4202 1
237.77 204.58 323.88 166.27 4.6997 1
178 269.23 10.177 17.912 4.622 1
638.98 638.99 411.62 147.87 1.2562 1
139.12 574.12 479.01 478.97 1.2845 1
226.67 102.73 17.323 7.1926 5.2409 1
259.29 227.92 21.95 16.379 4.1294 1
281.93 300.61 18.968 13.726 3.6105 1
105.58 93.361 7.5103 0.74746 3.5153 1
203.69 293.5 166.04 57.141 4.3454 1
411.83 456.04 164.2 41.415 4.518 1
309.24 290.25 11.849 21.372 3.9092 1
382.74 236.65 360.89 322.77 8.0469 1
271.66 282.94 18.51 17.967 2.8573 1
553.36 536.96 2.9963 8.8262 5.8106 1
390.87 385.53 328.42 358.13 9.719 1
290.49 279.23 20.332 21.437 2.4881 1
380.44 345.28 33.41 30.138 5.1531 1
274.13 291.65 7.8806 2.9624 3.3151 1
283.27 271.08 7.5885 14.395 2.9879 1
312.97 280.31 29.441 26.024 3.194 1
400.55 388.15 201.52 327.78 4.0879 1
304.09 284.09 5.1167 7.5818 3.1103 1
284.13 316.56 24.037 26.319 3.2142 1
344.33 319.09 29.858 26.892 4.674 1
281.63 257.95 24.024 21.968 5.6859 1
318.57 305.05 27.187 43.863 3.2812 1
424.24 379.41 38.11 32.91 7.4501 1
292.82 304.2 3.5109 2.5386 2.9165 1
450.08 433.52 81.398 194.22 3.8121 1
456.57 449.83 43.884 80.505 3.9838 1
562.85 554.56 10.406 4.3238 7.2574 1
454.04 425.21 41.196 38.33 4.4811 1
569.39 558.85 15 18.223 7.5378 1
557.88 532.77 19.009 17.929 4.6196 1
206.49 398.94 166.11 201.4 4.0339 1
541.43 552.81 13.444 10.155 4.1367 1
539.1 581.73 23.816 20.408 4.4368 1
433.62 394.97 194.7 329.01 4.6072 1
541.65 516.61 6.5389 7.1145 3.9788 1
580.37 573.15 6.6248 10.839 8.0967 1
525.13 540.08 18.818 22.747 3.0533 1
572.58 565.37 9.3935 10.35 5.121 1
580.38 572.75 15.287 14.789 4.908 1
507.06 509.85 65.406 26.677 3.4822 1
514.17 513 20.345 66.628 2.8928 1
384.01 366.78 1.2135 5.9346 2.1964 1
515.31 532.89 10.539 11.34 3.3479 1
209.04 235.9 171.64 300.27 2.0971 1
482.9 469.13 2.0852 2.9375 3.0356 1
532.99 521.44 25.071 20.872 2.1517 1
511.67 474.11 68.58 65.582 3.1883 1
326.82 324.61 20.343 6.7495 2.0433 1
571.62 540.38 29.186 26.605 2.5837 1
486.59 499.11 63.245 64.34 1.572 1
