638.97 638.99 411.62 147.87 1.266 1
136.62 572.87 479.02 478.98 1.2834 1
388.44 367.43 182.6 330.49 4.8447 1
394.21 388.44 85.38 184.23 4.4723 1
183.94 227.27 159.65 71.943 5.0096 1
214.11 185.22 317.65 159.95 6.1949 1
259.12 234.55 9.1217 58.716 4.0389 1
210.08 191 0.91705 8.8772 3.7437 1
365.32 214.19 334.63 318.49 8.9927 1
180.24 201.66 3.7744 1.9914 4.4631 1
187.65 386.63 159.16 176.58 6.186 1
395.35 260.37 19.515 10.445 7.7444 1
145.46 67.879 4.9442 2.7202 5.6743 1
158.26 146.32 7.973 6.0784 4.7423 1
146.61 177.85 2.0363 3.4133 4.2417 1
179.3 159.01 9.7767 7.8864 4.7775 1
186.6 175.09 10.502 7.8901 5.5415 1
422.89 455.4 3.2773 2.2832 3.3776 1
392.98 396.63 64.234 19.024 5.2857 1
229.08 186.55 15.914 12.529 3.3414 1
372.72 375.84 270.36 245.43 1.25 1
366.62 361.24 340.37 360.27 1.8898 1
417.37 414.84 24.015 6.7033 2.4428 1
