470.02 451.51 80.192 242.86 5.3706 1
135.37 575.37 478.99 478.98 1.2527 1
638.98 638.99 412.87 147.87 1.2532 1
211.4 179.84 205.42 60.219 4.564 1
451.96 360 242.83 307.86 4.8763 1
368.82 209.84 320.07 207.39 8.7232 1
354.02 468.63 132.64 79.496 5.3909 1
182.46 354.31 61.366 133.69 4.9461 1
21.992 28.873 3.7573 10.627 4.4217 1
639.14 610.37 2.1226 1.9036 2.4999 1
180.68 287.46 60.154 28.941 5.4082 1
287.58 465.41 28.948 77.747 4.9736 1
415.48 434.27 137.2 133.64 3.2191 1
416.64 430.54 185.44 182.37 2.9807 1
351.37 347.33 301.63 145.39 2.8366 1
419.46 403.37 241.07 248.89 2.3428 1
392.78 355.22 141.43 160.06 1.7873 1
410.27 394.15 153.58 156.74 2.4738 1
458.39 463.58 155.29 110.46 1.8562 1
350.47 350.85 160.37 194.13 1.5747 1
452.35 458.36 209.07 155.43 1.9281 1
409 392.88 203.5 206.67 2.2316 1
355.47 402.63 156.83 133.62 2.2604 1
414.18 426.81 227.16 225.81 3.1986 1
418.83 436.8 111.64 107.38 4.2254 1
451.15 450.11 255.27 272.93 5.653 1
352.22 352.69 212.87 254.13 1.6036 1
389.14 366.37 319.05 314.03 5.4211 1
57.947 67.556 1.0645 23.73 4.4283 1
400.26 414.89 235.17 227 2.6648 1
395.24 372.87 120.08 130.37 1.6579 1
354.61 355.77 140.33 152.84 1.797 1
