638.98 638.99 412.87 147.87 1.2596 1
457.88 292.38 332.81 307.36 6.7556 1
137.87 574.12 479.01 478.97 1.2805 1
290.32 302.08 303.05 135.58 5.8023 1
291.99 290.41 320.34 303.88 9.6648 1
302.14 303.43 135.46 109.09 5.9054 1
301.92 314.23 107.98 72.055 7.196 1
527.85 459.35 132.01 330.84 6.832 1
482.51 527.99 24.28 132.83 4.7214 1
306.48 525.29 101.41 132.2 4.4736 1
342.82 481.58 4.5029 23.214 3.6751 1
314.89 342.1 71.934 4.3164 4.6248 1
394.21 372.95 136.35 130.11 2.8948 1
445.43 426.66 143.08 143.76 2.4087 1
377.88 405.14 134.12 143.55 3.046 1
406.38 384.09 175.06 169.27 2.4666 1
405.06 396.7 140.15 137.61 2.4995 1
512.8 305.36 164.64 134.25 2.7552 1
406.54 445.33 143.93 147.17 2.8087 1
442.88 406.63 175.68 176.09 2.5416 1
390.28 374.1 234.52 230.49 2.4258 1
409.12 436.63 178.34 178.81 1.6929 1
430.41 392.9 235.22 236.35 2.5365 1
520.47 411.64 140.98 125.3 2.5152 1
382.98 367.88 286.17 282.86 2.442 1
426.7 405.42 143.68 140.1 2.4738 1
416.65 384.18 285.93 287.65 3.6196 1
454.68 449.51 332.99 358.46 9.2845 1
355.37 319.04 116.63 110.92 2.2042 1
385.41 414.17 290.23 289.24 2.3696 1
395.36 406.64 238.26 238.65 1.5944 1
306.65 365.37 131.45 140.38 2.363 1
300.71 300.18 197.85 217.87 1.3154 1
409.03 360.43 124.78 117.49 2.2231 1
305.31 301.75 137.87 195.38 2.2512 1
297.05 293.78 252.9 304.1 1.8048 1
410.36 422.89 238.85 238.1 1.7742 1
380.39 404.14 142.78 146.54 1.6883 1
466.63 436.64 1.6849 2.3447 1.7172 1
451.59 475.4 153.1 156.44 1.9739 1
424.08 446.57 149.56 152.08 1.5201 1
299.82 293.28 328.59 318.41 9.3891 1
299.28 298.72 221.63 240.4 1.3612 1
419.05 431.48 228.1 232.07 2.7617 1
