638.98 638.98 412.88 147.88 1.2531 1
136.62 575.37 478.99 478.98 1.2558 1
580.45 509.48 162.41 342.52 4.5856 1
217.42 193.6 241.34 68.852 5.5537 1
337.26 580.01 35.315 161.07 4.5284 1
509.43 378.92 342.77 434.55 7.5677 1
119.41 104.29 15.69 11.094 3.119 1
111.2 89.785 24.585 35.463 9.0038 1
222.94 217.23 246.59 241.01 3.5747 1
210.49 336.82 64.619 34.96 4.3919 1
196.04 367.61 71.106 208.21 3.5094 1
381.2 222.35 431.99 248.16 8.6159 1
197.78 208.9 67.362 65.382 3.1187 1
56.39 79.155 29.68 32.648 3.5569 1
46.645 1.5793 31.705 42.688 4.1741 1
10.963 59.178 34.744 25.657 8.1028 1
39.134 99.14 18.497 17.608 3.074 1
84.195 47.801 35.896 32.391 3.8066 1
106.24 104.62 10.666 1.5378 3.7709 1
207.44 177.12 63.53 43.379 3.5103 1
180.47 213.22 41.482 63.004 3.3125 1
62.952 37.833 20.8 21.953 3.5168 1
168.84 176.41 33.317 38.213 3.1485 1
175.26 165.79 41.818 35.956 2.5632 1
36.228 18.991 19.78 9.3458 3.208 1
207.72 236.67 31.995 26.904 2.0293 1
237.78 257.8 27.107 24.725 2.0392 1
1.6727 17.766 101.8 97.469 2.507 1
368.34 404.5 208.55 237.4 2.5567 1
309.39 334.31 16.098 7.1359 2.0222 1
335.58 302.97 9.7249 20.652 2.755 1
507.63 524.64 339.03 295.58 2.121 1
38.037 1.3152 93.357 105.7 2.8294 1
41.606 29.11 86.72 84.198 2.4621 1
198.65 220.68 79.189 240.5 2.7661 1
260.39 275.37 24.299 22.845 1.8477 1
291.81 308.09 19.97 16.368 1.9114 1
192.87 131.43 84.098 100.92 2.787 1
272.76 261.64 25.574 26.786 1.7845 1
526.17 574.23 291.94 169.17 2.0875 1
301.72 271.53 20.905 26.067 2.0748 1
207.9 184.11 35.485 41.579 2.5108 1
186.35 200.41 38.145 34.234 2.0733 1
19.603 13.837 8.5426 1.8738 2.5807 1
242.85 219.16 28.901 31.904 2.3405 1
350.24 336.43 1.3764 8.7576 2.2807 1
456.69 415.6 223 243.32 2.2891 1
86.477 109.23 77.367 70.735 1.8997 1
131.84 192.99 97.417 80.787 2.4327 1
18.097 41.633 97.187 87.895 2.5398 1
224.29 200.21 97.668 78.083 1.7584 1
260.42 245.32 27.183 28.427 1.9785 1
288.62 251.83 149.75 120.12 1.8096 1
392.33 383.81 377.77 424.3 3.3414 1
527.96 485.29 137.71 115.54 1.6855 1
228.51 222.43 278.08 260.1 2.8022 1
465.47 444.08 105.19 94.205 1.25 1
410.26 399.78 277.86 337.99 3.6378 1
46.598 29.325 7.7024 10.403 3.3955 1
396.82 392.35 355.15 376.51 4.1259 1
399.52 396.97 338.98 354.18 2.2703 1
414.6 410.66 253.99 276.67 2.727 1
