137.87 575.37 479 478.98 1.269 1
638.98 638.98 412.87 147.87 1.2513 1
203.07 175.57 319.1 128.92 4.9936 1
614.54 514.55 239.26 426.77 5.3683 1
607.92 614.48 118.01 240.42 5.0829 1
273.91 608.73 50.195 118.54 4.8254 1
175.09 273.46 129.08 49.851 5.0618 1
512.57 196.05 428.75 319.66 10.549 1
179 611.67 129.63 240.2 3.9955 1
1.4019 37.592 113.91 121.69 3.9175 1
1.4075 26.076 140 125.68 3.3485 1
28.88 1.2596 124.07 118.41 3.8635 1
184.66 192.3 170.48 222.78 1.8731 1
38.846 1.1377 122.43 145.84 3.5121 1
30.812 71.918 52.791 37.407 2.6496 1
192.67 194.11 225.4 236.63 1.716 1
180.49 183.33 139.11 159.24 1.7758 1
567.25 587.64 321.29 282.75 1.4807 1
6.6 30.233 59.036 52.371 1.8817 1
71.577 41.426 40.256 52.379 2.1046 1
73.233 91.531 35.924 23.98 2.457 1
577.83 551.67 115.58 110.14 1.529 1
92.97 72.162 26.775 39.972 2.3166 1
592.84 604.03 272.86 251.57 1.25 1
607.88 607.88 189.13 170.38 1.25 1
610.75 609.38 227.85 204.11 1.25 1
