638.97 639 411.62 149.12 1.277 1
137.87 572.87 479.02 478.97 1.2921 1
219.16 185.33 340.37 186.09 5.2815 1
152.46 171.85 31.215 23.445 4.1844 1
390.26 373.89 188.98 341.73 5.2357 1
371.62 215.36 344.56 342.56 7.6594 1
412.91 380.44 9.4495 13.394 3.9086 1
175.21 155.61 25.042 34.598 4.0318 1
184.87 215.03 186.46 91.913 5.0195 1
35.373 136.63 30.703 31.201 4.1 1
379.36 390.39 100.35 190.07 4.637 1
92.902 32.881 33.785 35.577 4.2332 1
142.9 93.051 37.624 33.333 5.196 1
178.32 174.65 14.286 24.316 2.892 1
359.13 237.88 36.518 34.925 4.6383 1
187.87 387.88 186.15 188.69 4.2113 1
234.61 222.54 34.283 71.517 3.6661 1
140.36 154.13 31.068 30.574 2.7223 1
371.64 416.61 15.142 14.455 4.3223 1
415.33 400.3 2.6898 6.3091 4.5237 1
383.83 392.61 7.1741 3.4887 4.9094 1
137.48 162.66 21.836 12.31 4.0766 1
192.98 210.29 7.3586 4.7737 2.6006 1
210.41 192.9 1.8857 4.3362 3.3672 1
1.5279 37.733 27.784 30.817 4.363 1
171.52 145.41 14.905 20.542 3.5687 1
33.002 1.4426 35.361 32.191 5.1055 1
191.56 147.88 40.286 37.786 3.3868 1
157.87 187.88 35.557 36.297 2.7149 1
379.92 391.39 16.393 55.807 3.1865 1
230.4 210.38 37.47 38.083 1.364 1
386.46 377.1 55.763 21.495 3.3994 1
417.88 437.88 15.375 15.375 1.25 1
252.74 236.71 3.81 10.568 2.7317 1
212.6 196.55 7.3785 9.9112 2.8592 1
375.86 379.28 70.318 99.254 2.4827 1
391.62 374.15 57.766 58.477 2.4979 1
286.63 304.13 31.625 31.625 1.25 1
431.62 414.13 18.118 17.792 0.69455 1
470.35 440.35 22.258 20.919 2.4418 1
527.88 492.88 25.375 25.375 1.25 1
