134.12 574.12 478.99 478.98 1.2593 1
638.98 638.99 411.62 147.87 1.2638 1
449.33 425.87 66.478 232.77 5.0801 1
166 130.2 216.48 58.882 5.3824 1
130.24 364.44 57.474 128.07 8.5026 1
425.19 357.08 232.6 307.15 4.2154 1
363.72 446.23 127.3 69.093 6.1918 1
419.13 448.47 61.582 67.416 6.6176 1
352.47 173.08 310.05 223.6 9.3739 1
418.3 415.87 173.97 186.72 3.1561 1
427.77 423.08 97.84 111.69 2.7688 1
412.45 411.41 219.08 228 2.4832 1
368.23 351.55 314.51 309.35 8.4476 1
423.88 420.81 126.57 139.23 2.4295 1
402.9 415.76 176.72 172.91 3.9506 1
364.18 363.58 130.34 150.4 2.9147 1
134.37 235.84 54.82 19.213 5.6078 1
411.57 422.11 126.45 123.2 4.0426 1
351.3 354.57 247.87 135.39 2.7166 1
400.23 410.71 219.97 216.36 3.178 1
362.77 360.63 171.62 209.21 3.744 1
363.86 362.18 152.85 170.43 3.0822 1
360.58 359.49 207.84 239.14 3.7041 1
356.92 356.04 156.63 191.64 1.9956 1
354.93 353.9 202.86 246.62 1.7778 1
389.14 367.82 313.17 314.02 5.2454 1
418.29 406.73 129.04 133.18 2.15 1
612.79 636.6 2.6642 1.2666 2.4225 1
349.62 350.39 300.38 250.38 2.3655 1
387.92 372.34 137.93 149.66 2.0189 1
639.19 616.64 4.9106 6.7547 3.1029 1
639.17 546.8 20.157 0.81293 3.0486 1
366.34 394.92 150 128.52 2.0215 1
624.18 639.25 9.972 11.928 1.8357 1
170.14 168.54 237.92 229.01 2.902 1
235.48 312.63 19.935 37.701 5.3453 1
352.86 352.74 261.62 290.37 1.2965 1
359.84 357.93 240.31 255.38 1.8667 1
370.49 397.72 50.995 56.179 3.0412 1
