638.98 638.98 412.87 147.87 1.256 1
136.62 575.37 479 478.97 1.2707 1
179.95 186.63 88.035 105.84 3.6581 1
197.18 188.2 219.26 173.3 6.825 1
576.93 500.77 124.45 305.74 6.1302 1
191.4 182.02 170.42 118.83 7.826 1
186.55 176.1 111.12 92.469 4.8893 1
501.85 491.41 305.96 304.73 5.4016 1
176.97 179.96 92.031 80.27 5.439 1
185.95 181.48 80.118 91.869 5.0028 1
571.4 577.61 115.52 125.11 4.671 1
180.77 185.9 120.01 110.55 6.963 1
193.81 194.76 231.68 216.74 5.3064 1
180.67 189.95 80.812 72.298 5.2227 1
195.31 499.18 32.83 40.876 6.1894 1
499.34 570.42 40.101 115.4 4.4519 1
190.82 195.18 73.907 32.988 5.185 1
187.65 189.94 102.72 81.443 5.9468 1
207.7 196.4 317.74 226.65 6.0571 1
491.3 197.78 308.48 322.14 11.354 1
185.37 574.13 123.52 124.71 5.7769 1
492.16 488.15 319.79 330.48 3.2863 1
