638.97 638.99 414.12 147.87 1.2632 1
136.62 575.37 479 478.97 1.2827 1
345.72 563.45 178.72 90.556 5.3589 1
213.06 345.85 87.602 179.7 5.3522 1
215.3 209.74 270.38 114.06 5.7528 1
565.72 499.49 89.492 251.26 5.0921 1
209.45 208.46 112.82 85.309 4.4132 1
208.31 436.47 84.796 33.455 4.5737 1
500.15 363.17 252.53 342.73 9.1163 1
313.64 215.16 370.88 270.61 4.5335 1
297.56 257.5 166.23 151.39 2.909 1
288.95 255.42 253.32 240.27 2.7215 1
267.75 296.78 158.23 168.69 2.4474 1
295.18 259.08 197.16 184.26 2.772 1
331.58 316.79 363.82 371.92 11.173 1
436.34 566.19 33.535 88.899 4.0387 1
277.93 294.07 193.96 199.28 2.4021 1
252.89 241.87 147.87 127.74 3.7069 1
250.38 241.73 177.15 156.58 3.5765 1
248.14 241.06 231.53 211.83 3.4363 1
242.93 242.14 269.12 261.57 2.3855 1
362.71 331.35 342.61 363.04 7.456 1
285.36 253.88 301.66 287.16 2.8963 1
260.55 285.3 293.71 304.29 2.3084 1
607.93 584.09 20.062 15.58 4.2212 1
252.83 243.03 286.15 269.78 2.8031 1
243.97 259.23 212.05 217.58 3.305 1
243.84 255.31 259.87 264.3 3.763 1
243.75 260.52 156.41 162.48 3.2023 1
205.85 217.76 287.15 276.26 9.305 1
242.04 213.75 139.83 118.37 2.815 1
639.24 609.09 23.229 19.392 2.8181 1
245.12 260.78 126.1 131.74 4.3754 1
217.42 238.47 117.21 133.35 2.8114 1
415.43 354.48 154.27 178.76 2.102 1
246.3 254.18 220.56 234.09 1.7093 1
256.86 248.9 240.1 231.84 2.8039 1
259.39 252.21 183.93 177.24 2.6187 1
342.81 292.84 181.72 146.68 1.5412 1
212.63 214.1 120.39 145.38 1.9095 1
352.2 323.89 185.26 359.09 3.2465 1
294.3 273.05 178.89 162.65 1.8728 1
215.23 215.75 177.88 200.4 1.336 1
341.61 301.38 187.9 159.47 2.3948 1
583.07 573.33 16.499 1.333 2.4798 1
327.17 296.56 203.4 180.46 2.2489 1
216.78 218.06 226.62 267.87 1.8323 1
251.18 222.77 257.1 230.49 1.8245 1
341.19 344.46 232.81 211.68 2.0883 1
238.38 258.99 241.09 260.51 1.767 1
219.58 235.79 223.63 238.68 1.4648 1
287.02 321.57 169.85 195.45 2.197 1
260.47 293.18 126.49 149.95 1.6103 1
362.88 350.37 155.94 156.01 1.3211 1
345.68 348.43 204.18 187.76 2.0583 1
311.4 343.89 163.2 185.72 2.2989 1
337.14 340.82 260.45 235.44 1.3829 1
251.87 236.47 123.77 113.1 1.4241 1
325.3 328.27 334.11 314.18 1.7898 1
