638.99 638.99 411.63 149.13 1.2525 1
137.87 572.87 479.01 478.97 1.2797 1
171.1 251.79 150.94 48.002 4.5472 1
282.29 258.98 9.6297 40.261 3.5034 1
359.38 352.82 302.5 341.82 9.0435 1
202.58 173.66 311.23 150.23 7.3818 1
350.19 202.04 344.95 312.25 9.546 1
384.24 418.17 140.41 28.833 4.9295 1
257.86 235.23 1.5732 9.9918 4.0868 1
373.23 357.66 182.6 301.92 4.8507 1
509.85 500.24 0.88527 7.677 4.0842 1
497.84 485.7 7.749 11.445 11.023 1
176.68 371.33 150.04 184.55 6.3213 1
417.62 281.92 28.542 10.654 8.2807 1
236.36 247.88 4.1523 1.6705 3.6659 1
226.56 174.19 9.5278 1.189 5.4175 1
240.64 227.36 13.516 7.8258 7.5504 1
469.12 501.63 17.643 17.605 3.7485 1
486.39 476.47 11.536 12.441 5.3201 1
391.05 363.66 191.79 303.07 4.7063 1
225.23 239.23 4.2988 2.3577 4.7444 1
415.27 391.32 45.154 191.58 5.0863 1
272.86 241.48 17.986 14.028 3.106 1
205.37 220.48 1.6477 2.7891 2.6813 1
460.24 460.46 52.883 21.617 2.7036 1
382.7 377.32 154.07 171.83 2.03 1
