136.62 574.12 478.99 478.98 1.2605 1
638.98 638.98 412.87 146.62 1.2576 1
522.22 479.53 121.18 302.68 5.5135 1
198.03 156.11 321.31 136.46 5.3433 1
156.15 184.8 137.23 60.628 4.5581 1
467.35 522.25 51.762 122.11 5.6225 1
185.4 467.94 62.292 52.256 6.1914 1
494.4 207.65 305.85 324.34 10.749 1
585.76 614.3 32.098 46.272 3.4336 1
613.94 639.4 46.499 66.27 5.1463 1
640.04 631.04 71.039 66.549 4.4802 1
615.16 579.32 52.053 33.746 4.4768 1
159.08 519.1 138.04 122.2 6.0821 1
631.76 609.57 66.932 51.001 5.2058 1
572.77 546.79 7.0844 0.91742 4.4094 1
564.59 582.77 0.51149 8.1299 3.8314 1
580.47 571.57 12.69 7.9792 3.8348 1
577.65 580.31 29.079 16.351 3.2137 1
585.66 582.4 15.1 26.489 3.4361 1
501.67 508.91 195.39 164.08 1.5999 1
