212.64 209.9 264.13 105.34 4.7344 1
638.98 638.98 412.87 149.12 1.2508 1
136.62 575.37 479.01 478.97 1.2856 1
209.65 208.94 100.36 72.848 4.262 1
211.42 376.96 73.251 162.25 5.0902 1
332.25 212.24 355.81 264.57 4.73 1
209.33 412.1 72.29 10.705 4.4033 1
496.63 481.46 185.38 222.81 4.5662 1
546.14 496.81 62.179 184.95 4.6285 1
376.95 543.14 161.31 63.332 4.1947 1
286.39 300.17 144.78 149.71 4.3732 1
313.88 271.28 183.66 170.21 3.3868 1
476.94 362.17 228.22 332.22 8.0757 1
412.28 546.08 10.732 60.583 4.7993 1
319.03 271.15 151.94 136.87 3.3791 1
300.63 267.7 239.62 228.39 2.8506 1
345.32 337.55 346.43 355.23 8.1048 1
277.84 312.71 175.51 185.92 2.7345 1
355.39 334 256.35 354.1 3.3579 1
300.57 317.88 149.6 154.09 2.3762 1
265.61 250.66 132.43 113.64 3.933 1
266.35 249.73 166.84 145.89 3.7473 1
272.45 305.13 232.93 243.63 2.8509 1
300.06 265.17 289.98 277.19 3.0124 1
252.86 246.55 265.38 251.66 2.7015 1
257.9 247.53 220.36 201.82 2.7017 1
361.96 345.7 332.12 346.86 6.5454 1
212.92 213.62 106.62 161.63 1.856 1
205.98 218.2 276.48 270.87 4.6511 1
215.36 215.4 217.88 262.87 1.2513 1
275.28 299.02 284.42 291.95 2.5878 1
381.26 340.85 167.79 347.98 2.5873 1
206.28 210.83 295.59 276.15 9.6595 1
251.41 262.36 122.91 132.23 3.8097 1
373.48 377.76 188.03 171.59 2.4195 1
368.43 355.77 196.47 253.94 3.2902 1
373.35 369.61 172.7 189.24 2.8717 1
335.57 283.06 176.29 146.3 2.0163 1
212.87 212.87 82.875 99.125 1.25 1
217.55 227.13 104.62 110.84 2.4101 1
258.3 215.14 132.14 107.03 2.6129 1
300.3 305.69 230.42 238.5 2.7757 1
371.65 307.85 170.32 135.42 2.5512 1
248.88 260.63 251.28 254.4 2.8125 1
227.72 249.81 110.63 123.83 2.5901 1
213.98 215.67 166.63 215.36 1.4665 1
266.87 257.55 227.63 218.2 1.8168 1
254 270.33 145.81 150.53 3.255 1
250.24 267.95 202.07 207.62 3.5781 1
315.35 246.44 132.92 95.71 1.5845 1
366.77 337.43 193.86 177.42 1.957 1
361.2 372.57 245.28 194.06 2.1716 1
326.83 360.74 142.5 160.96 1.9879 1
253.95 271.86 113.55 118.22 3.6787 1
345.45 317.83 148.99 134.2 1.4943 1
245.4 216.62 237.84 217.89 2.136 1
312.48 324.17 159.82 166.54 1.8698 1
326.09 364.08 167.56 189.2 2.1721 1
216.44 246.66 214.38 235.33 1.9849 1
351.54 358.68 289.11 256.53 1.9426 1
255.45 268.83 241.51 250.79 1.8862 1
311.22 318.1 139.8 149.83 3.2342 1
341.46 331.36 357.54 362.32 2.2599 1
329.47 323.62 359.25 366.02 4.7452 1
