638.97 638.99 412.87 147.87 1.2633 1
199.4 277.46 60.121 143.34 4.7845 1
136.62 574.12 479 478.98 1.2711 1
554.45 495.09 158.83 344.89 4.2737 1
495.33 347.4 345.28 420.74 7.7945 1
34.399 15.383 81.422 77.831 5.1451 1
344.92 555.1 32.376 158.34 4.4421 1
242.81 200.52 52.508 59.955 4.1345 1
210.8 203.51 136.94 89.028 4.4072 1
202.58 199.54 81.671 62.609 5.6776 1
224.36 211.13 226.78 139.01 5.0317 1
191.89 181.27 20.784 19.445 3.7 1
164.53 144.25 27.81 34.513 8.7095 1
55.769 106.2 40.762 28.616 6.2097 1
25.303 60.769 101.49 82.355 4.3132 1
76.554 56.701 40.8 42.505 3.5222 1
106.34 122.96 28.354 31.1 6.1556 1
345.57 223.21 416.87 227.66 6.5516 1
15.378 0.88264 68.148 56.282 6.9462 1
122.89 140.38 32.264 32.822 3.5088 1
107.87 151.63 20.466 20.149 2.7623 1
49.398 36.265 82.02 91.105 4.5063 1
251.64 345.11 50.478 32.74 3.9532 1
33.069 7.0468 94.969 100.96 4.4087 1
136.79 102.94 36.508 32.319 3.2735 1
163.8 161.8 13.143 1.3829 3.9291 1
55.638 49.812 78.289 81.989 4.1209 1
33.731 50.373 32.772 58.679 7.132 1
8.4546 35.182 0.12851 32.805 7.6483 1
102.68 76.526 33.357 39.985 3.1042 1
47.059 54.336 58.439 68.98 6.3303 1
143.22 135.31 34.025 36.406 2.8705 1
130.36 101.61 22.59 23.681 3.0194 1
227.43 226.92 244.22 235.36 6.0955 1
58.601 36.823 89.136 98.344 4.1185 1
51.392 38.308 70.059 79.711 8.2616 1
1.6408 25.315 103.15 101.81 3.5319 1
15.498 9.1894 79.216 85.44 4.3417 1
42.545 35.474 29.3 15.986 4.0357 1
233.7 222.09 52.279 44.67 2.8114 1
42.999 49.124 3.7967 29.424 5.7882 1
492.91 549.1 341.64 165.37 2.4572 1
100.82 82.269 22.797 10.004 4.0448 1
447.66 551.78 197.29 159.55 3.1138 1
299.13 312.91 28.059 27.409 1.4254 1
357.78 401.83 228.86 213.47 2.66 1
360.35 346.48 21.507 24.78 2.0782 1
277.54 356.14 144.44 227.09 2.7801 1
87.892 67.969 87.926 94.414 2.3498 1
82.742 64.098 2.9796 5.1382 3.0063 1
404.07 425.34 212.72 205.26 2.2984 1
66.667 91.615 91.743 82.846 2.1815 1
354.1 378.04 20.283 13.437 2.2354 1
117.93 130.37 25.779 24.106 2.4777 1
239.2 265.43 38.184 31.836 2.0972 1
272.84 295.32 31.314 28.669 2.1176 1
411.36 369.27 1.0182 19.446 2.3587 1
430.16 445.5 203.49 198.23 2.4003 1
358.2 301.58 225.06 165.42 2.3182 1
200.48 172.82 89.562 96.405 2.1778 1
171.77 200.39 93.478 86.706 2.2104 1
296.61 280.34 31.416 32.295 1.6527 1
376.65 360.61 219.21 224.8 1.8379 1
316.59 300.37 29.618 30.344 1.696 1
227.21 227.29 257.88 245.37 1.324 1
502.73 481.58 130.62 117.94 1.25 1
30.25 14.041 109.1 107.45 3.6038 1
119.14 94.232 10.47 13.703 3.4447 1
355.17 356.45 264.11 249.11 1.6707 1
