194.79 153.14 297.44 115.03 4.7524 1
137.87 574.12 478.99 478.97 1.2683 1
638.97 638.99 412.87 149.12 1.2689 1
509.81 470.45 111.23 292.62 5.0943 1
467.12 509.98 43.35 111.87 5.022 1
153.3 190.22 116.78 47.205 4.7308 1
190.39 466.66 47.998 44.159 6.0757 1
156.62 504.13 117.24 112.19 6.288 1
486.71 204.05 296.03 301.61 11.091 1
605.63 640.19 28.476 47.144 4.3995 1
610.57 605.64 9.1892 23.792 3.9675 1
634.6 601.12 49.309 31.315 4.3888 1
600.73 603.6 27.976 17.729 3.4186 1
170.9 184.24 178.04 236.6 1.8355 1
184.85 194.33 239.24 281.58 1.9342 1
604.26 579.89 8.779 -0.39798 4.6643 1
157.86 170.35 121.63 175.38 1.7834 1
