638.98 638.98 412.87 147.87 1.2514 1
136.62 576.62 479 478.97 1.2746 1
217.51 208.05 245.46 61.552 4.5893 1
580.99 510.68 90.829 256.95 5.6219 1
299.05 579.56 155.05 91.03 6.1735 1
209.19 462.93 62.11 29.577 5.5008 1
511.73 335.29 258.12 330.89 11.412 1
286.13 217.57 346.96 244.74 4.4569 1
233.25 229.38 122.8 102.83 4.7106 1
232.44 232.47 197.88 186.63 2.5083 1
242.93 231.34 219.09 199.29 4.5769 1
234.09 233.33 252.88 234.11 4.1004 1
234.3 237.35 192.83 205.2 3.0259 1
232.13 230.67 149.08 131.6 3.222 1
463.63 580.43 30.11 89.01 4.5785 1
296.23 280.72 345.72 352.43 10.048 1
235.74 239.58 241.53 256.83 3.039 1
266.49 246.39 170.76 163.54 2.8065 1
245.39 232.11 165.36 148.48 4.5588 1
231.34 240.14 100.89 105.8 3.8831 1
302.77 296.27 342.67 345.86 7.2627 1
234.73 245.7 186.63 192.25 3.9631 1
233.79 250.6 132.39 139.87 3.4256 1
233.68 245.86 114.51 128.71 3.1197 1
265.58 244.2 227.37 218.95 3.0311 1
267.9 250.18 140.3 133.37 2.5296 1
237.28 253.32 206 221.22 3.045 1
310.2 295.57 159.11 339.14 2.9196 1
334.96 303.62 330.62 343.44 8.1502 1
265.13 241.48 275.84 263.14 2.6111 1
246.78 235.02 113.84 107.26 3.0497 1
248.98 235.06 144.41 137.24 2.8965 1
235.49 244.38 147.51 158.92 2.8539 1
247.67 236.46 199.43 191.88 2.5061 1
245.97 234.73 133.53 122.27 4.4306 1
240.76 235.08 262.1 251.79 2.0787 1
305.82 307.44 180.41 161.59 2.1689 1
225.89 213.86 109.9 96.868 2.2597 1
301.39 305.11 240.45 186.61 2.3675 1
300.01 300.47 260.4 242.88 1.4762 1
212.91 226.29 91.591 105.69 2.0935 1
201.54 218.72 263.14 249.85 8.2268 1
293.82 296.94 241.61 187.82 2.8752 1
273.78 300.78 126.98 153.73 3.5355 1
295.97 296.33 307.89 294.12 1.5757 1
215.15 215.81 129.13 150.4 1.2884 1
246.46 260.63 128.22 134.84 2.116 1
241.33 218.29 233.09 201.33 2.123 1
246.64 260.06 105.36 114.59 5.4721 1
298.35 298.46 180.38 164.12 1.358 1
297.74 298.81 285.37 264.11 1.8141 1
266.8 247.68 130.21 110.57 2.853 1
217.5 254.39 195.65 246.09 2.6493 1
260.28 269.63 115.46 124.86 5.3074 1
291.87 257.53 181.4 144.44 2.2853 1
299.41 271.22 163.84 135.78 2.6497 1
505.94 500.69 266.18 278.02 4.3113 1
268.57 294.19 152.15 179.06 2.0214 1
272.62 296.9 133.12 157.61 1.25 1
239.44 248.35 253.62 264.74 1.921 1
219.12 219.12 214.13 232.88 1.25 1
293.76 294.99 332.85 311.6 1.32 1
236.46 216.36 178 153.09 1.911 1
233.15 245.71 92.594 105.04 1.25 1
399.08 378.06 136.41 141.19 1.7733 1
432.82 412.96 128.87 133.24 1.7574 1
231.72 255.36 167.8 196.64 1.6622 1
292.8 292.27 271.63 260.4 1.5398 1
