638.98 638.99 411.62 150.37 1.2631 1
239.46 222.71 350.34 196.51 4.5891 1
139.12 572.87 479.01 478.98 1.2735 1
421.22 391.56 195.29 346.86 4.4776 1
222.72 236.62 196.6 96.624 4.2306 1
610.43 604.08 47.479 26.639 4.5763 1
1.6084 122.88 46.984 47.688 4.9273 1
606 613.64 21.856 42.594 4.5684 1
389.19 235.4 349.63 352.88 8.2298 1
604.41 594.13 28.409 20.372 4.3706 1
124.24 55.349 52.487 49.799 5.1118 1
598.3 605.96 17.495 24.757 3.7234 1
565.1 565.45 1.5972 14.087 2.8567 1
54.129 1.6202 51.293 51.169 5.0739 1
193.94 194.71 1.498 15.412 5.1976 1
561.73 562.06 12.915 1.6009 2.7577 1
387.23 420.63 85.571 196.17 4.1762 1
580.5 598.46 13.617 17.993 5.2152 1
402.03 396.3 1.3686 20.278 5.0376 1
243.43 237.6 51.69 101.59 4.015 1
380.14 370.59 23.205 12.677 5.6422 1
155.15 166.37 22.626 12.591 3.5301 1
147.43 160.83 45.241 33.592 3.6701 1
161.7 159.47 31.642 41.418 2.7154 1
639.14 610.28 51.845 54.323 4.6608 1
593.79 583.4 20.559 18.125 4.2979 1
127.69 147.79 47.982 44.806 4.4212 1
159.2 140.83 41.767 51.258 3.831 1
610.36 639.23 50.225 47.954 4.5925 1
370.84 361.68 14.896 20.464 3.878 1
172.62 171.41 16.546 1.3434 6.2303 1
584.14 563.97 18.033 20.086 3.6042 1
323.08 311.06 12.629 15.031 7.3535 1
224.13 417.88 196.94 196.53 4.0548 1
372.29 372.1 11.661 1.6158 3.8948 1
608.08 607.46 51.699 42.904 2.5817 1
145.11 123.42 32.225 41.17 3.5967 1
124.83 146.53 36.278 28.853 3.4858 1
354.12 246.61 51.864 50.731 5.8283 1
562.85 581.78 16.328 14.689 3.5204 1
144.2 120.27 54.918 50.999 5.7425 1
363.77 372.59 23.977 21.737 3.9623 1
387.85 377.42 24.054 27.876 7.5886 1
295.34 314.04 1.936 3.7535 3.7324 1
365.34 396.75 33.793 30.264 3.8661 1
194.12 145.37 55.509 55.374 2.5241 1
177.86 192.91 24.054 21.904 2.2981 1
295.15 304.54 13.396 10.454 3.2776 1
254.12 295.37 5.4771 5.2365 5.102 1
194.21 173.94 16.814 15.1 11.736 1
277.88 237.93 9.3021 11.362 2.5611 1
370.41 352.72 28.846 26.57 4.234 1
242.83 255.27 7.2295 6.3864 3.9949 1
145.4 166.63 51.961 52.554 2.7782 1
362.8 353.97 18.194 16 3.6392 1
228.83 230.19 221.65 237.89 1.6622 1
297.8 279.02 18.068 10.653 2.5701 1
364.1 359.47 50.385 37.749 2.6608 1
230.46 195.39 52.666 55.519 2.7957 1
400.35 416.7 285.37 201.64 1.7437 1
282.91 294.41 7.7763 12.121 3.5079 1
363.33 368.86 35.658 51.276 2.6995 1
231.13 234.07 240.42 274.13 1.6795 1
376.55 383.47 53.294 75.188 3.0749 1
226.84 227.91 205.36 219.12 1.829 1
236.38 238.16 292.9 310.35 1.4968 1
396.52 399.58 305.36 287.96 1.4477 1
392.51 395.87 325.3 307.97 0.87545 1
207.91 229.06 51.878 48.694 1.6083 1
