638.98 638.98 414.13 147.88 1.2509 1
136.62 575.37 479.01 478.97 1.2805 1
571.41 487.7 177.2 358.47 4.973 1
177.14 150.13 327.8 132.56 5.5339 1
487.86 170.47 360.51 330.59 11.858 1
201.46 517.89 44.363 78.955 4.9548 1
518.68 572.47 78.806 176.85 4.3837 1
163.46 171.44 103.22 89.753 4.5005 1
171.05 201.54 95.778 44.821 5.3904 1
150 164.26 132.87 108.47 5.0447 1
152.86 569.22 133.06 177 4.8249 1
174.51 167.44 92.344 103.86 2.6164 1
486.86 526.77 352.99 266.69 1.8628 1
527.9 554.21 264.13 206.67 1.5508 1
620.67 606.92 0.5926 29.925 8.2424 1
158.06 162.21 166.6 196.54 1.7913 1
456.64 439.16 75.177 73.709 1.25 1
162.77 164.17 199.14 211.62 1.8016 1
172.75 175.56 220.4 236.59 1.8726 1
