638.98 638.99 411.62 149.12 1.2534 1
139.12 574.12 479.01 478.98 1.2691 1
182.8 120.39 10.103 5.1537 5.3024 1
104.12 186.72 1.7544 6.1341 5.0116 1
400.42 371.85 80.521 332.9 5.4125 1
218.76 185.82 315.19 160.02 5.1448 1
119.21 56.585 6.7552 2.1661 4.9543 1
190.46 217.91 7.223 3.1377 3.8415 1
225.43 204.69 1.7581 10.471 3.8732 1
185.27 223.45 160.32 89.436 5.1651 1
401.55 265.32 22.809 13.648 5.8055 1
84.141 104.22 1.3496 2.5403 2.4216 1
264.21 241.12 14.168 57.609 3.8288 1
426.61 466.64 2.4644 3.0688 2.9715 1
368.94 220.14 335.62 317.3 8.5501 1
206.83 182.93 14.167 10.079 6.6139 1
187.88 387.73 160.32 179.39 4.4576 1
260.34 207.83 17.481 15.055 2.7281 1
55.376 17.876 2.007 2.1035 1.3465 1
206.61 241.64 11.927 13.87 2.5654 1
400.58 402.13 40.395 24.054 4.2048 1
394.58 400.34 95.425 42.871 3.3194 1
223.65 235.87 88.882 64.988 2.8958 1
432.35 427.61 45.284 7.7507 3.287 1
431.84 437.12 6.5962 45.477 3.3789 1
436.66 402.86 46.652 45.751 2.5324 1
404.13 430.37 42.695 44.145 2.2893 1
569.1 535.37 19.461 16.733 2.2534 1
372.77 382.17 295.36 214.19 1.7749 1
383.45 385.54 204.19 185.39 1.3802 1
610.38 571.62 19.151 20.141 1.8244 1
522.96 505.4 14.566 12.688 3.0175 1
