638.98 639 411.62 149.12 1.2693 1
139.12 574.12 479.01 478.97 1.2834 1
400.01 379.77 192.83 346.55 4.6406 1
225.92 196.16 348.78 195.22 5.1753 1
387.1 376.44 17.396 6.8066 3.5632 1
195.94 221.35 196.15 91.862 4.2041 1
376.92 368.23 8.3747 13.479 3.6781 1
407.94 402.25 1.0695 13.249 5.1343 1
330.57 318.22 6.5282 8.6271 7.1847 1
317.95 305.18 8.2877 10.499 5.14 1
373.42 399.28 69.011 192.84 4.3296 1
199.55 201.11 1.3807 12.064 5.6445 1
177.88 176.76 12.874 1.3688 5.0974 1
397.39 382.72 17.244 21.022 9.1337 1
233.35 225.1 45.479 82.815 3.5348 1
162.71 161.73 35.322 15.37 3.8682 1
89.158 19.112 47.55 50.017 4.5396 1
377.91 225.34 347.16 349.1 10.263 1
359.16 375.35 23.91 26.765 2.8247 1
362.9 377.82 6.7441 3.8568 3.9593 1
162.66 172.42 15.953 8.5261 4.6913 1
131.49 157.07 44.835 38.399 5.4738 1
156.62 161.62 37.873 32.87 4.4206 1
130.46 90.314 50.488 47.432 4.7827 1
156.74 126.64 52.067 47.766 6.5411 1
357.87 234.12 47.018 46.74 5.1569 1
375.47 402.92 26.237 23.341 3.9916 1
165.33 144.7 37.775 47.809 4.0402 1
200.43 179.02 12.229 10.332 12.01 1
200.36 396.64 196.07 194.81 6.7241 1
281.67 244.2 3.4131 6.3711 2.6561 1
1.6247 126.62 44.015 43.667 6.3754 1
376.77 358.92 23.143 20.519 4.4376 1
182.84 197.9 20.085 18.055 1.9067 1
304.07 282.6 11.773 3.5962 2.8361 1
630.23 612.95 0.90575 4.485 3.4184 1
281.99 301.55 0.50048 6.8618 3.5949 1
377.05 365.44 65.229 31.175 3.1729 1
17.949 1.5255 49.228 48.169 4.2248 1
368.59 381.32 27.628 64.232 2.9769 1
244.11 280.37 2.4741 1.3788 1.7024 1
126.56 149.6 33.971 24.693 4.6216 1
151.48 138 29.809 33.352 2.9912 1
137.64 132.31 33.731 36.933 3.0029 1
353.56 352.7 21.728 6.5637 3.4598 1
190.37 157.87 51.619 51.798 2.5481 1
243.35 242.88 7.8272 15.452 2.1762 1
377.14 392.05 341.69 227.93 2.1961 1
392.68 395.95 225.35 197.94 1.4451 1
230.43 212.85 48.503 50.096 2.2641 1
