638.98 638.99 412.87 147.87 1.2604 1
137.87 575.37 479.01 478.98 1.2771 1
276.03 337.81 12.585 29.354 5.1705 1
284.85 267.58 20.886 3.1611 3.7195 1
376.33 410.57 39.937 52.336 4.0723 1
408.63 368.87 56.68 41.508 5.2693 1
116.17 356.96 144.95 52.486 7.1224 1
337.71 376.89 31.044 40.526 3.9001 1
270.01 280.86 0.79677 12.342 2.9486 1
474.13 449.46 121.86 253.72 7.2293 1
367.87 283.93 42.899 18.564 5.428 1
477.25 475.5 105.46 118.07 7.9752 1
165.65 117.87 314.05 144.67 6.2305 1
405.79 264.34 293.11 409.39 7.8313 1
237.95 479.49 228 94.553 8.7832 1
450.73 406.13 253.27 293.43 8.9142 1
240.03 166.08 383.25 314.62 5.7764 1
542.62 559.78 23.09 43.578 2.8994 1
494.1 487.13 34.161 28.506 5.2748 1
481.63 489.6 36.24 10.522 11.032 1
259.63 240.3 400.99 383.06 5.366 1
549.56 536.3 36.021 19.384 2.7475 1
491.21 493.66 12.788 1.0074 6.3232 1
510.02 493.95 41.628 35.85 9.5027 1
425.46 409.09 62.659 56.097 6.9661 1
512.56 508.84 19.049 34.36 11.489 1
557.75 547.24 45.487 33.583 2.372 1
623.64 609.94 70.929 55.883 3.1038 1
357.52 464.5 52.695 87.977 4.5077 1
610.93 623.24 52.338 65.022 1.9792 1
511.89 517.51 32.611 38.243 6.1881 1
484.38 482.46 13.895 1.3069 8.4618 1
95.309 136.74 12.284 7.6909 3.314 1
421.6 450.54 53.894 50.611 4.2895 1
430.5 474.21 61.139 72.562 3.1609 1
491.5 425.43 82.062 63.916 3.8029 1
1.4863 94.183 21.491 12.206 3.4922 1
442.86 460.45 40.471 43.699 3.6885 1
516.73 510.72 0.65505 15.513 7.9166 1
447.91 429.14 58.308 58.695 3.8524 1
585.17 587.1 1.3717 9.3141 3.0194 1
144.25 1.525 11.699 25.598 4.1703 1
461.48 454.37 52.569 55.893 2.9426 1
536.26 537.1 3.9266 12.947 6.57 1
1.0316 12.811 5.1943 2.5866 6.3724 1
471.7 455.51 49.704 47.924 4.6968 1
581.14 573.54 19.571 32.532 7.5487 1
133.09 162.87 7.6736 1.6183 2.7191 1
262.86 238.89 397.88 228.98 4.0316 1
554.14 540.36 2.0957 2.491 2.5707 1
466.31 478.01 36.803 33.315 3.8243 1
476.56 477.99 71.62 54.134 9.026 1
566.12 564.61 31.881 21.554 6.9068 1
570.18 571.68 20.352 7.7332 5.4068 1
575.24 603.05 46.264 50.463 5.2011 1
205.45 236.9 205.26 226.22 2.427 1
589.18 579.19 54.995 53.628 2.8161 1
416.52 439.13 43.297 40.376 2.521 1
181.75 145.23 3.4863 10.914 3.4048 1
447.83 422.85 46.223 48.91 3.501 1
639.14 625.37 72.256 72.339 3.1552 1
535.35 569.06 116.7 126.83 2.6307 1
561.59 575.4 91.848 93.988 2.2789 1
565.43 534.19 131.46 121.44 2.5134 1
615.12 634.25 52.646 57.348 3.9606 1
