638.98 638.98 411.63 146.63 1.2523 1
474.29 437.34 164.75 303.65 5.4862 1
135.37 574.12 479 478.98 1.271 1
436.99 434.94 303.1 317.81 4.7804 1
480.66 474.1 139.2 164.44 6.3161 1
214.94 211.45 210.58 160.3 5.8886 1
211.9 208.01 159.16 41.579 4.9559 1
434.78 327.32 314.18 341.98 10.132 1
287.98 299.57 345.45 147.97 3.5125 1
269.76 216.77 320.06 212.17 5.7506 1
574.25 639.87 19.409 37.714 9.0118 1
295.31 285.86 179.12 339.08 2.0676 1
283.51 294.67 339.16 150.41 2.7976 1
574.23 572.74 33.949 22.567 6.3591 1
280.98 270.02 341.98 320.56 6.7027 1
297.87 468.88 146.6 131.38 8.5781 1
287.41 281.23 351.93 342.33 9.0127 1
639.83 573.25 49.056 30.734 12.562 1
230.79 298.65 68.754 144.68 4.4451 1
340.36 440.36 1.9149 5.8407 3.1356 1
296.81 296.05 150.38 169.15 1.5023 1
426.47 436.42 319.58 333.37 9.0545 1
338.49 470.66 41.423 121.95 5.8397 1
298.57 285.8 363.48 349.71 9.4211 1
209.13 339.13 43.666 42.357 5.818 1
326.89 290.01 341.54 350.05 9.3718 1
429.84 425.86 328.06 343 5.1533 1
626.6 614.16 64.449 63.617 3.0304 1
561.19 551.15 47.517 42.598 2.2902 1
605.31 561.33 63.082 48.789 2.9419 1
182.94 140.49 21.337 12.347 3.4526 1
540.42 523.11 31.499 25.888 2.8602 1
25.378 1.6145 18.076 18.437 2.7464 1
261.64 254.11 12.162 12.332 5.0551 1
573.99 559.07 5.8764 1.8309 4.1715 1
199.46 200.2 1.5534 17.883 2.4975 1
201.8 190.47 24.8 21.324 3.9517 1
39.098 26.568 15.965 16.479 2.4979 1
