467.89 496.86 31.708 26.744 4.153 1
496.55 468.14 29.966 35.479 3.754 1
638.99 638.99 411.62 149.12 1.2565 1
137.87 574.12 479.03 478.97 1.2986 1
407.86 585.58 211.61 74.388 4.7588 1
359.98 421.1 4.5538 18.856 4.4547 1
355.34 330.47 4.3906 0.96974 3.2041 1
275.08 254.29 295.25 135.03 5.5913 1
503.39 495.6 22.189 29.369 3.7497 1
408.06 359.94 19.58 8.5315 5.1714 1
503.38 521.44 15.297 7.443 3.4387 1
521.46 505.39 11.232 17.904 3.4635 1
578.02 537.54 99.649 231.14 5.2337 1
255.78 446.31 132.42 34.753 4.241 1
421.35 454.18 18.776 28.935 3.926 1
390.23 274.58 381.38 296.01 7.4712 1
449.05 408.9 31.837 18.547 5.1312 1
456.62 467.84 29.306 29.819 2.6115 1
484.12 462.58 20.331 23.092 3.847 1
464.12 499.13 18.729 18.055 3.6531 1
584.39 577.4 80.035 100.26 6.6793 1
539.01 395.32 232.73 380.32 6.1699 1
552.17 548.24 0.88692 11.293 6.2893 1
360.79 350.49 7.4452 4.9022 3.9403 1
560.81 502.58 66.422 48.84 6.3912 1
496.61 485.33 21.854 20.877 2.7063 1
1.5145 84.045 12.047 1.0252 3.4627 1
502.07 462.31 48.832 37.32 4.7706 1
470.32 520.35 36.857 49.21 3.0867 1
110.2 1.4867 0.39942 15.638 4.0141 1
549.31 524.35 14.143 12.298 8.3088 1
522.88 545.31 19.08 21.065 2.4903 1
611.64 639.18 18.883 20.849 3.2948 1
639.19 601.57 24.743 20.958 4.3492 1
516.63 504.07 25.369 23.166 3.1106 1
463.5 449.85 36.255 31 5.0273 1
585.03 559.89 72.853 65.857 4.9531 1
258.24 405.03 135.93 212.28 4.4388 1
506.74 517.96 20.734 22.205 2.6413 1
592.78 620.51 63.397 68.391 3.0258 1
571.57 594.14 30.119 25.445 2.2814 1
595.39 581.56 19.197 22.631 2.4263 1
29.22 14.042 1.9525 6.3372 4.2965 1
554.15 536.46 21.804 24.043 3.5634 1
594.25 581.85 28.391 31.334 2.0825 1
513.71 518.92 45.27 25.001 6.7086 1
617.94 586.59 71.27 65.54 2.5783 1
589.25 596.55 1.5081 9.1948 1.9931 1
590.33 615.28 93.068 99.48 2.7658 1
262.26 267.65 169.2 214.15 1.6875 1
636.67 589.22 108.97 96.268 2.5005 1
563.04 588.02 4.2993 8.1565 2.5617 1
270.09 271.82 231.66 246.6 1.5294 1
260.32 261.49 152.88 165.39 1.8243 1
