638.98 638.98 412.87 147.87 1.2523 1
225.95 226.22 261.63 99.124 5.1871 1
226.24 226.04 94.128 65.362 3.8848 1
135.37 574.12 479 478.97 1.2804 1
353.16 225.69 347.45 261.16 5.0513 1
228.64 406.47 66.372 153.18 4.7328 1
226.97 413.99 65.222 1.2221 4.8834 1
551.37 486.22 49.763 210.21 4.2541 1
482.85 381.91 215.35 322.03 6.795 1
337.68 300.09 176.06 165.09 3.2016 1
325.17 288.93 233.54 222.26 2.8928 1
298.91 325.63 133.56 142.06 3.8974 1
415.43 551.1 1.4702 49.372 3.9382 1
301.52 329.08 168.22 176.78 2.5526 1
341.97 297.56 142.93 130.23 3.2648 1
360.39 349.5 345.22 351.07 9.1369 1
293.01 318.97 226.22 234.6 2.0704 1
311.51 294.29 280.71 274.88 2.787 1
406.49 548.86 151.44 51.779 3.7913 1
380.51 355.59 246.98 345.11 4.3638 1
218.55 230.65 277.22 266.59 7.7671 1
291.92 271.07 127.6 107.19 2.8281 1
285.4 306.8 274.05 282.43 2.5804 1
222.61 224.76 296.72 273.95 7.4669 1
274.43 266.38 210.19 196.78 3.0027 1
281.74 270.16 154.03 139.3 3.7205 1
378.92 360.42 325.15 344.17 8.0386 1
229.12 229.16 100.38 156.62 1.2626 1
229.13 229.13 75.375 92.875 1.25 1
229.13 229.13 161.63 206.63 1.25 1
295.47 231.55 133.94 100.52 2.4185 1
229.12 229.12 214.13 259.13 1.25 1
401.92 397.36 162.95 180.57 3.4016 1
270.07 263.01 258.06 246.54 3.0258 1
393.99 297.92 184.39 135.28 2.3213 1
232.91 273.06 97.808 118.76 2.4582 1
639.51 627.01 8.4901 0.98169 2.7867 1
275.25 286.56 119.32 126.73 2.8147 1
399.23 327.47 160.16 124.95 2.2235 1
395.98 381.54 186.46 244.1 3.6552 1
293.2 282.94 162.48 154.05 1.7593 1
316.62 270.47 112.89 90.188 1.5831 1
329.09 394.23 147.94 181.41 2.0391 1
272.82 286.65 139.55 141.42 3.1471 1
275.1 298.02 106.46 112.32 4.2808 1
350.29 319.14 129.29 114.1 1.25 1
305.17 328.25 110.79 122.1 1.8106 1
265.16 231.85 234.47 213.76 1.9809 1
269.05 284.11 196.94 200.43 2.9998 1
328.71 400.53 122.47 157.57 2.3972 1
408.61 403.87 160.55 180.31 1.8475 1
328.73 336.46 164.48 173.02 2.1187 1
330.54 342.38 128.96 140.87 3.5452 1
