324.14 328.39 284.16 124.07 5.0218 1
638.98 638.99 412.87 147.87 1.2626 1
322.23 324.31 389.14 285.35 4.6294 1
550.29 499.51 200.04 403.6 6.0666 1
136.62 574.12 478.99 478.99 1.2569 1
322.77 322.3 401.67 387.81 3.8756 1
399.89 381.78 9.0085 1.2633 6.0718 1
187.56 211.85 27.771 34.554 3.7524 1
269.1 254.07 24.751 25.438 4.0313 1
373.28 383.07 38.456 52.74 3.8584 1
242.85 255.37 41.182 41 3.8587 1
422.94 400.39 9.2813 8.6651 5.4079 1
72.894 186.66 33.391 36.354 4.3274 1
289.19 286.76 32.862 20.349 3.6811 1
1.5062 71.58 23.984 27.514 4.8679 1
273.09 272.36 37.949 27.733 3.7404 1
411.8 411.9 47.868 32.869 3.8211 1
211.41 186.65 16.252 10.285 3.7776 1
376.46 394.55 1.2732 13.491 4.2233 1
564.75 553.73 1.0412 60.067 6.2565 1
406.42 407.86 27.783 44.236 5.3093 1
392.64 422.96 12.676 15.761 4.7431 1
281.25 277.5 18.338 35.565 5.792 1
340.69 341.89 29.168 20.243 2.6436 1
327.8 546.66 194.78 200.2 8.7055 1
329.49 331.38 122.98 94.191 3.9219 1
222.45 227.65 17.509 29.223 4.9496 1
393.39 383.1 32.879 28.592 5.8643 1
227.71 228.63 30.245 37.934 4.4631 1
485.43 325.29 402.86 399.23 7.954 1
354.99 343.9 25.511 22.425 4.6181 1
212.05 210.3 32.972 18.031 5.4022 1
298.73 298.16 19.161 32.939 3.4864 1
254.65 253.52 37.967 29.043 3.107 1
499.14 485.35 399.81 400.01 8.8961 1
202.96 193.9 21.337 18.607 2.3936 1
377.74 364.32 29.79 26.969 5.9214 1
466.45 549.83 97.803 198.76 5.9941 1
294.98 294.82 35.392 20.381 2.4868 1
415.14 415.26 26.619 45.376 2.5786 1
425.67 440.19 12.226 4.9939 5.0397 1
187.79 183.68 25.39 1.0673 7.8116 1
329.35 325.15 197.88 391.62 2.147 1
462.9 452.87 29.448 29.229 6.2758 1
544.13 545.43 59.125 44.239 5.5256 1
332.85 466.66 94.975 99.079 5.9174 1
327.82 323.81 415 402.11 12.149 1
560.81 570.79 48.953 1.4494 3.6609 1
496.6 493.22 406.44 430.42 6.3794 1
69.105 1.6472 30.784 27.428 2.4411 1
568.66 608.22 49.762 0.89188 3.6097 1
259.15 225.3 71.163 69.69 4.6158 1
215.64 188.11 63.377 53.46 2.9654 1
547.49 550.59 48.316 37.236 8.5712 1
574.06 624.13 60.626 62.774 3.2108 1
557.88 572.98 59.062 60.674 4.8391 1
548.32 557.32 39.806 0.91733 9.765 1
382.55 353.05 74.228 67.13 4.2763 1
595.74 564.03 0.93764 41.831 3.57 1
217.87 221.81 1.6264 16.899 4.5686 1
352.9 332.83 66.533 61.812 3.006 1
277.87 260.3 67.796 69.638 3.7296 1
634.11 570.38 52.578 51.388 3.0132 1
403 382.96 78.622 73.78 5.7409 1
404.32 401.92 47.779 74.038 2.9372 1
333.81 333.13 16.639 1.5572 2.5538 1
99.136 40.39 42.419 41.015 2.7381 1
480.42 477.21 44.134 59.249 4.7069 1
625.35 639.13 62.159 62.727 1.6607 1
130.38 105.38 42.875 42.875 1.25 1
330.38 330.38 151.63 169.13 1.25 1
451.6 437.54 69.05 72.899 7.7922 1
475.33 455.35 67.319 68.769 6.9374 1
29.124 11.634 40.401 39.982 1.3992 1
26.629 51.644 32.714 33.268 1.3051 1
68.965 72.557 1.6537 21.682 2.9021 1
417.96 406.63 75.823 75.374 3.7966 1
