475.46 455.4 126.64 239.35 5.1845 1
135.37 574.12 478.99 478.98 1.2617 1
638.99 638.98 411.63 147.88 1.2603 1
181.98 141.28 278.75 103.91 5.4791 1
474.07 476.22 109.29 126.83 4.506 1
482.41 475.94 101.35 112.48 4.148 1
455.23 444.62 240.13 301.49 4.0002 1
471.64 473.33 96.438 107.81 4.0764 1
476.64 481.61 90.37 101.8 5.4327 1
466.44 470.9 55.568 88.888 5.3658 1
471.72 475.93 88.737 92.191 4.4767 1
193.01 181.78 279.99 275.88 8.9623 1
209.1 466.57 44.675 55.428 5.4681 1
142.75 471.6 103.7 123.23 6.7458 1
462.45 190.69 307.43 282.03 11.585 1
572.94 512.78 10.699 6.749 3.6225 1
496.57 639.2 2.6509 10.265 4.1266 1
639.22 574.09 13.851 9.6788 3.8045 1
513.11 474.22 6.1229 0.90902 3.703 1
458.73 461.82 165.32 144.15 2.1395 1
458.66 461.66 204.05 185.38 1.4777 1
448.61 457.8 227.8 167.86 1.8039 1
464.16 467.02 174.13 155.43 1.25 1
441.47 443.21 274.11 255.41 1.25 1
151.26 168.32 92.503 75.832 1.25 1
