638.99 638.97 412.88 146.63 1.2689 1
136.62 575.37 478.99 478.98 1.2652 1
544.05 482.19 71.134 237.62 4.7259 1
192.98 175.82 249 58.972 4.692 1
482.25 474.22 237.52 240.63 4.4 1
293.19 541.92 151.35 71.3 5.703 1
175.67 420.65 59.474 14.386 4.8041 1
266.24 292.53 130.55 151.76 3.8918 1
278.27 193.35 347.53 248.54 4.6572 1
479.05 322.97 241.48 327.02 11.172 1
207.04 205.9 111.75 104.05 2.3969 1
421.03 543.91 14.184 69.592 3.9324 1
212.98 210.06 204.35 189.19 2.7366 1
212.89 206.46 153.24 131.68 3.3625 1
252.9 220.8 139.05 127.91 2.4605 1
251.65 220.2 170.3 159.66 3.2794 1
218.04 212.26 259.42 238.04 3.5215 1
251.32 265.79 119.15 130.21 3.5622 1
298.3 271.12 341.27 354.32 12.622 1
219.84 206.97 128.32 112.6 3.433 1
213.14 222.56 195.92 213.05 3.1249 1
251.99 230.3 228.06 220.6 2.7706 1
230.43 250.48 133.98 141.35 2.4668 1
219.59 213.79 213.83 204.79 3.1579 1
206.53 216.84 99.368 103.59 3.2606 1
212.41 226.94 187.86 193.29 3.798 1
208.81 226.71 131.26 137.65 4.1174 1
218 250.37 92.723 120.15 7.4991 1
203.42 183.68 112.26 94.628 2.6972 1
300.87 291.9 159.07 284.15 2.855 1
632.8 604.14 7.1158 2.7949 4.1306 1
251.42 224.91 277.09 265.15 2.3421 1
322.53 297.49 326.96 341.26 9.3002 1
219.35 213.14 157.95 150.16 3.513 1
182.38 200.34 89.691 105.41 2.3524 1
215.09 224.44 236.19 239.47 3.5987 1
229.27 212.65 145.08 137.1 3.3358 1
178.01 195.15 265.59 254.37 7.2457 1
223.53 236.37 212.55 220.78 2.8602 1
289.25 252.75 160.22 130.53 2.5596 1
222.91 210.25 110.28 105.72 3.1992 1
247.96 289.25 122.77 156.47 2.5924 1
226.57 215.27 199.23 193.07 2.8935 1
291.44 287.71 286.61 340.36 2.1824 1
293.52 296.41 222.83 181.61 2.2317 1
229.37 219.65 221.31 213.82 3.3582 1
289.18 246.57 185.31 149.2 2.5058 1
272.44 287.73 167.12 180.54 1.9931 1
517.79 528.93 132.84 102.8 1.4752 1
241.88 272.19 141.33 167.21 2.5513 1
249.4 227.81 127.55 109.2 2.2856 1
501.48 516.84 176.57 135.45 1.4673 1
238.74 250.4 274.95 280.33 2.08 1
191.39 218.34 71.926 92.645 2.9729 1
488 499.16 212.92 182.89 1.4395 1
290.37 290.37 275.38 257.88 1.25 1
192.65 194.25 215.4 229.11 1.6743 1
194.45 235.07 201.32 244.41 2.3935 1
222.53 192.62 235.69 203.11 1.7662 1
291.88 292.85 249.14 226.62 1.8385 1
213 236.79 172.75 196.46 1.25 1
179.96 186.52 271.15 264.03 3.679 1
376.58 350.55 128.97 137.18 2.0727 1
