638.99 638.98 412.88 146.63 1.2593 1
136.62 575.37 478.99 478.98 1.2569 1
193.34 164.95 336.56 145.25 4.8103 1
606.1 511.34 235.72 420.84 5.4887 1
581.71 606.92 117.14 236.03 5.5124 1
510.23 188.1 423.44 338.26 11.505 1
251.62 582.41 60.417 118.04 6.8874 1
166.01 251.76 143.5 59.286 5.4945 1
261.95 604.04 165.03 235.79 4.6031 1
167.85 261.74 145.49 164.8 5.5409 1
172.56 178.2 175.42 214.08 1.9583 1
178.84 180.29 216.66 229.13 1.6753 1
49.366 26.985 33.181 50.831 2.2262 1
581.42 590.16 276.52 259.02 1.25 1
6.6869 26.944 56.742 45.976 1.5516 1
