276.46 329.33 11.537 18.909 4.2913 1
321.57 274.07 20.803 14.522 4.3411 1
331.66 386.61 21.371 29.211 3.5439 1
421.89 451.8 37.177 32.796 3.5923 1
260.73 275.23 1.1427 11.825 3.5485 1
638.98 638.99 411.62 149.12 1.261 1
453.03 428.01 34.751 40.925 4.5863 1
383.18 325.06 31.922 23.867 4.8179 1
139.12 574.12 479.01 478.97 1.2889 1
459.19 477.4 19.254 9.4818 3.6514 1
477.25 461.57 12.977 21.524 3.2925 1
447.25 456.93 32.708 27.149 2.7904 1
397.88 550.9 230.38 75.895 4.94 1
386.69 414.25 30.083 36.031 3.402 1
273.14 255.04 14.168 0.42156 3.54 1
434.48 383.86 46.609 32.577 4.544 1
461.35 453.62 25.125 33.668 3.5311 1
268.63 234.98 321.46 164.92 5.4702 1
505.25 503.84 1.4369 11.757 4.5625 1
480.38 500.37 21.58 21.643 1.258 1
477.36 481.4 10.936 0.56197 8.1534 1
551.47 546.77 77.53 96.66 4.5367 1
545.95 527.53 101.21 187.09 5.0593 1
393.52 268.3 396.79 322.16 7.4136 1
485.29 435.16 54.667 46.742 3.3089 1
420.12 447.87 26.377 21.598 4.2014 1
454.09 424.11 25.012 27.658 3.5158 1
621.62 639.46 29.06 26.345 3.7073 1
233.9 413.2 164.43 45.87 4.7958 1
430.4 484.1 42.723 51.763 3.1126 1
527.52 518.32 188.77 230.75 5.0017 1
424.05 418 29.013 33.063 2.7728 1
542.04 550.88 1.2522 11.18 3.0079 1
449.11 456.63 22.799 22.87 2.5708 1
550.07 455.44 74.366 55.064 4.2291 1
1.1099 32.617 8.2669 0.56815 4.9394 1
520.22 398.53 231.51 394.93 6.7145 1
503.03 492.7 14.397 12.717 7.0016 1
189.64 114.99 -0.57352 24.215 3.9208 1
494.1 482.86 12.897 12.766 5.0725 1
580.37 565.37 18.465 18.458 1.2578 1
109.79 174.02 22.388 1.3003 3.8991 1
639.16 616.62 30.96 31.362 4.1286 1
564.12 600.38 15.674 15.704 3.75 1
474.15 461.66 27.672 26.294 3.0332 1
114.4 1.1411 24.165 48.084 4.2076 1
636.58 614.31 15.585 10.787 2.8763 1
1.3657 109.17 44.119 21.866 3.9474 1
464.24 475.4 23.393 25.202 1.8428 1
237.44 396.53 165.16 231.85 3.9912 1
600.25 611.49 16.428 17.779 7.5956 1
614.22 595.76 26.405 18.261 3.5308 1
46.362 1.2839 0.65386 12.866 4.3499 1
594.17 580.39 19.234 18.654 2.8657 1
473.78 475.52 47.958 28.91 7.9225 1
532.86 547.9 16.556 14.303 2.5328 1
579.04 542.93 66.005 61.202 2.3928 1
513 541.75 3.9042 6.4296 3.0793 1
545.41 581.58 58.837 63.218 2.8943 1
524.38 548.06 28.818 22.306 2.8626 1
551.71 596.48 88.694 97.359 2.4545 1
501.64 481.62 23.608 23.987 2.6415 1
529.11 540.39 53.747 53.279 1.6627 1
551.87 529.46 23.595 31.346 2.6827 1
599.22 551.6 101.13 91.769 2.453 1
612.79 636.6 16.441 18.256 3.6441 1
413.94 437.83 46.419 50.654 2.6012 1
516.6 490.36 57.047 55.567 2.2143 1
492.85 517.87 53.529 54.389 1.2922 1
639.21 606.64 108.63 102.79 2.24 1
620.32 639.11 101.92 105.45 1.6898 1
579.32 579.85 37.922 21.649 2.417 1
