136.62 575.37 479 478.97 1.273 1
198 158.45 302.57 122.47 4.739 1
638.97 638.99 412.87 146.62 1.2681 1
519.8 477.04 116.19 296.43 5.5448 1
157.91 191.62 122.24 52.225 4.2125 1
472.34 519.93 48.248 116.56 4.7589 1
191.65 471.65 52.056 48.143 4.7122 1
487.9 197.93 300.06 306.61 9.5056 1
161.62 516.64 122.34 116.5 4.5392 1
601.87 631.62 33.66 49.125 3.2839 1
630.98 614.17 52.859 44.044 5.0626 1
594.35 567.83 9.6212 1.7775 4.2206 1
613.52 595.3 44.339 32.99 4.6437 1
631.32 639.43 48.18 56.325 2.6699 1
581.53 599.14 1.8528 9.0925 2.8522 1
595.36 599.15 31.62 16.956 4.1712 1
603.59 599.89 15.997 27.72 3.8294 1
640.18 629.26 63.009 52.662 5.4443 1
182.77 198.23 217.9 289.05 2.0708 1
172.65 182.2 171.67 215.25 1.94 1
162.37 168.13 125.49 151.57 1.6446 1
411.63 331.63 52.875 52.875 1.25 1
249.13 217.88 54.125 54.125 1.25 1
277.88 257.88 54.125 54.125 1.25 1
