638.99 638.98 411.63 149.13 1.2616 1
137.87 575.37 479 478.97 1.2731 1
310.52 325.48 318.1 145.6 7.0905 1
481.75 312.65 345.74 321.96 6.7827 1
312.11 309.63 327.21 318.62 7.8992 1
325.63 326.78 147.8 115.38 7.4953 1
552.45 481.67 144.34 343.7 8.5871 1
330.23 549.12 115.3 142.91 4.839 1
326.48 353.2 115.91 16.713 7.2419 1
612.87 639.18 1.6803 2.6239 2.6776 1
494.12 553.94 33.547 144.9 5.6509 1
433.73 397.84 154.14 142.99 2.7116 1
426.79 413.91 187.3 183.62 2.747 1
411.25 437.53 150.48 157.84 2.9849 1
354.07 492.9 15.802 32.673 3.9553 1
466.63 427.88 188.08 188.18 2.5879 1
400.35 410.53 146.71 149.88 2.3871 1
418.01 396.48 248.55 243.51 2.4343 1
416.55 391.38 300.85 296.96 3.0357 1
415.41 329.1 160.15 148.07 2.4491 1
461.68 434.13 155.63 154.1 3.262 1
475.46 475.19 345.38 366.65 8.6854 1
429.22 442.91 189.91 192.71 1.9745 1
318.33 316.07 267.81 295.33 1.5709 1
437.87 459.11 158.18 158.54 3.7707 1
437.93 416.72 298.63 300.32 2.5914 1
544.11 462.94 151.74 141.14 2.5833 1
430.62 411.89 7.1583 0.83413 2.4155 1
452.87 419.14 247.8 249.48 3.4341 1
536.76 481.58 175.64 168.22 2.1447 1
321.56 319.37 232.87 261.64 1.3321 1
477.88 416.67 167.86 160.01 2.1938 1
329.12 326.05 151.62 186.57 1.3546 1
520.28 477.87 4.5652 6.5077 4.4324 1
320.71 313.28 345.37 332.45 7.7773 1
325.55 323.84 190.39 209.1 1.5858 1
460.24 431.38 12.537 8.2449 4.5777 1
351.56 326.57 270.8 266.98 1.5121 1
315.59 313.87 297.89 317.85 1.6745 1
330.39 380.32 145.25 152.03 2.4351 1
442.78 452.9 240.65 244.05 3.1666 1
402.81 415.4 302.08 303.93 1.7819 1
458.98 467.9 180.76 184.06 2.1652 1
