135.37 574.12 479 478.98 1.2665 1
571.41 520.29 61.195 235.35 4.9409 1
638.98 638.98 412.88 147.88 1.2536 1
289.09 572.7 166.54 60.752 6.0589 1
492.05 448.14 13.977 0.74995 3.3902 1
227.48 194.2 251.45 85.611 4.9304 1
458.16 493.08 0.6507 10.945 3.5969 1
579.16 559.02 22.988 30.089 5.8265 1
193.5 445.47 80.144 10.725 5.067 1
514.09 492.63 26.695 14.554 5.4393 1
534.14 562.84 26.905 25.713 4.2137 1
562.81 572.98 25.185 21.938 3.572 1
573.1 603.57 18.453 6.4628 5.1855 1
557.91 535.37 29.843 30.268 3.7729 1
193.78 192.6 87.734 80.222 4.2857 1
493.24 522.69 11.946 23.361 4.0927 1
603.99 584.15 11.13 16.706 3.6101 1
621.64 611.62 10.835 10.936 2.5878 1
521.71 303.41 236.42 354.05 9.5434 1
524.13 535.34 20.384 14.064 3.1055 1
304.33 226.82 350.76 251.74 8.8589 1
529.11 541.64 24.618 25.062 2.6315 1
313.21 304.09 350.77 349.34 7.4086 1
605.26 629.11 18.776 21.767 3.4097 1
570.36 529.03 17.547 19.104 4.782 1
579.3 531.41 51.099 34.77 4.2756 1
536.63 575.42 13.925 15.646 4.7993 1
638.07 622.15 14.569 10.698 10.275 1
595.41 582.72 25.205 22.313 3.3787 1
532.03 524.47 34.851 29.056 3.2739 1
536.59 594.43 32.974 51.958 3.7077 1
620.46 580.07 62.559 51.491 3.5995 1
471.77 568.55 21.25 59.342 4.7638 1
303.28 287.29 345.56 169.06 5.2146 1
524.23 514.21 31.328 27.653 4.0679 1
585.57 599.26 19.419 22.182 3.1921 1
592.2 597.48 48.96 27.472 10.03 1
446.28 458.89 11.293 15.994 2.3426 1
535.42 544.7 172.89 140.54 1.902 1
545.59 554.33 137.93 106.68 1.7847 1
626.62 607.81 24.201 22.294 2.5045 1
519.88 528.05 226.48 197.92 1.5465 1
253.91 236.66 135.6 119.09 2.0799 1
