638.98 638.99 412.87 147.87 1.2553 1
197.95 364.92 62.803 230.83 3.7353 1
136.62 574.12 478.99 478.98 1.2624 1
560.32 499.39 158.69 344.21 4.4537 1
28.046 1.5607 83.637 81.027 4.8352 1
142.57 151.4 26.631 24.464 3.642 1
223.94 202.08 230.6 91.554 4.4646 1
343.75 559.65 33.523 157.88 4.3546 1
499.98 355.14 344.64 422.44 7.5125 1
202.54 198.75 91.688 71.462 4.0705 1
37.932 25.224 40.21 35.81 4.044 1
172.89 157.75 19.059 15.994 3.6754 1
229.45 222.45 238.6 229.72 3.7189 1
235.25 199.48 55.927 62.34 4.0049 1
158.21 125.62 28.661 38.683 8.5489 1
9.4366 25.253 28.805 44.217 5.3487 1
353.76 228.64 421.88 239.46 7.1056 1
107.77 127.89 32.355 35.269 2.9944 1
46.672 64.133 41.373 40.549 2.674 1
125.53 92.872 37.741 34.155 3.986 1
24.1 33.275 43.836 56.015 4.992 1
240.44 343.02 54.423 33.566 3.9239 1
155 152.19 14.471 1.2397 3.511 1
83.013 49.474 38.515 45.742 3.6451 1
82.908 107.95 33.117 29.683 5.8028 1
91.629 144.14 22.13 21.663 2.7333 1
23.085 1.7691 97.237 104.55 5.0675 1
5.6173 17.723 22.371 28.191 3.3363 1
63.925 83.599 38.393 33.029 6.907 1
229.05 206.99 55.469 38.65 2.8431 1
217 233.43 42.334 53.862 3.0696 1
40.024 25.278 77.489 92.83 5.5466 1
3.0223 1.8135 79.444 70.519 2.4661 1
30.466 24.218 28.519 17.267 3.2785 1
94.197 81.301 25.237 18.494 2.7438 1
119.12 91.572 24.053 25.777 3.1199 1
23.578 47.612 101.18 80.075 4.216 1
31.182 39.048 5.131 31.154 5.7326 1
496.58 554.48 342.86 166.74 2.4884 1
92.914 83.803 35.524 37.881 3.0044 1
176.18 172.91 13.004 1.6162 2.5812 1
72.705 54.131 4.874 6.6818 1.8437 1
205.39 218.18 92.873 172.83 2.074 1
511.92 556.98 177.4 160.04 3.8724 1
367.74 496.9 232.52 183.61 2.4971 1
1.9264 21.882 107.79 102.62 3.8994 1
29.483 25.1 72.4 81.492 7.2988 1
35.336 55.392 96.553 95.96 2.7944 1
228.31 225.53 250.28 237.84 5.282 1
292.89 309.16 28.114 27.381 1.3049 1
374.54 339.45 14.186 25.167 2.6773 1
223.23 202.61 92.519 71.888 1.25 1
199.13 166.72 90.382 98.255 2.3605 1
405.35 369.03 215.3 228.86 2.0455 1
338.13 369.25 22.494 13.295 2.0742 1
228.9 257.85 39.399 32.75 2.0577 1
274.13 289.12 30.437 29.06 1.8168 1
516.54 477.83 136.77 114.19 1.3523 1
74.17 59.368 93.026 97.441 1.9335 1
56.615 80.516 95.347 87.029 2.158 1
368.15 347.41 228.85 208.34 1.8165 1
186.5 199.26 89.673 87.394 1.67 1
292.86 277.85 31.464 32.441 1.6532 1
431.55 407.96 205.19 214.33 2.0689 1
315.69 300.58 177.55 162.67 1.25 1
311.63 296.65 29.156 30.597 1.723 1
499.06 511.53 182.73 177.65 2.2727 1
109.07 84.312 11.308 15.289 3.0636 1
14.164 1.6069 112.64 112.31 2.6648 1
228.66 226.91 260.47 251.57 1.9702 1
7.8562 17.895 69.453 70.028 1.6768 1
