213.31 209.62 269.09 107.84 5.5997 1
638.98 638.98 414.12 147.87 1.2538 1
136.62 575.37 479 478.97 1.279 1
209.32 208.52 105.33 77.82 3.6757 1
208.24 414.34 77.835 16.088 4.3097 1
210.22 373.16 78.161 167.36 4.9861 1
330.87 213.18 359.74 268.72 4.7998 1
373.33 545.56 166.47 68.195 4.3489 1
548.55 483.78 65.897 228.49 4.752 1
277.95 301.85 147.67 155.96 3.2299 1
311.5 272.96 188.29 176.35 3.1578 1
415.04 547.72 16.26 65.793 3.8718 1
479.64 464.71 233.47 246.27 10.847 1
315.33 268.64 156.78 141.89 3.469 1
336.87 327.84 358.36 362.81 7.2481 1
276.62 311.4 180.4 191.11 2.6707 1
343.63 336.67 350.86 361.65 7.9624 1
267.4 250.69 140.79 121.36 3.3926 1
304.12 272.5 245.39 235.31 3.0368 1
258.18 250.02 165.19 151.84 2.7848 1
258.88 246.56 226.78 206.66 3.1329 1
464.4 343.95 246.59 352.33 8.6305 1
353.16 333 260.69 357.9 3.5433 1
377.82 341.31 172.86 345.57 2.8156 1
212.79 213.64 111.63 165.38 1.805 1
295.4 266.37 292.8 282.33 3.3926 1
250.99 247.16 267.64 257.67 2.872 1
215.11 216.15 219.13 267.89 1.7316 1
272.77 304.02 238.21 248.22 2.5269 1
246.85 259.32 127.51 135.05 2.1655 1
207.67 218.41 279.92 275.04 7.4506 1
302.77 314.21 155.78 158.81 2.3454 1
266.2 296.67 285.27 296.49 2.7161 1
594.14 571.69 3.9847 1.0969 2.3201 1
257.95 214.03 137.74 111.78 2.5924 1
208.32 211.05 300.44 280.3 6.6975 1
214.35 215.71 171.62 216.65 1.4774 1
215.38 246.29 109.11 127.2 2.4003 1
263.62 251.05 280.84 267.15 1.8408 1
346.65 246.62 156.57 101.63 1.6525 1
365.4 353.54 200.13 259.01 3.2479 1
247.63 261.71 255.02 258.8 3.7096 1
370.31 366.07 177.86 194.3 2.7721 1
248.79 266.61 206.55 211.68 3.2573 1
367.95 329.24 175.25 153.92 2.1898 1
339.23 348.81 342.9 296.56 1.8582 1
251.33 269.11 150.09 155.44 3.5908 1
362.92 366.94 230.39 211.43 1.9999 1
252.72 276.94 118.39 125.57 3.8194 1
300.33 326.61 159.21 174.15 1.9792 1
328.33 305.33 153.32 140.46 1.8878 1
274.29 255.2 160.97 156.04 1.8752 1
276.32 300.72 120.92 134.78 1.7593 1
363.07 306.29 198.79 165.95 2.2082 1
353.07 356.79 277.92 260.41 1.7425 1
350.09 352.84 291.56 279.12 1.7596 1
252.91 216.5 247.83 221.8 2.1809 1
272.25 258.44 176.15 164.97 2.5004 1
212.25 212.96 90.345 105.43 2.3795 1
337.6 358.15 180.87 192.39 1.8341 1
342.8 360.38 158.01 167.87 1.7016 1
