594.21 512.71 124.27 302.23 5.5441 1
638.98 638.98 412.87 146.62 1.2537 1
137.87 575.37 479.01 478.97 1.2809 1
205.48 202.04 112.91 124.25 3.8418 1
511.81 212.85 304.41 323.8 10.903 1
208.51 206.82 169.2 182.9 3.2501 1
206.83 197.34 79.262 93.773 4.4686 1
210.34 207.71 162.94 114.2 4.4862 1
214.18 211.16 209.21 169.16 4.4699 1
202.24 206.47 125.15 136.68 3.5208 1
201.7 208.92 179.16 162.78 5.6201 1
195.17 209.18 87.691 71.819 5.0735 1
197.1 203.83 123.11 109.61 4.4837 1
207.38 210.57 182.22 191.56 3.5799 1
204.95 213.09 227.69 208.68 5.4191 1
211.58 511.62 34.809 41.666 4.841 1
196.34 195.32 99.151 87.768 4.3997 1
212.59 210.45 214.09 230.39 3.6148 1
199.19 205.45 93.441 106.59 4.407 1
222.63 214.78 319.14 215.42 4.3445 1
211.85 202.34 199 182.08 6.1256 1
198.84 198.78 130.37 121.64 3.7868 1
207.83 199.01 142.91 130.46 4.6746 1
204.05 194.62 110.11 97.505 5.2427 1
208.44 209.12 105.36 80.341 3.7827 1
209.24 210.37 71.669 36.585 4.5532 1
208.99 207.87 234.28 224.27 3.588 1
212.87 592.88 126.74 124.87 4.1596 1
511.76 594.61 41.502 123.65 4.6862 1
215.93 207.42 246.29 232.39 4.2645 1
511.52 560.42 297.83 190.4 1.8826 1
507.14 498.76 311.74 330.21 6.1026 1
222.47 224.14 164.15 195.37 2.1625 1
214.72 215.6 171.6 190.36 1.25 1
376.62 302.89 41.67 39.934 1.5144 1
220.52 220.3 185.39 166.63 1.25 1
563.96 580.42 182.8 146.65 1.4525 1
220.75 221.39 142.86 159.13 1.7848 1
224.41 227.1 199.19 236.68 2.4858 1
222.29 222.63 217.89 202.87 1.5385 1
229.12 229.12 265.38 282.88 1.25 1
246.63 212.88 37.875 37.875 1.25 1
218.65 218.28 154.14 141.61 1.5436 1
225.13 223.83 250.39 225.39 1.7669 1
226.58 227.84 237.88 252.88 1.7716 1
422.88 392.88 42.875 42.875 1.25 1
194.55 204.51 228.22 225.58 6.0417 1
212.88 212.88 46.625 69.125 1.25 1
