556.02 514.19 63.672 235.09 4.8865 1
136.62 574.12 478.99 478.97 1.2672 1
638.98 638.98 412.87 145.37 1.2526 1
221.23 181.6 262.67 99.434 5.013 1
273.88 556.53 176.01 63.274 7.1614 1
516 304.72 237.72 357.68 10.419 1
629.51 626.26 1.0222 12.415 4.297 1
291.83 220.25 351.99 261.46 6.4994 1
181.46 430.09 93.572 18.194 8.0218 1
295.73 271.97 349.08 174.08 4.0522 1
576.03 548.86 21.657 34.889 6.5956 1
554.81 585.96 26.886 9.1959 5.5308 1
522.8 506.24 36.819 30.076 6.2599 1
621.7 605.5 14.075 8.9097 12.617 1
520.2 554.14 29.375 26.794 5.0804 1
590.35 576.83 15.29 18.696 4.247 1
584.11 588.63 51.183 25.507 8.766 1
547.87 529.13 34.015 34.149 5.0178 1
517.92 529.39 21.709 15.899 3.3882 1
537.42 542.72 125.26 104.09 1.8176 1
505.55 486.8 29.999 21.256 1.8909 1
489.77 553.41 39.73 61.246 7.8382 1
511.37 537.32 233.12 126.49 2.4934 1
536.67 579.27 37.729 49.866 3.278 1
500.25 513.21 24.68 27.695 4.2189 1
530.36 565.4 15.803 16.661 4.147 1
634.16 625.45 20.041 26.72 3.9681 1
550.62 530.4 48.407 41.548 3.9528 1
441.52 419.43 8.183 0.71681 2.0179 1
584.32 571.88 28.229 25.488 3.5386 1
185.9 193.96 102.75 136.66 1.5651 1
557.84 522.84 21.929 23.394 3.5375 1
66.558 1.5171 1.108 9.5431 3.2578 1
581.5 551.19 57.036 48.1 3.8877 1
16.542 1.5621 2.0221 3.4784 2.6092 1
601.69 585.31 61.286 58.212 2.6877 1
