638.99 638.99 412.88 147.88 1.2551 1
139.12 572.87 479 478.98 1.2649 1
479.4 449.44 175.18 322.94 4.2744 1
345.8 479.1 51.256 175.5 4.38 1
295.74 292.82 1.4762 18.906 4.7302 1
449.17 317.8 324.25 371.42 7.9022 1
31.41 45.624 1.7321 30.251 3.921 1
21.87 35.461 97.641 96.173 3.0153 1
36.59 19.236 101.37 103.7 6.933 1
27.903 1.0682 6.7438 12.978 5.35 1
285.54 277.59 23.2 27.335 5.0573 1
219.75 267.53 76.268 159.86 4.494 1
267.78 261.48 15.785 20.167 4.9075 1
215.4 192.94 21.714 29.313 7.8881 1
34.972 49.532 95.85 88.704 3.8347 1
45.477 43.672 50.364 32.793 4.3693 1
1.4117 22.711 102.81 99.362 3.9014 1
33.447 29.106 19.364 7.0734 3.6062 1
242.6 220.1 213.96 81.459 3.93 1
295.47 286.22 20.596 24.381 3.4706 1
60.562 57.35 44.449 33.904 3.5873 1
259.19 345.55 68.188 51.291 4.1859 1
277.06 258.01 27.905 31.167 4.2953 1
44.134 50.04 61.63 51.431 3.535 1
76.545 83.147 19.151 39.443 7.4903 1
57.984 47.461 82.795 95.018 4.0526 1
57.346 51.828 33.113 20.846 3.7039 1
121.62 139.09 32.828 30.137 2.6612 1
51.193 47.447 21.175 14.361 3.0109 1
56.144 44.68 44.364 21.348 2.8036 1
49.507 55.003 37.06 48.062 2.1048 1
265.66 295.41 33.899 25.486 3.7906 1
154.1 121.84 29.02 36.326 3.7041 1
245.79 243.35 223.06 211.79 5.1513 1
77.887 70.26 55.419 57.443 2.112 1
315.13 310.09 369.21 354.61 8.7207 1
305.48 394.25 224.52 200.86 3.7855 1
55.88 48.181 53.213 59.499 3.9527 1
67.13 75.097 5.8152 19.29 4.9402 1
314.82 306.11 352.91 225.32 3.6301 1
289.11 281.6 17.829 20.3 3.562 1
138.41 179.36 27.851 18.937 5.9492 1
0.94061 17.904 6.8695 1.7222 5.1475 1
190.2 162.92 30.303 26.333 3.1483 1
20.181 1.4016 105.01 107.26 5.4608 1
137.86 105.26 81.551 89.932 3.0784 1
49.702 43.569 73.969 63.191 2.7957 1
109.01 102.33 22.247 7.5537 3.0012 1
308.16 246.83 354.66 223.36 5.3175 1
42.249 38.69 14.571 6.2755 5.1187 1
167.75 185.57 23.589 26.811 3.2454 1
159.12 209.12 14.143 14.419 2.7416 1
105.39 88.289 29.101 19.628 2.6744 1
111.35 115.14 1.4397 21.433 4.6803 1
251.76 220.59 69.931 75.344 4.0198 1
94.244 135.39 89.595 79.182 2.7451 1
51.634 66.707 6.3852 6.9505 7.8227 1
72.97 62.624 46.8 52.411 8.4736 1
162.81 154.11 26.991 27.675 1.8673 1
285.78 263.33 61.219 38.673 2.7188 1
24.779 41.747 80.184 73.17 3.1883 1
104.28 86.677 89.712 94.325 2.1599 1
160.88 146.59 16.461 6.6774 3.3648 1
266.64 290.29 36.598 60.46 2.6476 1
42.507 23.47 75.881 85.302 2.8295 1
121.83 94.612 53.392 64.11 2.9591 1
90.173 105.57 16.957 26.3 1.9093 1
38.3 0.88239 28.067 39.108 7.2132 1
66.622 37.818 99.098 102.38 2.9083 1
95.512 116.87 60.721 52.25 2.5443 1
395.42 462.82 200.54 181.43 2.2809 1
446.57 474.57 321.61 182.97 2.0428 1
1.6077 30.409 16.947 18.491 3.7446 1
474.28 396.57 175.21 102.94 1.5107 1
177.95 154.24 3.3389 7.2893 2.8768 1
19.062 1.3864 24.569 22.047 4.9498 1
336.63 321.62 25.468 26.611 1.9109 1
