137.87 575.37 479 478.98 1.2652 1
638.98 638.98 412.87 146.62 1.2537 1
215 183.42 305.23 118.82 5.7542 1
604.24 516.01 244.18 423.82 4.8184 1
622.74 607.61 112.71 242.99 5.2865 1
184.09 288.8 118.31 42.91 4.4636 1
512.44 209.96 426.46 305.78 11.111 1
288.76 622.47 43.401 112.33 5.1254 1
18.265 4.3272 20.95 18.127 4.1717 1
186.46 604.16 119.72 235.24 4.0481 1
67.654 1.244 116.24 99.375 3.6541 1
1.2907 75.126 95.466 113.87 3.931 1
12.62 4.8346 13.042 1.1601 3.4973 1
76.098 1.0907 114.52 160.76 4.0959 1
20.653 64.755 143.34 116.84 3.2308 1
135.15 108.13 22.494 38.317 2.4195 1
20.209 65.323 66.154 50.227 2.218 1
79.558 110.5 46.487 34.435 2.3903 1
111.55 136.92 34.019 17.063 2.1014 1
107.71 74.551 38.702 51.481 2.5258 1
559.09 579.21 329.11 287.92 1.5185 1
585.3 595.49 275.34 254.18 1.4616 1
152.61 134.87 2.6374 22.301 1.8564 1
1.5575 17.963 155.26 145.52 2.5867 1
