484.42 428.43 129.69 311.03 5.2506 1
638.99 638.98 412.88 147.88 1.2572 1
136.62 575.37 478.99 478.98 1.2643 1
428.84 290.36 310.53 346.56 5.8938 1
305.29 484.31 145.7 130.03 6.7251 1
558.83 639.48 6.2595 33.066 5.1989 1
640.7 556.56 47.026 18.177 10.912 1
207.11 206.38 189.12 34.12 4.8891 1
611.58 594.32 55.555 50.892 3.8486 1
558.2 560.41 14.247 8.3596 6.73 1
230.87 205.97 243.32 189.33 8.7441 1
284.96 231.34 346.84 243.62 6.7736 1
289.48 300.65 275.29 164.15 2.743 1
301.78 290.65 177.89 287.9 2.3324 1
639.3 609.55 67.398 56.703 3.237 1
581.4 612.76 45.858 49.984 3.6531 1
593.62 552.46 51.858 37.856 3.4775 1
556.62 512.87 7.0808 6.9175 1.3993 1
287.95 293 344.13 290.39 3.0663 1
293.26 305.01 289.04 172.97 2.9597 1
304.34 302.45 150.39 174.09 1.7949 1
613.85 639.11 54.873 64.167 2.656 1
305.55 307.07 170.39 149.07 2.6769 1
640.53 631.66 7.2514 27.195 4.8188 1
391.95 371.65 290.13 296.69 2.3431 1
395.53 379.28 244.81 248.53 2.437 1
509.11 531.62 4.7302 4.0783 2.8245 1
337.83 481.64 30.441 128.44 6.2896 1
537.71 580.44 27.01 45.23 3.1625 1
243.85 306.95 70.609 144.02 5.8683 1
412.92 390.48 188.1 192.2 2.7897 1
399.15 416.67 164.32 161.98 2.478 1
441.72 455.45 257.9 212.9 1.7225 1
544.13 559.13 4.1986 4.1965 2.4997 1
283.53 289.25 336.57 275.39 2.4999 1
551.98 528.79 37.207 24.747 3.2215 1
289.22 282.83 351.81 346.68 4.4888 1
474.22 412.93 138.83 144.7 2.5554 1
529.2 505.6 16.411 8.4454 3.5529 1
432.88 419.11 154.59 154.87 2.6536 1
290.64 287.59 289.15 317.85 2.0357 1
456.57 467 209.11 175.49 1.5643 1
514.3 529.17 8.5185 12.716 2.406 1
625.2 637.78 25.283 0.92943 6.3107 1
392.91 411.57 232.32 233.62 3.0154 1
425.3 423.09 322.51 331.68 9.6801 1
301.12 290.12 359.89 352.62 7.3122 1
412.39 401.54 234.81 244.02 3.0019 1
209.1 337.86 28.634 30.241 7.2031 1
382.95 399.02 279.69 281.35 2.7431 1
407.91 432.89 147.57 150.24 5.1045 1
434.04 324.06 163.42 176.1 2.3873 1
362.83 349.1 297.05 295.64 2.4869 1
300.9 302.58 162.93 147.98 2.2213 1
450.38 435.38 161.65 162.9 1.8681 1
404.08 424.09 176.98 179.43 3.5703 1
381.68 364.18 191.21 188.76 3.1692 1
369.15 386.47 153.01 149.58 3.1929 1
311.57 300.59 361.96 360.26 4.2671 1
392.86 406.64 148.92 148.04 1.8055 1
422.33 419.19 329.89 337.9 5.5676 1
