638.99 638.98 411.63 149.13 1.2654 1
275.2 261.63 20.673 12.874 3.8965 1
137.87 572.87 479 478.98 1.2698 1
483.6 454.38 172.52 318.93 4.4088 1
345.91 483.25 49.938 171.37 4.4536 1
455.2 320.73 319.93 371.81 8.0095 1
290.31 289.89 1.5372 7.8425 2.7438 1
25.331 40.846 4.1484 33.29 4.1121 1
262.95 255.39 14.219 20.389 3.5174 1
43.148 50.299 37.086 52.25 3.9891 1
190.64 194.94 25.533 18.363 3.8768 1
244.44 221.89 211.79 85.328 4.1692 1
209.26 189.06 22.026 28.924 7.5302 1
24.065 42.953 101.47 94.331 3.9755 1
246.62 265.36 31.785 32.158 1.4988 1
39.873 38.864 51.579 35.314 3.8202 1
288.84 277.39 17.102 21.249 9.0784 1
1.5492 17.921 106.23 103.12 3.4509 1
220.67 268.13 76.443 152.71 4.1715 1
55.839 51.941 54.041 32.59 4.6944 1
70.349 79.095 19.134 44.136 7.2541 1
20.745 1.278 9.9725 13.41 4.9238 1
272.91 252.89 26.8 30.446 3.5754 1
27.674 22.043 22.968 10.759 4.3644 1
42.786 50.705 93.984 85.69 2.8758 1
48.975 42.072 28.455 17.113 3.3894 1
119.19 151.22 34.321 24.117 6.2816 1
35.247 11.38 103.59 109.36 6.6623 1
256.82 345.49 68.76 49.659 4.3233 1
60.375 44.166 1.621 2.4396 2.061 1
55.478 41.373 85.474 100.13 4.6058 1
52.322 37.685 48.757 21.065 2.6051 1
65.456 80.684 63.095 57.46 2.2153 1
248.67 244.26 221.81 211.06 4.893 1
265.12 290.26 32.09 23.781 3.5709 1
137.91 118 33.034 37.2 3.0152 1
322.61 318.98 367.99 359.88 6.6058 1
77.784 75.518 1.3138 11.078 4.7832 1
185.52 156.63 30.531 26.576 3.2583 1
151.72 171.66 24.586 20.522 5.4219 1
61.519 68.631 8.7784 19.454 5.5472 1
50.536 43.776 55.529 62.596 3.692 1
162.84 186.65 24.357 27.688 3.1943 1
27.791 14.648 82.77 93.21 3.339 1
14.19 28.893 88.602 78.778 3.4629 1
96.641 82.027 29.096 20.908 2.792 1
45.441 39.651 76.095 66.576 4.3161 1
170.38 152.8 16.777 17.768 2.4257 1
140.55 107.92 80.978 90.513 3.0068 1
318.3 248.97 359.54 222.32 4.4744 1
41.418 61.408 11.785 7.9834 7.7221 1
34.93 31.695 15.011 7.8433 3.3073 1
322.79 314.35 357.88 225.36 3.663 1
103.59 95.636 23.772 7.7457 2.8126 1
314.36 396.49 223.69 199.91 3.6674 1
11.243 1.301 109.26 110.87 5.534 1
155.54 138.06 27.205 32.278 2.7494 1
155.38 204.14 14.737 14.068 2.8254 1
107.61 85.482 90.525 95.821 2.7742 1
91.651 135.5 91.719 79.573 2.6128 1
67.515 58.519 49.644 54.17 8.947 1
104.91 109.32 2.7057 23.103 5.1513 1
260.44 287.32 34.058 59.706 2.9205 1
249.01 222.96 71.004 75.822 3.6875 1
155.11 140.14 17.027 6.9751 2.7879 1
65.361 36.604 101.51 105.21 3.0436 1
282.67 259.22 60.586 37.781 3.035 1
0.98254 18.139 7.2837 1.2978 5.6548 1
118.38 101.72 53.949 61.816 2.7312 1
85.507 107.73 64.481 56.227 2.2094 1
32.242 1.4367 30.713 39.732 6.7007 1
86.632 101.62 34.205 32.833 1.8145 1
453.08 413.98 148.9 114.29 1.442 1
451.96 479.02 315.44 179.1 1.9845 1
69.203 56.692 64.993 66.117 2.3123 1
11.621 22.888 21.392 21.212 3.7495 1
1.2969 9.1213 34.478 31.615 2.8922 1
167.83 148.06 3.8792 7.6259 3.5156 1
