271.33 276.77 310.41 149.17 4.6759 1
638.98 638.99 411.62 147.87 1.2547 1
277.1 277.82 144.17 116.69 4.4351 1
139.12 574.12 479.01 478.97 1.2806 1
429.15 270.76 375.31 311.91 5.8319 1
485.18 480.81 210.31 223.02 3.6217 1
490.6 487.54 194.99 203.21 4.5265 1
487.88 485.26 203.6 209.8 4.4275 1
277.1 401.91 117.27 24.512 5.9923 1
480.62 467.9 223.79 262.47 4.0001 1
495.2 491.1 181.56 191.91 4.6264 1
452.1 431.14 311.37 374.8 6.7935 1
466.43 464.14 266.57 274.13 3.5883 1
280.07 493.58 117.68 179.76 5.1594 1
460.94 452.25 285.14 311 7.8967 1
463.87 460.53 274.45 284.59 3.9528 1
391.68 362.7 175.18 167.27 3.2887 1
359.07 389.26 170.59 178.62 3.3794 1
384.18 361.77 207.67 201.13 3.1 1
364.12 380.45 205.41 210.13 2.9075 1
270.53 274 332.66 315.35 10.054 1
401.62 380.38 267.97 267.64 2.5389 1
508.02 505.44 149.17 156.65 3.5455 1
505.07 497.35 157 176.41 3.5106 1
401.39 545.03 23.93 55.68 4.5616 1
277.16 276.58 211.62 257.87 1.6261 1
414.13 396.63 210 209.85 1.3883 1
510.75 508.29 143.03 148.77 3.4462 1
371.51 349.09 265.77 259.24 2.4003 1
280.65 280.5 120.38 144.13 1.3549 1
421.64 404.12 178.67 177.97 2.498 1
279.71 278.3 151.61 207.89 1.8747 1
516.08 512.48 132.27 143.16 8.3078 1
354.25 367.91 263.72 267.75 2.0444 1
545.48 516.11 58.685 134.98 8.1714 1
275.54 274.97 261.63 307.89 1.3724 1
442.83 281.64 199.28 150.32 2.6492 1
368.85 344.12 316.32 309.13 2.7061 1
344.03 357.84 311.89 316.74 2.2971 1
391.53 370.35 317.68 315.68 2.8418 1
282.67 356.68 147.28 170.18 2.4473 1
453.07 366.64 177.22 151.57 2.3576 1
516.88 490.96 142.53 216.39 3.7417 1
272.1 272.14 356.63 332.87 7.5019 1
364.04 346.54 150.67 145.68 1.8878 1
349.1 331.92 196.67 184.94 2.8203 1
349.46 336.67 161.02 154.05 2.3915 1
427.08 425.73 376.83 387.92 7.8968 1
584.63 534.31 25.579 1.239 3.4125 1
334.35 326.57 251.42 242.93 2.217 1
365.44 416.47 153.92 169.63 2.6634 1
399.12 414.15 212.88 213.71 1.7296 1
486.85 456.52 187.12 178.22 2.0563 1
407.82 421.56 180.99 182.33 1.8786 1
489.05 470.86 225.84 271.32 3.2501 1
342.74 325.29 144.59 139.41 1.4607 1
