297.53 336.54 40.641 49.479 3.6102 1
241.39 297.72 26.46 38.6 4.2661 1
336.89 293.02 52.868 43.464 4.976 1
293.21 241.29 41.455 29.289 5.0205 1
335.9 380.38 48.575 61.616 4.0133 1
478.84 449.41 108.83 261.68 4.3912 1
638.99 638.99 411.63 149.13 1.2559 1
139.12 574.12 479.03 478.96 1.308 1
379.65 338.11 66.34 52.196 5.2122 1
284.58 477.93 252.24 107.95 4.9339 1
391.71 417.83 64.611 60.121 3.5224 1
424.32 392.05 61.219 68.511 4.5599 1
439.11 439.6 16.745 6.6481 3.7456 1
448.96 445.12 3.7296 17.455 3.3671 1
181.72 140.71 336.29 173.41 5.1188 1
538.84 528.59 1.5552 43.996 3.8554 1
139.81 351.18 173.02 69.465 4.588 1
440.02 446.49 6.5146 1.4482 4.1498 1
443.82 429.38 44.667 50.969 3.5815 1
230.96 244.54 12.27 26.224 3.4132 1
422.72 438.55 52.643 42.018 4.1795 1
427.85 422.27 54.101 59.763 2.6845 1
236.65 221.13 20.697 11.586 4.1242 1
205.27 230.88 5.8047 12.076 4.2864 1
220.41 177.89 10.941 8.7594 4.0965 1
242.8 235.64 29.19 21.384 1.9925 1
445.93 453.76 40.74 2.0562 8.5762 1
476.13 470.37 5.302 44.124 6.636 1
450.39 301.53 262.77 419.09 6.4142 1
382.86 396.58 61.997 62.576 1.7755 1
482.97 485.83 16.65 6.4023 3.2757 1
507.95 492.85 5.3832 6.2631 4.3256 1
526.8 510.18 9.3419 6.5354 4.3383 1
167.84 105.16 10.235 24.426 3.5192 1
174.1 204.11 6.7178 6.1124 2.4491 1
107.61 172.89 20.381 6.6909 3.5143 1
409.18 394.15 53.738 54.611 3.0033 1
431.68 391.32 81.385 71.639 3.1441 1
509.19 526.63 2.2695 4.0725 4.2442 1
388.94 407.82 52.922 50.022 3.327 1
394.11 440.4 69.207 80.277 3.2243 1
619.11 596.6 75.692 74.784 7.7964 1
407.8 424.13 50.682 51.477 3.2596 1
393.92 385.23 54.914 58.793 3.1791 1
490.54 490.01 4.1851 16.663 3.9056 1
392.38 381.81 71.396 66.248 2.853 1
61.655 106.67 29.305 21.877 3.4597 1
598.94 605.11 66.935 67.659 5.2575 1
176.74 169.06 10.135 11.042 2.7757 1
420.36 410.32 54.451 53.861 2.8626 1
295.53 181.24 420.98 336.34 8.2929 1
351.21 411.58 69.299 86.773 3.8231 1
383.02 390.4 56.833 51.666 2.7649 1
446.62 464.2 51.677 53.391 2.2144 1
440.37 427.82 57.925 55.672 3.028 1
96.744 29.036 27.596 35.899 3.6516 1
520.98 522.12 38.058 26.55 3.7318 1
470.48 454.58 46.692 45.271 10.405 1
1.5865 60.487 34.999 28.974 3.349 1
504.55 516.89 33.751 47.635 2.802 1
104.32 96.89 25.035 26.617 2.1602 1
508.33 493.42 42.304 24.909 3.1191 1
546.6 517.99 58.018 53.394 3.3402 1
457.88 474.13 6.3222 6.4035 2.5687 1
472.74 431.86 89.829 81.701 2.9609 1
476.48 433.07 105.88 93.443 3.7861 1
597.86 589.13 73.987 73.901 4.387 1
580.36 594.17 69.72 69.332 2.6745 1
576.44 571.29 19.041 30.221 2.3597 1
522.9 524.67 25.536 11.536 3.563 1
10.419 1.5956 2.7998 2.5054 2.7487 1
634.21 639.73 27.107 11.842 3.0019 1
531.41 566.68 52.414 56.112 4.5818 1
569.65 576.81 28.018 1.6752 2.6352 1
29.283 1.4363 35.4 38.853 3.2791 1
430.5 441.7 53.256 54.809 2.4763 1
439.35 442.38 77.72 57.612 8.6522 1
595.27 613.69 58.186 64.194 3.1519 1
570.57 546.59 63.412 56.738 3.4763 1
550.34 505.63 138.01 125.69 2.619 1
506.4 546.79 122.46 133.54 2.7416 1
633.89 640.16 85.304 64.437 4.5455 1
167.9 283.58 187.82 250.32 3.8433 1
540.33 503.98 103.12 96.129 2.455 1
529.01 533.46 30.348 11.469 1.9279 1
566.94 576.16 57.01 60.386 9.0762 1
511.62 540.5 94.125 99.75 3.171 1
607.39 632.9 151.32 111.19 3.4438 1
575.89 569.72 71.125 64.799 1.8553 1
638.41 613.18 112.44 154.05 4.344 1
619.04 625.4 20.343 2.8838 1.9209 1
507.83 520.45 22.151 23.282 3.1593 1
515.79 495.69 59.297 65.206 2.8236 1
494.17 511.81 61.819 57.377 2.4331 1
577.49 592.75 58.087 62.086 3.6275 1
628.99 617.7 1.5753 32.813 2.1545 1
492.84 501.58 16.637 16.906 5.1129 1
462.07 467.14 180.46 152.97 1.5517 1
485.61 506.81 37.894 41.903 2.5551 1
511.83 501.53 52.463 54.974 2.4289 1
612.95 591.45 155.05 149.86 3.2669 1
467.88 470.63 150.38 134.17 1.2532 1
524.9 518.88 57.749 80.311 3.7856 1
590.65 574.12 149.54 144.13 1.6582 1
575.41 606.64 141.51 150.31 2.1863 1
540.62 546.29 76.701 58.628 4.0907 1
603 576.52 45.947 40.936 4.8466 1
571.63 556.76 144.09 139.89 1.8821 1
518.92 506.45 26.907 29.576 4.2642 1
