136.62 574.12 479 478.98 1.2687 1
638.98 638.99 412.87 147.87 1.2583 1
281.97 548.56 184.85 58.075 5.0992 1
547.81 541.2 58.779 84.013 4.751 1
540.45 504.6 87.583 232.37 4.8416 1
421.88 458.32 0.60454 9.8848 3.8739 1
456.69 424.17 12.639 3.9412 3.3147 1
175.8 417.49 99.091 14.29 4.9032 1
216.33 175.27 271.7 100.1 5.1148 1
535.34 506.58 20.205 26.42 4.556 1
502.89 534.42 22.978 16.873 4.7924 1
423.95 410.45 3.7972 1.2102 2.9769 1
561.57 541.77 3.9565 10.807 3.6342 1
539.4 557.74 8.5615 1.2762 4.6627 1
542.28 530.54 13.187 20.637 4.1203 1
458.52 485.23 10.996 19.567 3.7484 1
505.81 310.42 233.52 365.45 8.075 1
477.19 456.93 23.073 13.485 4.8726 1
490.4 501.78 20.193 21.671 3.3969 1
506.29 491.55 25.971 23.263 3.9142 1
304.12 216.37 367.99 271.75 7.2829 1
512.87 488.89 11.602 16.783 4.3895 1
495.21 525.41 10.573 8.3957 4.4477 1
499.27 550.39 28.616 42.805 3.5442 1
531.71 496.69 41.313 31.383 3.6078 1
490.21 477.76 27.051 22.355 6.7301 1
582.49 530.74 54.4 41.419 3.9217 1
532.85 514.09 13.355 12.451 3.0986 1
526.41 535.33 9.5576 10.7 3.0845 1
587.05 572.33 6.1508 2.5195 10.008 1
496.49 489.86 30.667 27.557 3.4649 1
555.27 540.53 18.466 15.779 3.2408 1
593.02 586.97 6.4762 5.8448 7.7189 1
302.48 283.45 363.05 185.18 4.3639 1
439.4 541.58 20.81 55.499 4.3328 1
564.1 587.9 11.944 13.845 2.4921 1
601.5 590.58 10.17 16.948 3.7361 1
545.36 556.69 12.941 15.002 3.0185 1
552.96 556.94 42.286 17.524 9.3884 1
180.7 191.98 109.05 155.29 1.865 1
639.51 609.31 104.13 94.766 3.3794 1
612.91 639.35 91.523 99.632 3.2359 1
639.17 625.43 14.34 16.903 2.6868 1
619.29 639.21 23.657 19.54 2.9137 1
639.42 625.48 23.114 25.886 2.9471 1
519.18 524.77 160.39 136.78 1.5678 1
525.48 534.64 134.15 96.752 1.5116 1
247.79 229.96 154.24 140.92 1.7617 1
