638.98 639 411.62 149.12 1.2639 1
140.37 574.12 479.02 478.98 1.2823 1
385.98 368.72 184.05 336.72 4.6354 1
214.04 180.61 332.63 176.31 4.9974 1
180.29 215.15 176.59 85.767 4.0432 1
379.84 385.86 77.905 184.1 3.8147 1
159.9 183.34 22.538 14.178 4.5363 1
186.56 164.12 15.247 26.62 3.9713 1
1.5451 147.89 18.004 22.452 5.3359 1
127.88 45.37 24.503 24.703 5.1964 1
238.82 219.76 25.729 76.393 3.9388 1
366.62 214.16 340.59 334.51 8.987 1
427.95 401.5 2.2347 5.6143 3.7198 1
173.57 149.51 6.4172 15.595 4.1665 1
149.09 159.12 22.311 21.61 3.1036 1
44.303 1.5767 24.398 20.979 4.8348 1
401.21 381.38 6.5061 3.0559 4.1767 1
375.34 240.33 29.298 25.962 5.4307 1
157.6 181.59 7.8669 2.6957 3.3068 1
182.83 384.11 176.76 183.37 5.0009 1
394.1 429.25 10.179 6.5745 4.2087 1
157.94 127.94 27.617 26.356 5.8878 1
199.06 159.07 31.397 28.755 4.5772 1
169.13 196.6 26.512 27.355 2.6906 1
367.71 364.67 342.85 366.69 2.5032 1
376.23 376.01 55.378 30.38 2.5324 1
368.6 372.17 309.07 276.69 1.8001 1
395.59 387.44 49.366 14.226 3.4915 1
391.57 400.3 12.888 49.143 2.8569 1
195.05 199.69 226.69 250.26 1.7299 1
372.56 378.28 274.09 222.92 1.8143 1
378.74 380.23 220.34 202.86 1.25 1
366.7 368.21 326.63 312.91 1.5156 1
391.61 379.11 52.466 52.238 1.4773 1
