136.62 574.12 478.99 478.98 1.2628 1
537.45 509.03 96.303 243.87 4.9551 1
543.29 537.64 67.44 94.595 5.1993 1
638.98 638.98 412.88 146.63 1.2511 1
410.48 424.23 1.0634 3.5662 2.6834 1
531.56 559.21 34.904 30.956 4.067 1
463.04 432.5 19.743 11.807 3.5817 1
432.39 394.73 10.2 -0.51727 4.827 1
430.35 488.11 7.9836 23.253 3.3476 1
565.34 531.42 32.72 39.309 3.9903 1
571.86 594.76 19.826 12.265 3.9301 1
491.53 543.82 49.393 67.51 4.4447 1
496.02 464.19 29.731 18.945 4.2756 1
599.33 574.06 14.794 22.666 3.8737 1
216.11 168.27 275.87 106.16 4.2816 1
254.96 540.65 186.88 68.54 5.2862 1
168.52 420.85 106.1 24.349 5.4116 1
519.12 530.49 32.993 33.844 3.3661 1
510.74 296.83 245.99 371.09 9.4219 1
572.61 561.07 26.164 32.832 4.1598 1
531.56 519.25 38.118 34.901 3.3668 1
611.72 599.06 14.685 15.345 3.6799 1
289.83 283.49 373.75 361.88 7.942 1
521.54 566.62 23.248 21.433 4.6439 1
630.61 627.8 1.3768 12.858 4.2362 1
29.136 145.23 17.951 0.68072 3.3307 1
158.95 38.837 1.7055 19.705 3.965 1
580.42 527.42 58.963 44.541 3.6265 1
526.75 595.27 41.141 59.53 3.5329 1
552.88 525.26 24.18 26.434 3.5343 1
595.26 621.64 22.95 25.243 2.5448 1
282.78 215.63 363.9 275.48 5.5693 1
0.92097 67.663 14.066 1.7291 12.117 1
527.08 520.92 44.329 41.625 2.9316 1
524.58 518.05 27.552 30.727 2.8261 1
562.88 554.1 25.166 24.819 2.7941 1
79.278 29.042 3.5436 15.012 5.9208 1
287.25 252.8 362.75 185.15 4.4017 1
629.43 612.04 17.375 14.294 9.1288 1
38.05 1.326 19.956 27.709 3.9816 1
1.4308 28.955 24.505 18.364 2.7024 1
28.086 1.462 15.099 20.873 3.0764 1
119.14 82.879 2.5188 3.1181 3.8941 1
589.1 572.93 30.527 27.59 3.4662 1
576.67 590.43 25.143 27.566 2.9648 1
611.39 575.52 65.337 58.369 3.7867 1
252.09 170.78 184.96 108.69 3.9292 1
421.15 438.01 24.277 29.973 4.3529 1
635.49 620.43 24.6 28.094 3.9355 1
585.88 588.98 55.098 32.682 9.2186 1
174.1 190.35 115.38 172.88 1.9592 1
612.8 635.34 62.523 64.522 1.5037 1
515.61 533.53 192.92 99.012 2.3515 1
619.14 599.18 27.7 25.969 2.1665 1
439.01 454.08 30.668 36.733 2.3057 1
509.07 514.83 227.87 195.5 1.8045 1
