638.98 638.99 411.62 149.12 1.2644 1
238.72 222.03 346.53 192.83 4.5097 1
137.87 572.87 479 478.98 1.2704 1
420.67 389.99 191.68 345.05 4.4265 1
379.47 367.99 25.01 14.009 4.4376 1
222.2 235.33 194.03 98.039 4.3291 1
385.32 419.39 81.643 191.54 4.2489 1
193.2 191.86 1.4147 15.277 7.7061 1
242.81 237.11 50.367 96.531 3.9062 1
400.7 395.17 1.3723 21.57 5.1526 1
369 359.53 16.382 21.174 4.4877 1
171.3 170.2 16.558 1.456 5.4409 1
323.12 307.5 12.88 15.991 7.8438 1
611.27 607.27 52.733 27.574 6.2302 1
388.85 374 25.347 28.55 7.9547 1
613.02 614.78 27.862 47.817 3.9553 1
126.7 41.626 51.638 49.077 5.5327 1
351.62 242.84 52.005 49.946 6.2725 1
156.66 154.61 37.871 19.072 3.9993 1
387.94 237.82 344.65 347.95 10.589 1
562.95 564.39 17.991 1.5386 3.1905 1
126.44 146.92 46.801 43.356 5.9442 1
1.5859 121.66 44.682 46.218 6.0929 1
362.86 395.35 33.945 31.267 3.9427 1
40.409 1.5748 50.667 49.27 4.6822 1
606.01 595.55 27.496 20.13 4.0889 1
155.46 164.74 18.033 12.965 5.19 1
568.24 567.18 1.5423 12.927 3.1895 1
257.83 287.88 5.6313 6.5331 7.0842 1
156.54 138.38 42.693 51.294 4.4592 1
224.12 415.38 194.33 194.62 5.2883 1
275.39 236.62 9.3484 11.571 2.4244 1
158.59 159.78 26.55 37.806 3.2722 1
294.07 315.43 2.0142 4.9411 3.5456 1
192.92 172.85 16.01 14.395 12.159 1
371.63 351.49 30.319 27.665 3.9482 1
600.51 613.08 14 27.931 6.6988 1
595.39 564.13 19.038 18.832 4.967 1
296.54 275.49 18.105 10.069 2.8874 1
147.04 155.36 43.041 36.606 4.8114 1
639.17 612.69 50.899 53.367 4.5145 1
147.78 133.44 55.688 51.427 5.6352 1
177.84 190.46 23.732 22.541 2.0193 1
139.99 122.59 33.262 40.975 3.5584 1
236.65 256.82 8.1231 6.0708 4.5948 1
282.48 296.43 8.8361 14.59 2.8589 1
361.21 367.46 35.052 51.302 2.692 1
363.98 356.66 52.931 34.111 2.9769 1
225.7 234.36 197.84 277.85 2.1479 1
172.87 149.1 55.579 54.899 1.3925 1
581.57 601.04 11.926 15.469 6.8183 1
121.35 141.71 35.922 28.084 4.3034 1
412.49 415.92 216.55 197.97 1.5518 1
567.88 577.92 14.008 14.688 3.4518 1
375.79 382.1 53.985 72.716 2.3812 1
402.57 411.99 265.31 219.2 1.6991 1
235.41 207.88 52.131 54.148 2.3423 1
236.45 238.03 295.39 312.86 1.695 1
