638.98 638.99 411.62 149.12 1.2553 1
139.12 574.12 479.01 478.97 1.2818 1
240.96 216.67 341.53 187.67 4.7471 1
1.6251 125.36 40.384 38.344 4.649 1
417.58 393.45 183.88 336.72 4.6789 1
392.91 241.62 339.13 343.93 8.3887 1
102.86 27.824 41.141 44.051 3.7855 1
216.63 232.77 188.93 84.302 4.5544 1
618.08 639.13 42.561 37.909 4.4846 1
127.82 145.29 38.771 36.076 3.2332 1
145.88 159.55 36.281 28.631 3.7933 1
157.9 169.38 10.413 1.9669 3.9709 1
639.13 617.61 41.634 46.744 4.3926 1
397.83 384.85 8.9093 11.534 8.5899 1
572.86 597.98 12.776 10.122 3.5979 1
602.92 581.66 14.667 13.46 3.8148 1
161.47 142.1 32.539 41.406 3.6985 1
356.63 240.39 38.325 39.292 4.5296 1
585.24 571.48 14.621 17.052 3.4753 1
156.7 101.64 44.789 42.578 6.0496 1
381.92 417.45 60.291 184.78 4.2922 1
598.23 615.87 9.6335 18.083 5.7321 1
615.24 601.37 24.318 14.486 5.0989 1
384.25 361.68 13.528 14.967 3.5295 1
354.04 369.3 14.455 18.456 2.536 1
196.59 176.48 5.6546 6.3888 8.881 1
219.11 414.16 188.27 184.76 4.6169 1
125.31 149.12 27.708 19.102 3.6534 1
27.972 1.5512 44.458 43.277 4.6601 1
156.43 128.73 20.957 29.019 3.493 1
240.37 235.66 40.375 75.413 4.0501 1
615.93 620.65 18.146 30.268 4.4632 1
370.28 399.1 18.193 15.18 3.7297 1
617.14 614.05 40.273 24.889 5.3972 1
367.57 374.74 8.9656 7.4171 3.873 1
144.13 175.38 42.498 42.751 1.4119 1
326.63 292.87 2.2136 2.4153 2.6717 1
620.88 620.8 29.12 40.386 3.7924 1
179.12 157.86 45.273 45.755 1.4478 1
576.12 575.48 1.4981 10.383 2.1397 1
231.6 189.18 41.314 44.767 2.8249 1
196.73 236.69 42.435 37.091 2.7227 1
368.23 362.99 36.956 22.831 3.251 1
235.82 210.65 10.489 18.704 2.8144 1
375.42 379.6 39.113 55.253 2.6917 1
365.75 372.72 18.982 37.461 2.9337 1
240.36 256.62 25.563 25.283 1.25 1
222.56 225.87 204.17 225.3 1.6966 1
232.57 239.77 267.92 315.28 1.7999 1
390.75 405.98 332.94 236.72 2.0163 1
480.37 461.63 24.183 23.978 1.2773 1
566.71 542.99 14.527 19.641 1.9171 1
406.44 410.37 234.1 207.87 1.4218 1
450.39 419.13 22.334 21.455 2.3583 1
