638.98 638.99 411.62 147.87 1.2637 1
136.62 572.87 479.01 478.98 1.2762 1
415.61 393.98 163.98 311.6 4.4735 1
248.24 204.3 340.1 86.594 4.7441 1
45.814 67.905 46.279 41.774 3.9482 1
355.48 415.19 65.309 163.74 4.8882 1
1.5722 44.095 49.257 47.249 3.3922 1
37.891 1.6088 53.19 52.56 4.0319 1
392.09 247.81 314 342.54 8.6774 1
196.44 205.25 37.678 85.397 3.7257 1
72.51 81.905 13.8 3.2606 4.7668 1
65.35 79.148 42.195 32.91 4.2066 1
224.17 410.41 191.94 165.64 5.2546 1
76.344 73.363 24.588 14.734 3.8408 1
286.62 319.12 4.0656 1.5434 3.0729 1
80.376 27.877 51.229 51.06 6.2902 1
281.63 197.9 30.417 38.161 4.7051 1
114.09 91.67 5.6682 6.5358 10.283 1
80.228 63.449 37.627 47.591 4.3321 1
82.341 79.851 30.177 36.894 3.6476 1
44.126 72.384 31.628 21.504 4.021 1
65.534 45.482 26.995 35.623 3.7648 1
301.34 289.73 26.811 8.7393 2.8496 1
164.29 121.57 38.848 46.307 2.9907 1
292.1 306.03 5.0706 27.001 2.6947 1
340.04 331.59 40.576 26.645 2.5936 1
66.602 86.619 48.582 47.723 1.6236 1
134.01 160.46 41.065 35.78 2.6956 1
391.18 411.9 307.81 167.91 2.0657 1
150.36 136.65 10.332 15.443 2.4813 1
381.62 359.13 1.5856 1.8548 1.3247 1
