259.12 227.83 15.398 13.582 4.5571 1
638.97 638.99 412.87 147.87 1.2617 1
524.36 480.87 151.41 358.97 4.7899 1
380.71 379.08 1.5991 59.124 3.7485 1
136.62 574.12 478.99 478.98 1.259 1
256.55 257.02 35.335 49.154 2.5826 1
211.19 212.92 47.999 36.632 3.2263 1
602.08 609.68 28.904 1.4334 3.8922 1
253.48 253.26 49.135 35.389 2.6011 1
199.07 197.67 46.729 29.141 2.9859 1
511.54 524.19 149.87 149.26 8.9202 1
258.67 260.19 54.091 34.016 2.6053 1
88.067 86.828 49.272 40.347 2.8549 1
169.64 171.65 25.186 43.988 3.5059 1
246.45 250.06 22.904 45.426 4.6927 1
218.36 218.34 50.376 31.624 2.5165 1
411.51 383.75 1.5629 52.673 3.3524 1
249.82 243.96 242.94 85.381 4.2938 1
125.34 124.01 42.989 27.886 3.5152 1
89.751 91.309 37.962 49.169 2.6483 1
94.611 93.335 49.234 40.309 2.4749 1
200.12 202.99 36.69 47.846 3.0432 1
480.55 320.63 359.9 395.26 8.0225 1
324.2 511.5 166.28 151.26 4.5245 1
386.63 415.55 54.126 1.0393 3.3077 1
475.34 496.61 1.1371 54.133 3.2729 1
81.538 78.948 50.393 37.912 3.2098 1
26.653 52.733 0.96762 51.662 5.1787 1
82.675 85 37.68 50.213 3.0031 1
109.77 107.75 29.194 47.996 4.4375 1
174.61 173.64 40.34 26.749 3.2954 1
96.302 97.694 39.177 47.904 2.8627 1
502.96 501.73 27.782 43.085 8.3217 1
127.52 129.73 27.763 45.299 3.5755 1
119.96 122.54 27.753 45.423 3.0169 1
127.84 137.83 46.822 46.476 2.7146 1
101.88 99.235 49.332 36.602 4.1798 1
119.84 115.01 44.287 28.366 3.9514 1
609.11 639.21 8.3538 9.583 4.3328 1
498.96 479 51.194 1.1755 3.5204 1
382.55 384.61 54.161 1.5949 3.1348 1
625.04 639.46 67.1 69.86 4.6758 1
300.19 311.72 46.266 44.965 2.6244 1
96.802 82.943 34.52 36.009 4.1291 1
150.73 151.1 31.614 44.103 1.5861 1
247.88 260.39 19.145 18.078 3.8426 1
500.66 500.98 44.086 56.61 2.5627 1
381.61 505.38 59.164 58.043 4.3994 1
259.55 274.3 17.948 7.5974 4.3986 1
622.27 624.19 75.537 67.891 3.9414 1
504.7 502.3 1.4417 26.689 3.9699 1
54.28 51.852 50.565 36.586 2.6254 1
57.631 65.325 54.723 53.735 2.9351 1
497.87 387.87 55.853 56.004 1.4012 1
505.39 586.61 46.03 44.454 3.9918 1
208.59 224.03 6.4636 14.318 4.5556 1
162.65 163.53 32.774 9.1029 5.2289 1
6.4014 26.661 44.171 47.666 4.1636 1
226.72 248.01 16.919 19.054 3.7313 1
30.448 41.827 42.341 43.896 3.1539 1
370.93 375.57 61.668 1.4472 8.4415 1
595.8 601.47 46.761 29.074 5.9517 1
324.48 324.39 195.38 167.87 2.5 1
313.84 320.4 385.37 171.66 2.5531 1
42.717 31.521 40.216 38.591 3.8907 1
12.869 15.924 26.357 40.526 3.6658 1
318.11 324.37 391.67 201.63 3.1177 1
639.97 626.81 21.886 64.183 3.5301 1
55.652 57.82 41.565 51.637 2.7071 1
605.58 596.75 1.2351 24.955 6.9775 1
301.21 252.39 363.75 253.79 5.2376 1
167.11 164.99 65.437 39.056 2.8927 1
586.36 597.78 44.055 1.2659 5.3973 1
25.734 21.084 45.606 27.691 5.7817 1
316.48 301.22 395.45 364.32 6.8673 1
321.38 320.02 201.62 267.87 1.4545 1
3.2967 8.3132 25.256 43.103 3.3825 1
591.65 567.87 79.025 74.145 3.1708 1
319.63 317.94 271.6 326.63 2.0554 1
56.565 42.828 66.657 41.071 2.7939 1
506.06 506.14 56.621 45.389 3.1673 1
639.2 591.32 101.39 86.354 3.8525 1
374.95 512.6 80.037 144.7 3.5836 1
226.89 186.52 81.206 74.757 3.5495 1
399.1 422.85 183.28 184.52 1.4168 1
595.22 639.07 84.619 98.063 3.1397 1
185.54 167.87 74.186 71.691 2.6357 1
311.62 273.74 70.333 78.597 4.7742 1
569.07 621.6 69.575 66.226 2.5449 1
620.4 572.88 69.708 71.794 2.7717 1
316.62 316.62 347.88 385.38 1.25 1
330.41 316.39 409.09 394.46 9.7392 1
441.7 429.14 214.59 216.72 2.4846 1
509.19 326.59 183.56 201.31 2.9372 1
515.35 406.7 160.05 168.79 2.736 1
613 598.5 53.872 46.624 6.1499 1
316.61 362.87 61.904 61.407 2.4461 1
595.74 593.11 25.192 37.923 2.9917 1
572.96 591.71 72.465 76.196 2.208 1
79.127 54.119 86.045 85.957 3.8026 1
442.8 424.18 276.31 280.61 2.4359 1
37.389 48.896 1.1179 18.447 3.1401 1
427.82 396.62 182.45 180.38 2.2462 1
466.22 443.97 174.77 179.66 3.6351 1
247.26 249.94 52.701 81.665 3.7341 1
263.81 323.47 104.44 164.79 2.9523 1
507.81 507.08 19.119 27.913 1.5473 1
315.05 313.71 44.107 67.922 4.1671 1
522.76 530.19 44.104 1.5924 2.3419 1
533.18 525.68 1.4542 42.931 2.5492 1
502.28 514.3 241.76 185.41 2.0052 1
48.466 41.943 11.232 1.4136 2.774 1
257.86 374.15 83.498 80.104 3.2014 1
46.13 31.777 28.773 0.90277 4.6117 1
367.88 316.63 64.181 64.513 1.4852 1
491.51 501.29 294.1 246.56 1.7689 1
325.41 510.41 198.25 180.78 3.1304 1
628.06 613.98 49.797 53.58 3.4778 1
429.11 413.13 332.85 338.59 3.1065 1
135.27 107.77 77.101 80.824 2.4125 1
244 227.84 83.904 81.947 5.5649 1
515.69 518.49 177.93 162.76 1.682 1
98.706 80.223 82.733 85.666 4.4872 1
315.63 314.91 1.6354 19.157 2.1293 1
426.65 451.54 266.27 267.89 3.4184 1
510.15 508.08 1.5966 17.901 2.6375 1
427.92 514.17 164.6 157.15 2.2758 1
594.03 570.36 50.296 51.203 5.379 1
322.46 321.53 172.86 192.87 1.7668 1
385.05 408.17 43.945 1.7868 1.6971 1
421.63 396.63 281.62 281.62 1.25 1
493.27 472.12 53.967 1.4247 2.3614 1
478.1 473.42 373.6 383.14 8.4067 1
401.64 377.89 169.5 170.68 1.618 1
485.43 489.24 322.89 302.9 1.4618 1
346.65 327.88 173.68 174.33 0.71035 1
449.04 464.14 171.63 172.62 3.5792 1
252.14 252.02 74.13 56.622 1.3587 1
422.85 394.11 217.15 215.58 2.2247 1
436.62 460.38 204.22 205.26 3.7464 1
481.47 484.53 341.59 325.45 1.4611 1
410.37 381.61 61.472 61.958 1.3132 1
396.65 416.65 217.65 220.19 2.0298 1
374.12 354.1 171.56 172.34 1.6858 1
394.13 414.13 284.12 284.12 1.25 1
630.01 639.2 64.012 34.149 1.7479 1
10.399 1.4764 73.967 72.582 2.0869 1
425.37 397.85 186.88 185.99 1.25 1
44.763 54.004 53.711 67.954 2.0412 1
326.62 326.62 177.88 195.38 1.25 1
411.63 389.13 338.25 338.34 1.3137 1
430.45 440.33 322.2 323.26 2.7527 1
