639 638.98 411.63 149.13 1.2617 1
137.87 572.87 479.02 478.97 1.2899 1
478.04 460.46 97.67 190.63 4.4125 1
483.2 479.57 71.436 89.217 5.6004 1
180.27 127.59 304.16 122.6 4.3098 1
479.25 478.42 88.102 97.706 5.0891 1
460.41 453.85 191.4 226.34 4.1467 1
455.46 292.14 227.96 383.42 10.576 1
304.77 485.74 181.95 62.833 9.3706 1
558.88 553.4 1.0618 15.574 4.1054 1
546.84 548.86 7.9383 1.1721 3.951 1
286.42 176.98 386.6 296.74 9.5477 1
436.66 453.52 18.102 3.4271 4.7141 1
625.56 638.08 27.606 25.19 9.5389 1
457.9 445.68 7.9098 17.039 4.2581 1
130.06 350.28 125.93 24.939 11.036 1
450.75 428.26 17.472 27.489 4.0683 1
463.07 466.74 35.403 10.209 7.0861 1
494.21 480.23 4.4701 3.1301 5.4542 1
135.05 148 136.72 181.59 1.918 1
346.75 389.34 1.1956 13.37 4.6381 1
412.96 435.32 19.89 17.363 3.4669 1
403.41 339.26 27.265 8.6654 5.0996 1
338.59 310.33 9.7639 1.7854 4.006 1
639.26 619.19 35.25 36.414 7.8492 1
420.47 404.03 29.163 27.894 6.0391 1
467.66 475.3 135.33 95.361 1.5162 1
632.76 639.6 115.3 105.71 3.0529 1
419.13 440.38 5.375 5.375 1.25 1
274.18 269.86 292.87 252.93 2.5859 1
242.54 262.1 195.08 206.68 4.1356 1
263.62 304.62 209.64 181.68 8.4518 1
354.85 409.51 21.939 40.437 8.7431 1
390.28 400.41 15.332 16.156 2.593 1
280.64 279.68 352.86 335.34 1.3854 1
594.72 607.95 11.933 20.262 3.5654 1
571.18 573.95 37.799 21.595 2.675 1
224.13 233.99 184.11 189.38 2.794 1
269.02 267.69 247.89 236.65 1.6823 1
276.84 275.21 316.6 300.39 2.1224 1
