136.62 575.37 478.99 478.98 1.2659 1
638.98 638.98 412.88 146.63 1.2559 1
226.67 200.27 250.18 76.45 4.979 1
610.21 537.25 129.8 310.12 4.6618 1
235.22 226.35 256.83 250.31 4.0276 1
76.721 61.503 30.603 29.174 3.3828 1
497.53 444.7 354.94 413.65 7.0675 1
328.81 609.88 28.769 128.03 5.135 1
442.7 286.11 414.36 297.31 11.063 1
24.187 39.004 39.51 37.123 5.5329 1
201.24 329.13 75.566 29.138 5.0295 1
65.523 75.465 26.07 25.313 3.4937 1
51.996 32.918 27.504 25.04 5.558 1
537.21 498.01 309.64 354.4 4.9274 1
44.744 24.834 39.381 52.024 9.5972 1
202.93 497.04 77.77 225.8 4.2432 1
36.674 45.469 22.298 21.656 2.8575 1
499.51 446.65 224.24 406.63 4.2756 1
244.17 232.49 264.02 258.53 8.2388 1
110.8 186.88 43.393 78.766 4.0283 1
181.17 108.14 80.11 46.062 3.8504 1
286 243.15 297.05 264.61 7.4885 1
1.64 19.338 50.525 48.756 4.1045 1
16.637 1.5702 53.759 53.251 3.6216 1
60.16 65.508 1.2732 17.005 4.4019 1
1.6045 30.345 35.149 32.543 2.8316 1
63.238 55.827 20.716 1.4509 3.3212 1
187.31 174.03 80.131 85.134 4.3907 1
174.48 92.654 85.035 117.31 3.1261 1
91.442 177.75 113.66 80.059 3.127 1
216.11 218.78 150.48 164.19 2.4833 1
211.79 214.75 120.52 142.96 3.6234 1
33.252 26.056 15.808 1.2874 2.7852 1
217.99 220.88 165.35 181.76 3.6202 1
73.183 69.244 11.967 1.1275 3.2034 1
239.17 190.55 21.821 32.417 2.3332 1
274.34 256.65 7.0764 15.424 2.1058 1
220.76 223.06 182.65 199.1 3.2167 1
162.84 237.89 35.233 19.194 2.2674 1
230.54 208.77 96.304 84.796 2.0216 1
585.18 518.47 151.4 209.63 3.0802 1
518.22 500.54 209.53 224.33 3.8557 1
601.24 587.74 137.42 148.97 1.4983 1
