638.99 638.98 412.88 147.88 1.2561 1
256.04 260.94 315.42 110.45 6.0505 1
136.62 574.12 479 478.98 1.2708 1
486.46 426.16 145.81 343.6 7.0587 1
426.71 258.81 344.87 317.28 6.3567 1
463.89 487.3 32.666 145.97 6.527 1
263.93 484.18 112.95 144.99 4.8128 1
260.01 322.36 112.33 12.872 7.1873 1
372.72 345.32 188.53 181.83 3.0761 1
372.7 345.06 154.71 146.44 3.3466 1
352.81 363.15 151.78 155.94 4.4118 1
394.08 365.44 246.1 248.62 3.0791 1
322.83 462.8 11.987 30.953 4.3874 1
384.21 347.98 296.51 299.23 2.9906 1
405.4 374.1 187.44 188.5 2.668 1
370.28 337.82 249.62 243.16 2.4592 1
392.87 264.16 165.4 145.18 2.7694 1
256.19 258.69 331.77 318.02 7.6026 1
411.62 374.11 155.63 155.1 2.886 1
376.57 387.94 250.9 249.97 2.0828 1
354.15 380.36 302.02 300.15 2.1373 1
421.79 421.39 345.38 362.93 7.5816 1
371.61 405.38 158.27 158.6 3.762 1
260.24 260.39 337.94 326.63 10.016 1
260.18 258.99 276.62 312.87 1.9062 1
367.85 280.38 136.77 122.84 2.1306 1
452.66 431.37 7.5902 2.7673 4.6476 1
265.4 326.57 142.7 151.98 2.4603 1
344.23 331.53 146.17 143.27 2.3313 1
385.39 401.63 191.79 190.38 2.7076 1
454.2 426.56 149.84 145.82 1.9564 1
394.05 371.51 140.86 137.36 1.7042 1
302.94 325.29 153.71 157.2 1.892 1
415.35 395.4 168.15 166.35 1.25 1
471.63 461.6 176.57 175.66 1.8058 1
480.42 459.11 153.81 150.5 2.0033 1
261.86 260.76 212.88 257.88 1.6759 1
262.88 262.88 162.88 204.13 1.25 1
517.88 479.04 1.7437 3.5843 3.45 1
469.16 452.78 4.2865 7.3994 3.857 1
