459.73 428.06 158.98 302.91 4.0295 1
638.99 638.98 411.63 149.13 1.2615 1
139.12 574.12 479 478.99 1.257 1
322.98 459.98 35.397 158.32 4.9255 1
428.98 296.9 303.73 354.08 7.6325 1
198.07 240.58 60.249 126.5 4.2874 1
219.49 197.39 196.36 62.748 4.175 1
6.0436 13.023 11.915 25.929 3.3749 1
257.06 248.18 6.3111 10.95 7.325 1
3.5445 2.1513 30.421 12.833 3.3806 1
38.903 45.803 0.91743 23.13 7.8226 1
247.95 221.83 12.419 14.947 4.3748 1
21.791 11.853 26.56 1.0493 4.5982 1
184.3 161.5 4.7232 12.515 8.6538 1
155.92 165.08 10.281 5.9891 3.5383 1
5.1755 17.207 75.17 63.473 4.5312 1
224.41 220.11 209.89 196.31 6.3355 1
230.59 323.21 52.787 35.972 4.5941 1
17.546 3.306 26.809 1.3836 2.6611 1
236.74 266.8 18.271 9.76 3.7896 1
298.11 294.07 350.26 341.65 7.7137 1
298.91 293.29 341.63 207.81 3.4846 1
3.3991 7.7878 43.112 33.4 4.0416 1
19.09 3.2305 67.833 80.809 5.1892 1
86.609 99.14 13.772 13.211 2.5533 1
293.68 225.65 341.21 209.59 4.5632 1
108.8 139.42 8.2261 3.6091 7.4847 1
14.613 2.7407 58.725 44.235 4.1358 1
130.33 92.973 8.8998 17.074 3.5111 1
294.28 320.63 205.96 198.81 3.4128 1
230.42 217.9 3.265 3.6387 3.6365 1
160.25 131.61 13.667 9.2389 3.4255 1
140.12 155.4 6.3602 10.28 3.0428 1
15.571 7.9278 34.047 40.118 4.6646 1
65.135 52.011 8.3031 0.93653 3.1363 1
104.18 52.922 65.628 76.841 3.0911 1
221.59 199.15 55.083 58.056 3.3892 1
35.872 22.781 28.054 32.606 8.0073 1
425.29 456.15 301.61 161.52 2.2109 1
257.19 233.39 46.061 22.358 2.7126 1
234.81 261.04 18.437 44.716 2.6566 1
61.63 100.38 71.649 62.899 2.8712 1
321.51 375.24 198.71 183.64 2.7447 1
377.73 361.48 1.0054 4.7587 1.8732 1
85.378 63.144 36.632 44.853 2.1675 1
17.869 1.6 83.844 84.187 2.5784 1
60.418 74.007 41.762 37.5 1.3864 1
