139.12 575.37 479 478.97 1.2754 1
638.98 638.98 412.87 149.12 1.2501 1
195.83 156.06 288.74 111.19 5.592 1
508.68 469.02 107.5 287.58 5.1172 1
155.36 194.85 111.62 44.55 4.5104 1
157.87 505.38 111.6 108.66 4.9267 1
195.38 470.39 44.582 41.733 4.0673 1
470.38 508.53 42.346 108.22 5.9808 1
486.65 205.35 291.67 293.73 9.5044 1
615.61 639.71 27.44 40.548 4.2958 1
639.87 610.33 45.247 29.215 4.3012 1
616.67 599.77 7.7799 0.19588 4.167 1
621.13 615.58 10.159 22.965 3.63 1
610.05 615.25 25.749 12.827 3.0123 1
184.13 161.63 114.13 114.13 1.25 1
372.88 270.38 46.625 46.625 1.25 1
