460.55 447.4 65.238 167.97 4.9992 1
446.74 441.59 173.06 211.79 4.222 1
175.69 133.11 271.54 105 4.8166 1
133.97 448.01 104.74 131.22 4.7261 1
454.73 449.11 186.37 172.88 3.7499 1
461.42 455.45 135.5 125.33 3.6778 1
448.71 457.78 167.39 182.93 5.2179 1
135.37 574.12 478.99 478.98 1.2604 1
448.54 443.56 230.15 215.57 3.5487 1
638.97 638.99 412.87 147.87 1.2722 1
446.59 453.38 196.6 185.69 3.5851 1
465.25 457.12 109.21 97.533 4.1942 1
458.16 464.73 122.71 134.49 3.7587 1
453.53 460.68 146.22 135.58 3.1289 1
458.06 468.69 93.975 106.98 4.9232 1
465.39 451.33 135.39 153.61 5.4004 1
445.72 451.88 212.75 230.29 4.238 1
457.55 449.01 183.95 199.74 4.3072 1
441.39 429.19 214.26 308.97 4.0841 1
235.37 460.29 51.788 64.456 4.6751 1
450.03 446.23 228.99 238.47 3.2496 1
454.48 462.6 122.12 112.44 3.1803 1
466.86 459.13 112.79 122.61 4.6377 1
441.65 446.98 239.14 229.32 2.1969 1
445.4 431.63 2.1429 1.6213 1.6275 1
564.2 445.63 18.546 2.2534 3.5637 1
450.6 564.29 -0.0085178 15.424 3.5756 1
639.14 565.34 21.224 18.806 3.2976 1
446.11 184.36 315.21 277.47 9.4654 1
565.32 639.16 15.91 18.119 3.2412 1
445.87 438.67 238.33 246.21 3.7678 1
139.09 171.96 115.38 244.04 2.0429 1
172.66 178.05 246.68 267.83 1.5651 1
212.91 136.52 114.91 109.35 4.417 1
436.88 437.53 175.39 162.86 1.7016 1
271.59 214.07 119.57 114.74 2.3948 1
441.3 443.15 197.85 174.15 1.25 1
455.38 435.38 66.625 66.625 1.25 1
428.51 436.07 244.05 177.81 2.478 1
140.34 156.61 113.58 114.35 1.4255 1
181.74 179.03 295.35 284.46 3.3362 1
440.71 439 160.28 176.61 1.8942 1
150.07 178.14 91.23 69.461 1.9755 1
455.41 440.31 308.35 309.6 4.2552 1
290.38 274.13 120.37 120.37 1.25 1
345.38 326.63 60.375 60.375 1.25 1
419.15 401.65 64.995 63.789 1.25 1
385.38 367.88 62.875 62.875 1.25 1
