460.65 428.71 160.16 305.28 4.2163 1
638.98 638.99 411.62 149.12 1.2528 1
137.87 572.87 479 478.98 1.2645 1
169.13 179.12 3.0425 2.6801 3.8835 1
428.97 300.45 306.23 355.58 7.6903 1
324.87 460.25 37.184 159.4 4.3065 1
251.9 241.74 7.3986 1.4266 3.6108 1
4.2371 14.049 6.5625 24.168 3.3835 1
199.37 240.55 61.471 126.52 4.2245 1
220.54 198.74 197.85 63.985 4.0192 1
261.91 253.67 7.7486 9.8579 5.1437 1
230.43 324.46 54.431 37.191 4.3441 1
253 243.78 10.668 14.571 3.7647 1
244.16 224.15 14.943 15.313 3.6337 1
1.6131 18.269 79.108 67.175 4.3681 1
86.64 101.72 15.493 13.643 2.7859 1
185.65 162.54 5.9438 13.043 8.0903 1
40.487 47.81 0.45025 24.525 7.489 1
5.5012 3.848 29.112 12.777 4.4861 1
122.91 86.986 11.784 19.546 3.5976 1
298.35 294.85 353.18 344.33 6.4879 1
23.621 16.798 28.045 7.8166 3.9811 1
233.34 220.07 225.15 197.42 5.5894 1
236.94 268.03 19.083 10.959 3.683 1
144.02 158.92 8.4186 11.393 2.9438 1
19.699 4.8277 28.247 1.2381 2.9524 1
78.098 63.695 12.015 8.2831 4.6148 1
161.49 123.02 13.948 9.2173 3.8542 1
102.39 144.2 10.887 4.6512 8.0256 1
22.644 8.4305 66.398 80.919 3.6677 1
231.63 219.13 4.7704 4.7897 2.5 1
299.92 294.06 351.64 209.13 3.0795 1
36.5 49.276 42.489 38.34 2.3471 1
294.42 233.86 343.98 225.51 5.7143 1
9.6917 1.4801 78.108 81.246 3.9492 1
84.128 59.176 71.641 76.869 2.9013 1
60.343 95.228 73.985 65.986 2.6152 1
222.86 200.44 56.499 59.594 3.202 1
293.06 381.62 208.55 184.11 3.5326 1
17.557 8.984 34.905 42.72 4.7005 1
112 84.458 64.262 71.62 2.9684 1
41.66 25.035 30.606 33.147 8.6496 1
238.67 262.33 22.082 45.924 2.6549 1
18.67 6.2562 62.029 48.064 4.1523 1
8.7358 16.583 1.1509 15.398 2.0786 1
426.45 456.79 301.59 164.16 1.9675 1
258.68 235.39 47.078 24.114 3.4601 1
26.622 1.5831 84.089 86.105 2.2913 1
34.18 24.031 46.085 45.048 2.7411 1
88.078 60.615 37.178 47.278 2.8309 1
59.157 75.326 44.223 38.974 1.4289 1
385.43 455.57 183.05 162.3 2.3126 1
455.39 386.31 159.1 96.972 1.4848 1
93.123 111.71 66.207 60.656 2.2871 1
291.63 309.13 9.125 9.125 1.25 1
312.88 295.38 11.625 11.625 1.25 1
