136.62 575.37 478.99 478.98 1.2569 1
638.98 638.98 411.63 147.88 1.2528 1
210.01 183.05 311.5 122.67 5.3017 1
615.19 515.36 242.11 429.7 5.3754 1
619.92 615.3 119.06 244.21 5.0485 1
182.35 286.09 122.6 45.081 5.359 1
286.22 619.86 45.991 118.99 5.1971 1
513.57 281.21 430.59 341.94 10.273 1
220.23 210.46 315.82 312.62 4.7517 1
241.41 218.04 325.97 317.66 12.196 1
281.17 241.49 341.54 326.24 7.8972 1
187.33 610.67 123.57 241.83 4.2759 1
1.2723 58.868 99.264 113.89 4.0358 1
0.97668 48.774 145.53 117.28 3.1787 1
61.14 8.8015 114.57 146.09 3.4908 1
48.969 1.3898 115.98 103.79 3.9127 1
1.368 82.792 63.311 37.612 2.5781 1
115.47 104.03 23.032 30.228 2.2358 1
83.461 115.29 37.693 20.224 2.3389 1
101.76 70.812 31.937 45.148 2.4807 1
70.316 56.596 45.164 49.023 1.5786 1
