205.49 174.15 243.85 86.372 4.7305 1
176.37 449.18 86.908 132.55 4.8297 1
136.62 574.12 478.99 478.98 1.2643 1
479.16 467.42 151.63 224.25 5.5466 1
638.98 638.99 411.62 146.62 1.257 1
437.97 204.8 316.32 247.3 9.2813 1
491.74 478.95 72.691 151.39 5.3976 1
466.85 465.07 224.36 235.53 3.8998 1
342.92 491.47 53.743 71.647 4.6533 1
469.65 469.26 190.36 179.12 2.761 1
175 256.59 85.911 42.806 3.5034 1
482.93 417.89 5.7475 1.3638 3.4327 1
451.06 448.33 131.57 157.92 3.6832 1
463.16 462.49 231.61 221.57 2.9125 1
448.16 429.64 159.01 308.88 4.6414 1
639.43 484.09 29.672 5.5788 3.8616 1
457.38 468.24 177.73 173.92 3.9524 1
471.69 624.35 1.1598 23.841 3.4551 1
548.96 589.17 6.3085 2.0101 6.1675 1
625.11 639.3 24.472 26.817 2.8845 1
441.63 471.63 1.573 1.7216 1.25 1
519.13 481.63 2.518 1.485 2.8088 1
533.22 518.25 4.6726 2.0097 3.911 1
458.18 468.65 199.46 189.98 2.5189 1
549.38 534.03 5.3572 4.3362 8.8966 1
590.25 549.15 6.5727 10.609 4.876 1
475.78 461.4 145.94 156.32 5.119 1
463.71 449.93 137.15 158.85 2.4958 1
450.83 464.96 152.37 130.11 2.5101 1
461.35 433.05 241.5 302.37 3.6099 1
289.04 177.77 109.63 91.03 3.862 1
466.13 455.11 179.77 188.8 3.2501 1
186.55 208 131.64 240.35 2.0828 1
257.84 331.7 43.196 52.293 2.9579 1
326.62 290.32 115.39 109.46 2.8469 1
427.09 440.38 259.18 139.13 2.7553 1
489.05 472.68 75.325 100.25 1.9976 1
459.11 435.5 312.62 313.93 5.8959 1
375.32 327.84 123.23 115.57 2.23 1
442.69 441.41 141.61 154.1 1.7515 1
180.21 185.87 100.41 129.03 1.7527 1
465.44 477.8 237.27 238.57 3.0976 1
180.33 195.51 94.351 97.104 2.1222 1
440.54 439.2 160.39 175.38 1.8006 1
209.85 209.13 261.87 253.08 4.354 1
209.02 230.36 99.798 103 1.4124 1
425.08 426.15 281.61 264.1 1.3239 1
208.69 207.3 274.04 260.31 2.362 1
