186.31 145.66 269.84 102.5 4.8296 1
470.68 464.6 121.84 166.86 4.4213 1
463.36 457.56 172.95 210.52 4.0878 1
136.62 574.12 479 478.97 1.2707 1
638.98 638.99 411.62 147.87 1.257 1
479.74 474.23 106.35 94.08 4.0468 1
146.45 465.43 101.46 125.89 4.9799 1
464.97 471.02 166.87 179.42 4.5816 1
458.86 463.91 210.47 224.2 4.8762 1
456.68 443.18 215.57 303.98 4.1527 1
471.14 479.1 117.3 127.9 4.2454 1
472.89 483.95 89.11 103.02 4.6676 1
470.91 461.15 179.98 197.61 4.2562 1
472.98 471.4 59.067 90.427 4.6889 1
471.33 470.82 95.397 117.91 3.9466 1
463 455.7 224.18 239.28 3.9576 1
483.59 476.02 105 115.83 4.5059 1
476.13 468.61 135.93 146.25 4.7779 1
241.59 471.64 47.27 58.764 4.6205 1
505.37 569.12 1.6728 10.44 3.3426 1
585.32 510.17 14.607 5.8599 4.1911 1
570.36 639.13 10.116 11.47 3.2623 1
456.46 194.52 310.32 274.93 9.339 1
509.32 471.72 4.7918 0.75275 3.5029 1
639.14 586.61 14.628 13.519 3.2645 1
151.2 188.6 111.73 265.5 2.0427 1
217.85 151.58 110.72 106.02 3.8395 1
450.55 455.76 194.15 155.43 1.9782 1
469.13 469.13 89.125 62.875 1.25 1
255.36 239.09 113.07 112.2 1.514 1
444.82 449.87 235.3 196.56 1.8857 1
456.79 457.79 152.89 137.87 1.828 1
467.58 457.52 302.28 307.21 5.6113 1
170.44 187.09 80.454 65.906 1.9932 1
280.38 260.38 114.12 114.12 1.25 1
