638.98 638.98 412.87 149.12 1.257 1
137.87 574.12 479 478.98 1.2722 1
211.45 313.07 27.982 197.76 5.0238 1
103.19 106.39 6.766 27.911 4.57 1
534.06 475.79 151.22 338.87 5.5365 1
360.39 534.71 9.3932 151.2 6.0643 1
232.79 211.78 197.89 31.448 3.9633 1
25.358 20.369 19.803 1.2898 5.6155 1
78.649 67.417 45.764 31.999 6.6011 1
39.523 34.446 14.428 0.17489 8.3235 1
238.59 232.39 213.42 195.99 4.211 1
104.18 104.3 27.862 40.386 3.8356 1
476.29 316.2 339.38 392.86 10.371 1
69.842 67.117 31.786 1.5806 4.3059 1
149.78 133.71 0.7992 12.289 4.3604 1
315.08 305.69 392.44 372.06 6.1996 1
26.68 31.468 1.0739 12.413 2.5223 1
308.07 213.24 15.708 27.134 8.4329 1
23.351 21.383 37.792 26.45 3.1044 1
305.8 249.26 371.44 239.07 4.4422 1
124.84 128.55 15.563 1.4746 4.5156 1
91.486 84.394 45.081 48.442 6.7185 1
249.14 241.46 238.59 220.45 4.2514 1
66.626 60.891 31.49 44.355 5.8459 1
103.93 87.179 37.932 45.578 12.41 1
240.76 238.43 220.62 213.93 6.3128 1
31.017 29.07 51.513 40.385 2.2685 1
33.356 34.702 41.573 54.063 2.7535 1
21.592 25.16 26.021 18.436 5.5886 1
315.1 315.2 386.62 201.63 2.5906 1
139.56 154.22 14.621 1.7341 2.93 1
84.488 76.347 48.866 53.652 6.3999 1
20.907 1.2542 66.004 71.565 7.5339 1
206.21 185.31 2.0729 6.292 4.9124 1
11.856 29.317 59.928 49.446 5.577 1
61.85 41.555 18.083 16.093 10.44 1
314.48 364.21 200.88 190.78 5.6648 1
31.108 35.883 10.593 21.937 3.6387 1
71.846 107.07 62.218 49.077 4.0899 1
108.58 110.89 47.748 60.508 3.1288 1
232.1 234.4 229.17 206.65 3.2513 1
70.512 55.441 53.938 55.886 3.2806 1
32.953 20.777 55.468 65.607 3.3638 1
341.7 360.45 14.481 10.752 7.0979 1
229.05 220.14 64.169 49.265 1.25 1
49.536 40.772 35.085 27.421 2.5139 1
499.35 529.14 160.08 152.96 3.1186 1
