638.99 638.99 411.62 147.87 1.25 1
420.39 396.47 152.68 302.85 4.4451 1
137.87 574.12 479 478.98 1.2689 1
397.93 249.82 304.41 335.21 8.0689 1
353.47 419.94 49.544 153.16 4.3881 1
38.257 55.237 37.558 34.588 3.755 1
239.26 228.52 253.05 185.08 3.8993 1
55.235 69.923 34.896 26.827 4.1049 1
243.49 239.18 281.92 253.92 7.3199 1
230.28 415.52 182.19 155.11 4.4705 1
251.5 243.67 332.7 282.56 4.6728 1
1.6123 36.596 40.098 38.499 3.0679 1
196.15 208.06 28.954 82.835 3.6746 1
73.636 56.717 28.334 38.795 5.1052 1
65.372 20.294 41.552 43.516 7.1121 1
20.401 1.6137 44.144 43.946 3.8952 1
35.28 59.682 23.897 13.713 4.033 1
276.63 197.88 20.477 27.889 4.2316 1
58.949 38.862 17.462 26.006 2.9616 1
159.26 111.83 29.916 37.841 3.0776 1
124.24 156.62 33.421 26.617 2.6418 1
227.22 226.15 176.74 170.46 2.675 1
225.71 215.28 170.3 122.62 3.7424 1
59.11 79.129 39.918 39.261 1.7007 1
296.12 286.24 15.712 1.0403 2.8359 1
81.637 66.56 41.91 42.523 2.5487 1
142.78 126.87 1.3648 7.282 2.2075 1
340.28 331.19 30.433 15.643 2.3741 1
398.52 416.63 269.03 156.63 1.9541 1
290.82 301.42 1.3184 16.766 3.1522 1
219.09 215.99 170.38 147.79 2.3581 1
208.65 206.24 104.2 88.988 4.4849 1
215.93 210.86 146.77 122.77 2.515 1
205.75 201.88 89.282 67.828 2.4603 1
219.38 219.74 185.33 176.6 2.7059 1
393.65 395.9 300.49 285.45 1.5447 1
231.47 225.97 236.66 208 1.7483 1
