638.97 638.99 412.87 147.87 1.265 1
264.38 269.63 306.67 144.14 6.0504 1
135.37 574.12 479.01 478.97 1.288 1
271.44 269.11 144.66 132.88 6.6311 1
269.96 269.89 132.87 111.62 5.0402 1
417.88 263.93 375.36 307.06 5.7518 1
269.48 401.51 111.5 22.047 5.4804 1
272.73 481.34 112.09 178.75 4.4174 1
433.99 420.08 334.93 375.67 9.1174 1
383.94 354 172.34 164.63 3.0087 1
420.75 415.27 374.36 380.39 9.0796 1
486.92 433.16 167.57 334.22 7.0224 1
352.9 372.94 201.55 207.68 2.7561 1
376.65 349.26 205.28 197.4 3.0771 1
359.31 380.88 169.75 176.19 3.8441 1
401.35 543.95 21.516 56.088 4.0492 1
404.1 387.84 208.25 207.08 2.6725 1
469.18 275.37 210.22 145.4 2.5382 1
262.87 268.88 317.8 311.4 7.9239 1
265.8 264.01 351.6 317.75 11.366 1
410.38 392.79 176.59 175.14 2.3886 1
476.88 364.14 187.09 150.34 2.5036 1
357.79 341.68 261.87 256.45 2.3805 1
532.86 488.97 93.684 219.51 4.3641 1
391.61 370.37 266.04 265.53 2.6774 1
344.14 361.47 260.32 265.87 2.3343 1
380.35 352.78 315.6 312.48 2.2503 1
488.96 480.31 219.83 242.09 5.7586 1
353.02 334.01 312.46 305.68 2.9397 1
269.43 267.9 257.89 302.88 2.1575 1
273.65 272.73 122.85 139.05 2.0282 1
273.25 269.45 146.64 251.64 1.9729 1
275.25 345.19 141.98 165.9 2.4897 1
333.8 355.12 308.82 316.11 2.3656 1
389.12 404.15 210.39 211.07 1.7013 1
544.45 534.77 58.447 85.156 5.6557 1
343.22 325.4 159.87 147.83 3.1636 1
396.62 411.6 177.98 179.36 1.8187 1
351.71 398.93 148.88 164.71 2.4466 1
479.47 437.77 242.48 337.28 3.8918 1
592.94 541.81 27.746 1.2611 3.7297 1
346.04 322.9 197.42 180.35 3.2816 1
337.75 316.34 255.53 238.23 2.875 1
354.32 324.25 147.28 137.48 2.0155 1
321.04 312.65 297.16 288.08 2.7542 1
379.11 391.63 268.15 268.99 1.8306 1
388.93 411.59 180.99 187.98 1.6525 1
422.7 445.33 172.18 179.25 1.5661 1
441.65 476.62 172.8 184.15 2.0234 1
396.76 413 188.68 193.72 1.564 1
527.56 489.33 91.471 168.61 4.0976 1
378.07 390.1 256.34 264.52 2.77 1
605.11 596.31 1.5252 25.257 3.5161 1
271.43 294.21 254.6 263.92 1.577 1
320.29 334.15 237.47 238.89 2.487 1
341.54 350.45 147.06 148.71 2.9129 1
314.13 327.89 286.52 287.75 2.7136 1
391.42 402.32 199.46 206.26 3.1824 1
609.16 593.02 30.083 28.003 4.6396 1
326.56 341.61 179.57 181.73 2.8297 1
