136.62 575.37 478.99 478.98 1.2637 1
638.98 638.98 412.88 146.63 1.2576 1
193.51 155.22 280.5 96.397 5.9501 1
273.69 586.36 32.129 110.19 4.5632 1
463.39 257.07 415.63 314.51 10.146 1
487.08 465.9 355.08 413.41 8.9728 1
154.73 273.38 96.492 32.569 4.8243 1
203.2 191.94 285.88 280.91 4.5745 1
492.15 488.84 338.83 347.02 4.665 1
64.124 52.875 8.9222 8.9304 3.7527 1
508.13 493.78 292.53 333.63 5.5783 1
488.49 487.02 347.74 354.67 7.1469 1
513.37 508.41 276.79 291.8 5.5614 1
528.84 513.5 231.95 277.24 6.0752 1
494.08 491.34 334.1 338.48 5.1684 1
586 561.87 110.81 166.03 9.808 1
157.6 529.1 97.433 222.95 3.8468 1
559.56 529.03 165.58 231.68 6.7277 1
212.96 201.34 291.38 287.5 9.0912 1
565.48 517.78 167.91 297.05 3.8239 1
257.09 211.95 314.42 292.18 7.9794 1
83.781 8.0614 97.704 73.541 3.5745 1
11.124 93.711 70.716 96.69 3.8939 1
517.16 491.3 296.14 356.49 3.6116 1
93.505 64.33 97.944 113.26 4.4824 1
1.5711 83.521 141.52 99.205 3.4696 1
90.267 124.22 38.728 29.487 2.5191 1
30.133 71.343 59.764 43.415 2.3621 1
138.04 166.91 24.422 8.3807 2.4305 1
63.824 1.4767 113.55 146.34 3.319 1
169.43 142.9 9.6364 25.41 2.3223 1
141.74 108.94 25.697 37.344 2.3981 1
72.786 87.991 43.808 39.537 2.0688 1
69.018 48.983 47.585 54.99 1.9116 1
490.31 461.78 89.403 82.264 1.25 1
