638.98 638.98 412.88 147.88 1.2568 1
136.62 575.37 479 478.97 1.2755 1
562.27 488.68 120.87 302.19 5.1848 1
488.01 182.94 304.34 319.2 11.41 1
170.75 164.57 76.833 88.117 3.995 1
160.89 173.61 83.43 69.957 4.8497 1
162.08 161.48 98.006 82.93 6.0464 1
193.05 165.54 314.28 120.17 5.3723 1
181.56 487.86 30.307 38.45 4.8346 1
164.99 166.55 88.949 96.639 3.1956 1
165.22 167.99 121.17 105.18 5.2386 1
174.02 180.82 70.358 30.45 3.9592 1
168.15 162.93 104.88 98.118 3.5069 1
169.6 172.56 97.554 78.877 4.4259 1
488.24 563.2 38.68 121.33 5.4734 1
167.87 560.37 120.22 121.95 4.9808 1
494.13 516.95 280.38 224.26 1.6674 1
518.08 544.25 221.71 156.68 1.5135 1
482.44 476.1 312.63 325.72 5.0789 1
545.55 552.65 154.19 135.29 1.25 1
407.87 329.13 39.132 37.498 1.8205 1
241.63 204.13 34.125 34.125 1.25 1
464.13 421.63 40.375 40.375 1.25 1
556.63 510.38 124.13 124.13 1.25 1
321.63 291.63 36.625 36.625 1.25 1
