638.98 638.99 411.62 149.12 1.2509 1
420.7 391.31 186.44 336.56 4.5002 1
136.62 572.87 479.01 478.98 1.2792 1
223.88 221.84 201.78 181.6 4.6116 1
239.83 224.14 340.44 202.73 4.3863 1
389.22 235.39 338.68 343.27 8.6691 1
375.94 367.32 17.211 7.1009 5.1465 1
387.26 420.15 83.07 186.3 4.5427 1
241.28 235.7 42.972 95.276 4.0921 1
223.34 234.94 180.59 86.725 4.2237 1
397.75 392.7 1.1188 14.85 5.8656 1
168.53 167.91 10.33 1.4498 3.1992 1
1.6055 117.89 38.648 39.768 4.8794 1
390.32 370.33 16.401 21.459 9.6942 1
367.13 359.82 8.579 13.837 2.9145 1
120.41 135.4 39.434 39.131 4.9484 1
343.04 341.14 13.912 1.3213 4.9442 1
225.37 415.38 188.12 187.24 5.5852 1
349.12 241.59 44.606 43.313 7.0185 1
155.74 157.18 15.345 32.829 3.2105 1
150.44 1.598 46.248 42.788 6.6847 1
154 151.3 30.396 13.973 3.2787 1
314.08 300.19 7.6911 10.822 7.5913 1
136.01 152.11 39.087 31.387 4.9031 1
190.35 170.33 8.4908 8.7042 10.106 1
152.16 160.36 12.336 6.1859 4.7503 1
369.18 351.48 22.423 20.374 3.4899 1
359.59 365.7 28.935 43.993 3.0054 1
619.02 619.36 12.858 35.353 4.9239 1
361.96 355.57 45.245 29.047 2.7842 1
614.86 611.58 42.6 18.958 5.5045 1
155.59 139.19 35.87 43.032 4.3713 1
369.15 391.65 28.136 25.597 4.0068 1
412.43 416.8 212.79 190.41 1.4935 1
400.23 411.83 274.1 215.42 1.9676 1
392.57 399.64 314.07 276.72 1.7941 1
388.41 392.08 334.24 316.72 1.6765 1
232.54 234.09 247.91 264.13 1.6024 1
136.9 121.91 27.293 33.565 3.6477 1
295 273.13 12.644 4.6712 2.5573 1
637.76 616.43 40.837 44.075 3.5199 1
226.53 227.92 196.64 209.12 1.7956 1
596.7 581.69 10.557 9.494 2.582 1
609.87 598.09 18.683 11.277 4.6246 1
607.83 617.53 1.662 13.376 3.52 1
236.42 237.88 281.65 296.62 1.7294 1
