638.98 638.98 411.62 147.87 1.2521 1
137.87 574.12 479 478.97 1.2702 1
534.64 476.01 156.39 341.03 4.5001 1
212.7 315.39 35.481 203.35 5.4214 1
476.84 309.47 342.25 398.95 8.3149 1
106.5 103.9 25.198 45.346 5.2792 1
362.05 533.82 17.655 154.82 5.5544 1
232.94 216.24 203.97 65.271 4.3992 1
190.39 195.9 7.8879 1.0422 2.89 1
102.88 105.92 17.875 24.964 4.1276 1
80.958 67.139 50.758 41.47 6.5818 1
216.57 212.46 64.133 37.744 3.5129 1
152.34 126.87 0.97613 21.926 4.2039 1
41.268 36.344 33.991 1.2909 5.3693 1
67.654 57.741 42.525 53.852 5.2916 1
91.728 83.917 54.305 58.76 4.496 1
304.26 214.4 23.971 35.063 7.1528 1
62.424 64.157 1.3939 16.762 4.5484 1
23.791 21.67 25.408 3.9967 4.8409 1
14.619 32.071 68.636 57.312 5.1309 1
21.418 27.129 37.76 27.461 5.0981 1
212.98 194.19 5.1538 10.59 8.4052 1
70.201 67.188 40.388 1.4846 4.5991 1
237.43 233.5 218.93 203.03 6.6671 1
25.985 32.419 5.6177 22.574 4.2729 1
35.432 31.601 54.15 62.864 3.4328 1
314.11 238.41 394.13 218.72 5.7139 1
315.85 316.55 391.63 206.62 3.2481 1
83.331 77.474 58.615 62.225 3.6878 1
1.139 13.806 70.862 67.804 4.8603 1
31.327 14.078 63.129 74.051 4.3303 1
64.017 74.031 56.44 50.579 7.2883 1
63.195 108.49 70.067 54.688 4.1732 1
26.847 21.719 47.744 39.07 3.0319 1
89.14 80.482 51.352 50.887 4.0127 1
132.03 159.11 22.158 1.6106 3.9148 1
119.29 125.29 21.714 10.883 4.9795 1
317.83 355.27 205.16 197.36 4.2335 1
14.772 1.1339 75.194 77.666 7.6027 1
76.863 50.521 62.526 65.444 5.2488 1
35.018 27.956 29.636 33.043 4.4638 1
36.778 27.95 21.559 1.0544 2.9501 1
158.41 185.49 2.833 8.581 6.1889 1
95.23 88.264 45.485 51.143 4.911 1
473.35 529.2 338.03 162.9 2.1973 1
110.14 121.89 11.379 9.5091 4.5449 1
355.56 529.14 197.46 157.95 3.4708 1
189.29 176.67 12.395 13.444 2.9051 1
321.69 361.83 23.395 18.212 4.281 1
57.822 41.197 23.784 26.373 10.266 1
25.195 1.26 49.747 56.6 3.261 1
19.349 1.473 5.2747 4.233 7.7782 1
50.297 61.65 68.041 68.664 2.4277 1
175.56 153.06 11.779 7.9996 2.6726 1
32.875 15.356 77.872 77.497 2.6868 1
1.4168 20.228 52.052 47.294 1.7866 1
51.624 40.236 40.377 37.108 3.9493 1
415.36 400.48 9.033 12.148 2.1907 1
