206.97 321.09 46.381 207.37 5.0736 1
638.98 638.99 411.62 149.12 1.256 1
137.87 574.12 478.99 478.98 1.254 1
533.17 478.52 155.09 340.2 4.4196 1
68.446 55.009 64.268 57.335 4.0474 1
478.83 324.19 340.85 399.31 8.5126 1
290.35 206.84 33.931 45.659 4.4507 1
188.22 195.32 13.601 10.267 3.8778 1
90.017 91.296 29.016 54.142 4.7393 1
353.5 533.01 24.993 154.42 4.3417 1
210.23 206.15 71.859 47.535 3.8977 1
229.31 210.09 210.17 73.989 4.1073 1
196.96 174.08 16.63 22.689 8.3871 1
81.655 74.987 66.699 69.427 4.6458 1
168.51 178.9 20.594 16.111 2.3728 1
297.94 228.53 350.96 210.03 5.2885 1
74.121 64.347 70.368 75.777 3.0262 1
127.8 155.43 16.844 15.97 6.6816 1
25.818 19.335 34.382 14.058 3.9525 1
7.8362 5.8494 36.488 18.93 4.6872 1
154.1 139.01 10.91 10.112 3.6788 1
53.794 44.929 57.448 67.345 4.6558 1
1.6931 17.256 82.977 72.568 4.1696 1
64.131 36.678 76.684 79.624 3.9067 1
19.091 11.661 13.624 0.87573 3.8693 1
156.53 171.66 18.316 21.433 2.9164 1
171.64 138.12 24.04 18.828 3.4044 1
57.054 52.161 55.553 33.03 5.5223 1
59.922 95.826 80.456 66.538 3.7122 1
112.54 127.22 21.794 17.303 6.8792 1
102.95 91.592 25.515 31.563 4.6285 1
34.147 59.141 81.83 81.46 2.8148 1
138 104.19 19.688 26.92 3.314 1
141.63 185.35 7.5008 8.6651 2.9983 1
54.327 61.99 69.363 62.859 7.1918 1
86.285 97.093 1.1671 22.647 11.216 1
22.181 3.7519 36.334 1.1655 3.2683 1
298.01 352.99 32.583 24.993 3.5856 1
19.036 2.0129 76.485 87.239 5.1162 1
50.241 25.343 38.565 39.656 8.6321 1
54.191 35.358 51.45 52.602 3.8956 1
19.532 20.671 61.579 71.732 3.1812 1
104.21 115.11 24.336 19.755 4.3088 1
322.21 315.85 395.95 388.54 5.6881 1
321.8 375.67 209.82 196.58 3.8982 1
20.754 12.902 42.79 47.917 4.4636 1
47.823 32.789 86.84 83.234 2.3547 1
82.256 73.698 58.892 64.201 3.2948 1
316.39 298.52 388.02 351.31 4.9235 1
22.895 1.6443 90.725 91.958 2.9303 1
137.93 125.75 9.0369 1.0588 3.1752 1
46.938 48.397 17.712 31.701 2.9516 1
11.456 7.7256 61.702 53.512 3.1033 1
376.61 527.94 196.56 156.87 3.1519 1
43.054 47.407 7.7891 16.85 5.0042 1
322.23 322.47 389.13 210.38 2.5556 1
403.13 392.8 13.986 16.31 2.2859 1
381.85 415.58 16.252 7.4227 2.507 1
228.9 210.36 83.036 56.637 1.7413 1
230.3 231.18 239.12 217.91 3.7468 1
475.67 528.6 337.96 159.34 2.0879 1
314.13 340.38 21.625 21.625 1.25 1
12.893 1.5565 64.224 66.24 2.3253 1
35.919 27.794 54.14 50.559 3.4315 1
436.59 404 1.5416 13.798 2.2098 1
341.66 320.41 23.479 24.742 1.9761 1
99.323 120.42 73.494 66.755 2.332 1
4.1339 22.844 89.223 87.528 1.25 1
494.13 465.18 130.36 109.39 1.3941 1
70.379 48.194 90.353 86.179 3.3088 1
291.61 305.39 23.904 23.139 1.733 1
