280.08 288.7 350.42 180.23 5.5466 1
288.49 289.41 179.19 151.68 4.4554 1
638.98 638.98 414.12 147.87 1.2501 1
517.53 451.92 192.35 392.56 5.6188 1
137.87 575.37 478.99 478.97 1.269 1
289.09 364.57 151.6 50.705 3.856 1
505.74 517.47 72.96 193.92 4.6918 1
450.3 281.21 393.17 352.09 6.0778 1
291.54 515.35 152.11 193 4.5756 1
583.98 595.24 9.9465 6.2149 3.5595 1
377.91 397.99 194.02 201.3 4.2748 1
397.85 382.96 196.71 192.58 2.9452 1
392.7 377.89 229.73 225.33 2.7525 1
377.88 392.83 229.09 233.04 2.4866 1
409.18 376.63 340.76 341.89 2.4117 1
441.62 399.04 200.47 198.47 3.395 1
416.74 399.04 290.13 292.18 2.1961 1
382.62 355.62 192.4 183.39 2.7684 1
480.24 292.94 221.03 183.81 2.6637 1
432.87 395.36 232.02 231.7 2.7058 1
382.81 363.97 289.39 284.74 2.4441 1
365.27 505.28 51.076 72.253 4.0401 1
376.63 409.14 344.34 343.54 1.4971 1
367.99 356.59 338.73 335.5 1.6001 1
278.29 282.99 371.4 353.82 8.1293 1
291.22 286.11 185.36 294.1 2.1809 1
409.12 431.63 202.23 202.54 1.5269 1
381.63 320.38 15.996 16.07 2.5346 1
292.92 290.93 161.63 179.04 1.9152 1
285.74 283.07 299.14 347.89 2.1356 1
472.97 301.68 194.86 161.36 2.3458 1
414.11 435.38 234.86 234.2 1.7149 1
292.98 360.34 181.08 194.32 2.5564 1
286.52 282.61 379.15 363.25 6.3677 1
582.86 541.6 38.517 39.288 3.9129 1
509.15 473.97 201.48 194.98 2.2705 1
357.87 397.87 13.735 13.536 2.5683 1
447.02 447.57 394.02 409.14 6.4717 1
501.73 482.93 224.83 221.35 1.5137 1
351.69 430.35 173.82 189.23 2.5437 1
452.86 469.23 212.94 216.06 2.0481 1
362.92 379.06 195.12 198.23 1.6996 1
474.67 427.53 35.282 16.233 3.7465 1
499.12 483.72 44.128 39.124 4.6948 1
517.95 500.37 40.763 44.11 4.4441 1
