280.78 287.57 250.47 137.86 4.7206 1
638.98 638.99 412.87 147.87 1.256 1
287.98 288.99 137.84 101.66 5.068 1
136.62 574.12 479 478.97 1.2802 1
513.01 445.64 136.25 335.04 5.319 1
277.5 280.46 304.24 251.56 5.19 1
445.19 279.92 335.23 308.19 6.8187 1
475.35 513.2 27.882 136.9 5.2612 1
280.83 277.96 326.4 305.03 11.407 1
288.6 335.56 103.26 6.7172 4.0106 1
291.42 510.45 102.95 136.11 4.722 1
619.13 639.21 1.5081 2.5759 2.6956 1
336.58 474.23 6.9611 27.153 3.8097 1
392.92 375.04 177.72 172.87 2.8644 1
416.64 391.7 236.78 238.81 3.1303 1
397.77 360.4 144.45 132.8 3.0668 1
384.09 292.82 150.61 135.7 2.3134 1
365.53 392.81 137.42 146.82 2.6904 1
429.12 394.12 178.4 178.35 2.5317 1
436.63 399.09 146.54 145.01 2.447 1
401.53 379.1 287.18 290.2 3.048 1
391.62 362.75 239.14 233.5 2.7211 1
290.73 287.37 137.9 196.67 1.925 1
397.88 430.38 148.49 148.9 2.8816 1
392.87 420.31 180.48 182.51 2.0753 1
292.78 290.55 111.61 130.4 1.9777 1
374.11 401.65 292.61 290.74 2.5138 1
286.63 286.63 200.38 220.38 1.25 1
396.6 411.61 241.22 240.12 1.7019 1
440.62 441.51 335.29 350.38 7.5605 1
377.88 356.64 289.11 285.27 2.3545 1
291.65 362.86 132.72 144.22 2.2305 1
327.91 294.04 116.44 110.86 2.0459 1
521.6 471.57 2.0777 3.4683 3.4013 1
283.35 282.62 254.11 282.87 1.2813 1
506.51 449.05 144.88 135.85 2.3632 1
377.79 332.96 124.65 117.33 2.04 1
452.6 426.47 6.9824 2.5209 4.5079 1
456.64 429.18 161.5 157.52 2.1335 1
426.58 404.16 156.96 153.86 1.7518 1
446.78 417.94 135.6 131.17 2.0998 1
497.87 461.53 167.92 162.26 1.6202 1
285.54 284.51 222.88 247.89 1.7653 1
480.13 487.04 222.79 203.02 1.25 1
466.41 452.74 3.812 5.6637 3.652 1
