638.98 639 411.62 149.12 1.2626 1
136.62 574.12 479.01 478.97 1.2827 1
420.97 397.72 148.83 299.1 4.4741 1
396.78 255.39 301.03 334.19 8.1616 1
344.99 420.77 39.392 148.47 4.2683 1
232.52 230.11 194.45 182.67 3.703 1
244.71 232.47 271.73 195.24 4.1949 1
27.2 46.715 39.078 34.508 4.1445 1
253.92 245.48 331.45 282.43 7.3913 1
231.58 417.86 181.36 150.27 4.5165 1
46.74 60.524 34.898 25.597 4.2203 1
246.46 244.64 281.91 272.77 3.6783 1
1.5058 24.157 41.172 39.587 4.0899 1
190.64 205.69 27.48 85.294 3.6291 1
63.021 47.089 28.075 39.758 4.704 1
22.835 43.571 25.29 15.457 3.5634 1
77.845 94.02 5.2554 1.2055 2.7306 1
267.92 191.74 18.25 26.473 4.2931 1
32.964 22.968 22.979 31.521 3.2656 1
42.88 22.815 43.018 43.777 6.4817 1
147.99 92.981 29.743 39.708 3.1372 1
106.78 145.37 34.856 26.593 2.5334 1
22.807 1.5422 45.022 45.924 5.2604 1
56.471 33.494 16.135 23.372 3.7739 1
77.904 44.052 42.092 44.215 3.1211 1
62.455 63.863 14.194 22.712 2.6672 1
215.72 202.88 170.08 100.14 3.184 1
202.85 194.03 99.354 50.391 3.0023 1
217.95 216.14 188.01 171.68 4.6951 1
229.89 216.27 178.01 127.97 2.8472 1
130.39 110.62 1.6678 8.5776 2.6578 1
400.21 416.98 261.6 153.99 2.2143 1
241.66 219.31 282.87 188.78 3.3469 1
287.39 278.46 14.449 1.2267 2.8525 1
47.875 71.637 41.626 39.248 1.9907 1
81.632 70.349 7.7818 6.9901 2.7564 1
394.93 398.05 295.31 274.15 1.7832 1
