263.35 232.28 321.29 162.5 4.5596 1
638.98 639 411.62 149.12 1.2661 1
137.87 574.12 479.02 478.97 1.2977 1
550.67 515.51 87.351 235.11 4.6918 1
263.06 283.67 1.3698 16.013 4.0477 1
283.89 257.27 20.688 0.76472 4.0159 1
232.75 413.18 162.22 52.125 6.4393 1
386.15 263.26 396.61 321 8.513 1
510.55 508.37 1.5204 23.929 5.3407 1
1.2669 28.926 6.055 0.61309 4.4432 1
431.78 551.92 194.3 83.295 7.495 1
283.94 366.43 13.803 30.118 4.8643 1
516.24 500.05 234.29 258.49 5.5333 1
500.31 389.95 257.82 396.28 5.198 1
322.81 281.37 24.568 18.308 4.3129 1
482.64 486.62 21.58 0.90202 8.3559 1
1.5004 124.44 40.947 18.36 3.7653 1
123.01 12.743 22.399 42.137 3.9261 1
568.23 568.1 2.8775 20.368 2.5812 1
234.94 390.74 163.87 232.39 4.2283 1
354.31 320.46 33.366 25.018 4.2722 1
556.97 559.54 22.74 5.437 6.5498 1
45.134 1.3543 0.55677 10.424 4.1386 1
12.526 1.5017 42.467 44.79 3.2194 1
397.07 354 40.543 32.287 5.2481 1
443.05 398.74 53.446 41.861 5.5801 1
364.09 418.02 28.021 41.005 5.0859 1
507.91 484.17 21.296 20.993 8.8291 1
477.73 481.27 47.641 26.565 6.9913 1
181.56 124.28 5.1628 22.144 3.4627 1
125.09 181.32 18.204 0.63473 3.2822 1
237.05 255.8 170.29 266.54 2.2473 1
548.52 442.85 81.558 55.467 7.7904 1
426.35 452.76 42.799 37.342 5.362 1
461.8 465.93 29.812 21.916 3.9537 1
545.07 533.19 15.628 1.3665 3.8409 1
466.76 480.24 21.946 16.296 2.975 1
455.38 437.92 44.18 46.931 3.7043 1
542.7 555.2 5.7279 20.733 3.3602 1
207.76 180.51 0.89445 5.0395 3.6273 1
393.69 431.32 231.18 195.06 3.4985 1
597.08 617.12 22.9 30.289 4.8748 1
427.77 457.79 29.059 26.777 3.0758 1
451.69 425.31 33.278 37.484 2.4688 1
444.11 471.64 49.213 54.068 2.6073 1
