638.99 638.99 411.63 147.88 1.2508 1
137.87 572.87 479.01 478.98 1.273 1
194.89 157.89 327.41 167.58 4.6544 1
361.78 350.71 185.28 313.01 4.5082 1
157.65 231.18 167.72 62.185 4.9766 1
352.5 347.6 311.13 351.59 7.5959 1
483.66 476.37 1.2424 10.165 3.8721 1
369.64 394.81 146.74 37.744 4.2215 1
345.36 196.23 354.21 328.95 8.5982 1
257.72 238.85 24.871 52.685 3.5476 1
209.1 231.13 17.799 10.005 4.2247 1
452.15 441.95 2.8048 7.3572 3.4384 1
233.78 216.73 12.205 20.595 3.986 1
160.36 96.574 15.729 12.69 3.9242 1
465.59 455.25 15.199 17.231 6.6148 1
198.01 212.64 8.1542 1.1389 4.0147 1
442.87 477.92 21.579 20.468 4.1047 1
99.025 7.7078 11.515 3.5387 5.9712 1
91.422 167.74 7.0835 12.329 5.5968 1
477.97 462.65 13.754 12.832 10.583 1
46.58 84.222 2.7213 4.2637 4.9446 1
197.84 158.13 21.864 16.109 5.504 1
22.865 45.434 1.8123 2.987 3.0164 1
393.92 258.88 37.434 24.157 6.5659 1
160.32 359.02 168.26 194.89 5.2984 1
199.13 211.75 16.662 15.295 4.2666 1
454.15 431.54 17.644 14.822 4.3444 1
166.48 195.56 12.827 16.409 4.3148 1
212.96 196.69 23.49 21.199 7.0418 1
231.63 203.68 2.8968 7.8909 4.3935 1
391.85 377.32 62.76 193.09 4.3042 1
252.82 212.87 28.616 25.502 3.4472 1
377.3 356.11 194.02 310.51 3.6911 1
436.05 435.23 61.61 25.35 2.9514 1
80.342 90.676 4.3371 5.9637 4.7448 1
374.63 363.31 134.24 185.19 2.9822 1
439.24 440.85 22.922 61.657 2.8647 1
178.91 184.32 244.17 267.83 1.8106 1
163.39 174.69 176.51 225.24 1.8707 1
217.86 246.61 21.852 24.292 2.7024 1
425.42 405.42 63.359 62.115 2.34 1
579.12 562.87 40.926 40.909 1.2656 1
