202.81 161.83 290.1 116.28 4.728 1
136.62 575.37 478.99 478.98 1.2608 1
638.98 638.99 412.87 147.87 1.26 1
509.01 473.76 115.1 291.55 4.6711 1
485.37 204.09 296.53 294.13 9.1805 1
161.43 204.08 116.94 51.159 4.2527 1
500.35 509.45 97.233 114.61 4.3783 1
480.1 500.79 59.288 94.113 5.8094 1
164.13 506.63 116.91 114.6 4.7761 1
475.43 480.42 48.471 58.477 3.9159 1
204.13 474.15 52.108 48.473 5.1462 1
612.22 637.74 0.021147 9.5014 3.7518 1
633.19 601.68 10.532 1.4427 4.7814 1
640.06 628.01 41.619 32.691 4.2768 1
600.4 580.38 2.1904 1.4392 1.5772 1
639.25 633.92 15.422 29.043 2.7479 1
198.77 204.96 259.21 285.47 1.8706 1
168.75 192.07 131.71 230.27 2.0082 1
192.59 198.06 232.94 256.58 1.7886 1
492.84 479.02 287.79 293.88 4.9445 1
491.61 498.04 186.62 154.16 1.7244 1
492.46 495.16 150.31 132.84 1.6168 1
425.38 394.13 52.875 52.875 1.25 1
