638.97 638.99 412.87 147.87 1.2627 1
370.53 369.99 1.6164 70.372 3.0135 1
500.35 477.95 178.91 314.34 5.1179 1
261.81 261.58 1.59 16.605 3.7307 1
477.71 468.89 315.15 370.34 4.5936 1
243.36 243.11 61.617 46.642 2.648 1
249.13 217.77 27.734 26.183 4.8086 1
245.99 247.11 45.333 61.677 2.7491 1
137.87 574.12 478.99 478.98 1.2622 1
500.8 500.66 170.34 177.9 5.0938 1
201.77 202.73 61.53 50.362 2.8126 1
250.32 249.57 1.5762 21.642 5.323 1
585.75 599.55 53.307 1.4061 5.3073 1
189.49 187.63 60.462 41.649 4.1012 1
258.17 256.09 16.584 1.5261 5.4277 1
211.02 211 51.626 66.627 3.7426 1
406.74 373.4 1.0338 64.994 3.6092 1
78.635 76.061 65.476 52.991 2.6632 1
159.72 162.43 37.795 57.765 3.0417 1
168.32 171.07 44.028 56.744 2.9719 1
208.46 208.39 62.878 44.128 3.7784 1
79.54 81.367 52.808 64.166 2.8653 1
238.01 239.84 45.351 55.472 4.5809 1
116.11 113.81 60.577 40.411 3.4417 1
460.25 487.68 1.1393 64.746 3.2638 1
377.19 410.5 64.421 1.0336 3.3926 1
164.86 163.88 55.331 39.14 2.948 1
199.02 198.64 15.343 1.6038 2.8462 1
72.247 75.145 51.493 65.159 2.8903 1
36.759 41.76 53.622 67.371 4.1645 1
190.03 193.47 49.233 60.189 2.8304 1
92.474 88.936 65.756 50.419 3.7481 1
85.919 87.796 51.535 62.888 2.6704 1
488.99 463.92 59.899 1.1772 3.6725 1
214.35 209.11 22.508 21.762 4.0645 1
492.76 490.27 20.29 60.291 4.4424 1
362.49 365.62 70.471 1.5226 9.1945 1
109.54 112.79 40.304 59.14 3.2698 1
99.76 98.16 41.676 61.648 3.8378 1
116.94 120.14 39.075 59.162 3.7031 1
110.35 104.97 59.134 43.009 4.3481 1
373.37 374.32 64.133 1.609 3.2569 1
71.585 68.213 65.641 49.313 3.6725 1
217.99 232.57 1.4328 10.02 12.614 1
148.21 148.76 45.359 56.643 2.7414 1
468.82 347.5 370.42 401.41 8.5751 1
494.69 493.62 5.419 19.279 7.5741 1
43.561 41.85 64.209 52.657 2.473 1
238.43 245.38 8.7111 0.56505 8.6729 1
628.46 632.99 16.795 1.2934 3.6554 1
279.12 295.47 11.591 10.189 3.0953 1
295.35 280.39 7.4167 8.1738 2.4968 1
371.61 489.14 69.243 67.3 2.9128 1
485.36 502.88 160.92 160.83 12.526 1
237.89 249.17 31.832 30.954 3.7387 1
216.55 237.95 29.896 32.106 3.7706 1
299.14 485.3 181.74 163.4 5.6259 1
140.82 141.79 46.582 56.609 2.7283 1
237.3 226.57 256.75 99.129 4.5377 1
640.04 610.07 91.059 84.69 10.27 1
597.72 627.91 16.862 18.599 5.4227 1
635.35 614.65 1.2487 71.411 3.5787 1
445.39 376.62 64.975 66.215 3.2885 1
249.32 262.46 30.099 21.025 4.1881 1
595.28 580.87 1.2185 48.897 6.733 1
263.7 264.93 21.578 10.463 2.3478 1
198.82 217.56 19.857 29.875 4.2573 1
281.64 295.37 4.4026 4.5446 3.8532 1
614.07 639.59 74.412 79.044 5.7074 1
495.39 574.1 54.641 52.076 4.9159 1
2.4689 7.0752 42.654 60.257 2.995 1
195.1 196.88 1.5325 20.351 2.724 1
157.67 154.81 72.904 52.778 4.0696 1
485.37 446.64 64.102 64.745 3.1224 1
270.67 273.27 9.2224 1.3435 3.9634 1
276.27 278.39 1.4176 10.546 3.0015 1
15.848 10.641 61.838 42.802 4.7204 1
86.853 73.14 48.615 50.188 4.9674 1
155.44 185.47 8.1635 10.349 3.4679 1
495.96 496.19 65.36 55.393 2.5826 1
304.57 302.26 397.89 217.87 3.2365 1
577.7 587.51 43.796 1.252 5.8118 1
1.3966 10.518 61.748 63.266 3.6897 1
76.507 94.17 7.4064 10.08 3.9684 1
41.532 51.546 68.705 69.829 4.7619 1
298.75 239.61 403.2 267.66 7.6908 1
302.44 300.92 200.42 183.96 5.2077 1
70.431 77.163 1.5473 6.3686 3.0489 1
578.99 556.83 86.092 81.834 3.1146 1
53.994 46.537 52.089 51.518 5.2718 1
303.76 265.08 81.316 90.363 4.4562 1
302.6 302.11 214.14 201.61 1.6878 1
358.17 487.24 92.262 154.19 5.0032 1
305.37 304.66 56.575 74.147 3.0489 1
93.493 103.81 8.8575 2.3678 4.2318 1
32.87 57.877 10.25 9.1772 4.8883 1
497.67 495.6 19.033 51.639 3.5267 1
170.36 184.14 2.8638 3.0472 2.6828 1
347.23 305.08 401.13 410.25 7.0291 1
314.36 301.07 421.61 410.77 10.374 1
24.294 33.247 2.721 12.536 2.2008 1
602.01 591.45 60.324 57.231 4.748 1
227.9 357.91 98.409 92.302 3.3353 1
557.85 579.05 77.69 74.831 2.8811 1
512.8 520.63 51.613 1.4701 2.6248 1
523.46 515.47 1.5183 51.64 2.5036 1
154.95 150.31 40.426 1.4838 2.9842 1
1.7877 11.928 2.6007 8.6147 1.988 1
92.842 80.392 5.8975 5.1117 2.2588 1
304.37 304.98 27.86 37.899 4.7599 1
298.85 297.39 349.11 207.87 2.9528 1
237.74 240.32 65.155 92.88 3.8219 1
13.645 31.599 11.868 47.272 4.4119 1
223 199.14 94.294 91.458 2.8386 1
472.8 304.1 197.25 216.44 2.8831 1
616.49 581.77 105.78 93.715 4.1633 1
3.4861 1.635 15.508 6.6229 2.7024 1
482.99 457.1 61.577 1.42 2.2049 1
199.06 157.89 90.877 85.258 2.9288 1
306.59 359.11 73.107 71.326 2.5409 1
459.83 470.99 374.53 391.66 9.1065 1
25.211 38.615 14.231 34.895 2.9477 1
305.6 304.86 12.887 26.664 1.8043 1
34.368 16.717 42.106 7.8274 4.4453 1
416.57 426.34 198.78 197.28 3.6487 1
392.87 371.63 71.494 72.007 1.3704 1
376.55 403.1 52.835 1.7425 2.1308 1
612.97 602.63 58.443 60.124 4.3035 1
639.46 617.61 110.04 105.39 3.1666 1
85.41 44.264 99.634 102.42 3.8903 1
360.36 306.6 73.846 76.064 2.434 1
243.33 241.88 87.84 69.105 2.6853 1
425.57 411.49 224.63 230.01 2.7816 1
617.98 638.38 70.407 1.4054 2.1039 1
50.38 30.369 6.1222 5.9064 1.4521 1
239.13 224.03 95.365 93.719 3.999 1
609.14 564.14 76.848 79.464 2.7134 1
259.22 246.49 92.09 94.737 4.9441 1
41.043 28.639 30.786 13.218 2.8225 1
304.12 379.17 212.83 204.57 2.7929 1
445.18 421.89 187.08 192.7 3.5603 1
152.59 154.64 60.254 76.56 2.0116 1
584.11 551.62 58.813 59.043 5.1326 1
118.04 85.379 92.679 97.899 2.6151 1
475.38 422.88 70.375 70.375 1.25 1
480.41 407.87 173.27 180.29 2.2478 1
479.9 483.21 282.8 262.93 1.4412 1
47.128 35.239 82.589 61.703 2.3561 1
385.38 406.63 197.88 197.88 1.25 1
585.08 621.34 91.34 102.54 2.8628 1
464.44 460.71 385.48 396.74 3.5709 1
267.65 300.32 144.33 180.31 3.2859 1
488.4 489.42 47.896 22.887 1.25 1
300.19 299.72 395.38 366.64 2.6015 1
420.34 439.11 215.99 216.99 3.0291 1
425.37 441.62 184.13 184.18 2.5273 1
417.88 432.87 278.99 279.33 3.8069 1
382.9 410.32 204.34 201.14 1.6151 1
427.87 447.88 199.12 196.64 2.0087 1
