638.98 638.98 412.87 147.87 1.2568 1
137.87 575.37 479 478.97 1.2786 1
296.43 571.87 155.84 86.329 5.0202 1
506.57 495.38 253.88 256.66 2.6907 1
203.18 456.66 62.444 25.582 4.857 1
573.79 504.49 85.457 253.54 7.1255 1
212.51 203.98 247.76 90.383 6.7821 1
499.36 329.28 258.4 333.22 9.2015 1
203.68 202.69 90.344 65.284 6.1962 1
296.9 277.86 347.26 355.34 9.9748 1
455.05 574.74 26.019 85.409 6.744 1
226.44 225.51 119.29 104.04 4.7632 1
328.61 295.36 332.94 348.89 11.134 1
284.29 217.88 350.26 255.37 6.0425 1
228.27 227.78 206.65 190.34 2.8022 1
228.99 228.96 254.13 237.87 2.5236 1
261.63 243.68 229.12 222.89 2.672 1
232.4 245.63 236.44 242.3 2.923 1
229 249.5 103.33 109.01 4.4846 1
230.07 242.92 133.6 139.02 3.2747 1
264.39 246.77 140.84 134.93 2.3782 1
249.07 298.92 109.33 154.35 6.0162 1
230.1 240.58 188.7 192.26 3.5747 1
264.32 237.95 172.26 163.89 3.1959 1
195.95 212.79 267.29 252.78 8.5517 1
261.37 246.72 277.27 271.38 2.7859 1
308.13 297.65 160.4 289.11 2.8565 1
391.37 375.16 136.36 139.13 2.4965 1
426.59 408.07 126.48 131.14 2.7193 1
407.95 390.36 132.01 135.31 1.5897 1
500.81 498.95 262.37 269.71 6.6719 1
241.55 228.99 222.94 207.77 3.6542 1
291.69 295.06 241.63 189.1 2.9436 1
232.6 245.04 206.9 219.46 2.6975 1
245.74 232.74 147.28 139.34 3.672 1
238.12 232.17 162.73 157.28 2.61 1
238.07 227.9 132.51 120.36 3.3662 1
296.72 296.45 291.63 309.14 1.25 1
231.45 227.27 156.7 146.88 2.6206 1
299.77 302.84 230.33 187.87 1.9529 1
295.67 296.47 181.64 165.37 2.5583 1
297.32 277.4 164.72 145.88 2.626 1
232.77 241.66 119.22 129.1 2.6943 1
235.04 247.93 154.58 164.05 2.8129 1
258.9 245.44 126.79 114.06 3.6831 1
