638.98 638.99 411.62 147.87 1.2613 1
137.87 574.12 479.02 478.97 1.287 1
235.22 206.4 303.93 143.72 5.0494 1
379.22 234.49 341.24 303.95 8.9004 1
206.85 282.19 145.75 57.295 6.732 1
383.98 380.72 330.12 348.16 5.9288 1
422.37 456.85 126.44 32.499 5.6737 1
402.57 398.02 185.16 218.07 4.5712 1
398.03 386.77 218.98 301.82 4.6311 1
208.91 400.46 146.48 183.67 5.9548 1
390.02 383.74 301.95 329.72 10.421 1
276.83 215.45 11.662 1.187 5.2609 1
270.49 296.69 5.17 2.213 4.8479 1
302.3 273.82 17.615 10.295 4.8426 1
455.19 320.15 29.359 12.168 6.9436 1
547.92 528.02 8.1767 11.278 10.185 1
237.91 266.72 1.3431 4.4541 4.3991 1
305.48 284.5 3.2309 9.1919 3.7845 1
455.56 427.42 42.679 195.75 5.0343 1
216.69 190.39 2.6735 1.4104 2.5571 1
504.75 517.42 11.709 17.605 2.8721 1
320.08 306.07 12.33 31.216 5.2458 1
426.26 394.07 196.14 302.48 5.1009 1
512.27 510.41 17.847 57.818 3.4556 1
505.24 507.86 56.616 16.624 3.3338 1
525.7 506.64 12.103 9.0033 3.7014 1
517.88 556.62 17.392 17.687 3.8923 1
312.88 302.85 17.784 16.883 3.1756 1
218.74 224.11 192.94 224.13 1.8677 1
211.01 217.96 150.26 189.11 1.9419 1
290.44 312.89 10.859 12.726 2.3878 1
