136.62 575.37 479 478.98 1.2661 1
571.77 521.49 45.968 226.24 5.6023 1
638.98 638.98 412.87 147.87 1.2509 1
291.11 573.61 162.89 45.901 5.6114 1
229.15 193.29 250.1 83.324 4.993 1
554.48 575.86 11.284 2.8519 4.3737 1
579.46 553.07 4.9328 15.856 5.7376 1
523.15 315.01 226.74 348.49 9.6295 1
193.28 437.45 76.67 0.25756 5.8881 1
526.59 554.14 10.063 11.224 4.8376 1
194.3 191.28 85.834 78.74 5.4074 1
552.86 531.62 15.084 15.304 4.9478 1
519.18 529.26 9.1913 0.35717 4.0029 1
308.59 228.68 350.05 250.49 8.1697 1
307.38 289.84 346.55 165.18 4.3752 1
549.05 526.38 1.1892 5.2768 4.255 1
510.91 487.11 11.726 0.5812 4.1416 1
496.67 519.21 1.464 7.5518 4.8271 1
536.74 586.77 18.725 33.622 3.6951 1
534.54 504.89 21.846 9.7589 6.561 1
592.73 579.29 8.5938 5.8374 4.3959 1
608.65 534.42 44.519 23.098 4.1996 1
585.41 596.56 2.6714 4.508 2.8877 1
511.5 566.63 23.199 44.116 5.3214 1
570.35 550.36 2.869 2.4357 2.8786 1
590.36 596.46 32.272 6.8869 8.8468 1
506.3 515.71 21.141 25.073 5.2839 1
480.64 505.91 13.266 21.166 4.3991 1
537.46 551.44 156.51 105.32 1.7486 1
605.37 624.13 2.2077 2.2287 1.2711 1
463.13 480.38 7.1093 12.853 1.747 1
