638.98 638.98 412.88 146.63 1.2584 1
136.62 575.37 479 478.97 1.2822 1
193.73 177.26 253.02 62.712 5.3165 1
544.14 482.39 74.922 242.7 5.3604 1
279.42 193.87 352.62 253.27 4.3407 1
261.83 294.92 130.13 156.89 4.8891 1
483.23 474.84 241.71 244.81 5.5565 1
295.88 542.1 156.91 75.563 8.2558 1
212.45 208.02 151.75 136.58 3.95 1
178.11 422.09 64.131 17.828 7.6821 1
217.32 210.91 216.78 193.07 3.1971 1
211.54 206.6 123.27 106.63 3.3339 1
218.05 213.85 261.88 244.19 3.1328 1
421.02 543.37 17.956 73.296 6.129 1
473.68 268.67 249.56 363.06 11.673 1
217.23 221.49 248.9 260.43 2.3449 1
215.37 221.27 201.63 214.29 2.2658 1
477.72 484.69 247.24 259.33 2.4558 1
224.24 260.9 101.48 130.98 7.433 1
223.23 211.02 134.9 120.9 2.7279 1
224.37 212.89 166.42 152.66 3.5234 1
228.86 216.8 226.85 212.53 3.6223 1
255.55 246.31 145.08 139.67 2.9742 1
213.75 225.75 192.74 196.77 3.5751 1
216.25 225.48 241.26 245.13 3.4579 1
252.67 231.54 282.1 273.09 3.2802 1
180.26 195.43 271.49 258.72 7.8497 1
210.91 227.83 136.37 141.78 4.382 1
235.24 251.49 140.73 146.99 2.7822 1
207.45 217.89 104.06 107.84 4.0755 1
222.25 232.87 214.97 222.89 2.7337 1
204.87 183.65 117.03 98.415 2.6061 1
235.21 252.01 278.26 285.75 2.1599 1
298.62 295.47 229.09 270.48 2.8081 1
217.69 229.8 154.33 164.79 2.4506 1
303.34 298.56 165.31 227.93 2.7779 1
246.96 229.96 230.47 225.56 2.6964 1
230.62 215.32 149.83 143 3.5681 1
296.48 298.82 207.86 185.47 2.0238 1
245.72 233.03 140.62 136.19 1.7919 1
193.89 224.18 76.926 100.65 3.5557 1
185.29 200.6 95.467 108.86 2.3518 1
291.39 258.99 190.66 163.04 2.3232 1
225.42 212.52 116.51 111.25 3.2583 1
292.16 256.39 165.97 136.91 2.305 1
295 289.88 271.6 337.84 2.1975 1
242.83 225.39 171.77 166.56 1.8933 1
291.92 293.02 276.65 262.89 1.743 1
246.57 231.24 127.94 115.86 1.7555 1
264.89 277.9 163.41 175.35 1.6116 1
296.08 296.75 225.35 210.38 1.4697 1
213.91 230.76 225.58 243.77 2.1067 1
264.07 290.31 139.19 160.46 1.4695 1
220.14 203.93 236.84 219.31 1.6972 1
305.96 303.73 136.5 148.04 2.4548 1
