638.98 638.98 412.88 146.63 1.2522 1
136.62 575.37 479.01 478.97 2.5133 1
175.08 152.42 329.01 135.14 4.8547 1
569.79 484.25 180.75 359.84 4.8654 1
202.65 516.41 48.556 84.761 4.7288 1
164.75 186.3 104.65 78.851 5.5856 1
152.65 165.66 134.72 112.31 4.2562 1
164.44 168.07 111.73 101.26 4.4093 1
482.8 248.28 362.38 339.89 11.485 1
185.48 202.5 77.936 48.377 4.138 1
516.57 570.42 84.851 181.6 4.6987 1
185.39 170.32 330.96 331.26 5.1757 1
176.74 168.9 94.625 106.48 3.1117 1
155.21 566.65 135.64 181.38 4.5678 1
248.19 183.18 339.53 333.41 11.435 1
476.58 395.4 83.294 73.914 1.9592 1
164.84 168.49 212.94 244.05 1.7538 1
161.03 164.27 180.44 210.36 1.9168 1
500.19 517.69 319.04 282.79 1.4372 1
616.42 599.61 0.44129 38.791 8.7194 1
525.84 544.25 265.59 226.69 1.5436 1
545.48 561.87 224.17 189.24 1.3851 1
167.69 157.09 115.26 133.15 1.2742 1
