638.97 638.99 414.12 147.87 1.2722 1
136.62 574.12 478.99 478.98 1.2659 1
275.57 286.38 342.82 144.25 6.936 1
285.47 356.92 147.03 48.998 7.2952 1
512.16 445.22 186.38 384.05 8.4051 1
404.31 277.29 374.56 345.4 7.7696 1
287.71 508.96 147.54 186.32 6.8671 1
500.09 508.03 11.657 9.7666 4.8641 1
498.12 512.79 71.593 186.8 5.0962 1
557.85 582.86 7.2604 8.2154 5.4733 1
448.36 404.45 382.68 374.82 8.1173 1
512.83 522.92 9.646 9.9171 5.166 1
357.63 495.6 48.25 68.86 4.9863 1
276.23 276.72 372.91 345.42 8.9964 1
371.61 391.66 187.91 195.28 3.0888 1
287.7 284.66 181.62 247.9 1.5801 1
475.32 425.37 38.003 17.883 3.0114 1
440.72 440.76 382.87 402.87 7.542 1
289.28 288.56 150.38 176.61 1.4915 1
327.95 310.16 16.276 12.7 3.4365 1
391.26 368.09 190.06 181.08 3.6868 1
281.17 280.01 295.36 332.86 1.4038 1
282.87 282.87 264.13 290.38 1.25 1
342.86 329.09 15.137 16.238 3.0093 1
496.75 475.42 42.054 38.836 4.71 1
571.58 516.6 36.865 37.853 4.5131 1
580.41 639.04 27.584 33.731 2.2859 1
422.96 410.34 224.49 223.22 2.9863 1
509.19 497.68 38.163 40.774 4.2102 1
