588.2 514.65 120.69 292.56 4.9328 1
638.98 638.98 412.87 147.87 1.2513 1
136.62 575.37 479 478.97 1.2756 1
214.97 218.75 250.53 229.28 6.8101 1
204.7 209.3 118.05 102.56 5.4091 1
212.67 214.18 206.68 175.38 5.9426 1
208.22 211.73 145.75 130.77 7.5875 1
205.4 487.93 60.955 47.749 4.7735 1
513 505.46 292.57 293.55 3.2854 1
209.17 205.23 127.13 117.73 5.2001 1
244.06 586.76 154.71 120.51 4.978 1
213.64 208.76 174.21 146.25 6.0997 1
217.21 214.54 227.96 206.57 5.8923 1
218.1 216.13 189.01 206.57 4.705 1
215.15 211.87 133.83 150.17 3.6797 1
212.37 209.23 106.49 117.9 2.9068 1
221.74 218.51 234.15 250.25 3.431 1
207.25 204.98 101.73 61.506 5.8181 1
217.28 228.86 206.94 220.6 4.5584 1
209.69 217.98 118.72 130.3 3.9265 1
258.41 243.93 344.27 349.86 9.2468 1
212.33 226.22 150.79 165.75 4.3168 1
487.84 586.78 47.918 118.16 4.077 1
246.98 241.77 344.15 186.58 4.1309 1
232.32 217.58 228.39 214.52 4.7113 1
218.77 225.79 129.61 134.82 3.4974 1
241.53 241.1 186.64 150.37 4.0723 1
246.39 226.02 345.44 270.54 3.4926 1
230.15 213.57 172.82 159.83 5.9519 1
505.65 252.99 296.75 347.21 11.101 1
228.26 217.06 143.49 133.81 6.235 1
220.49 209.4 100.82 72.765 3.2999 1
231.56 224.26 129.15 110.32 2.9235 1
240.08 234.63 150.01 135.66 3.0624 1
221.96 231.95 256.32 267.58 2.6996 1
513.55 540.62 287.63 224.23 1.6812 1
197.69 213.35 254.6 244.9 6.5274 1
229.88 228.32 164.19 151.73 2.9471 1
233.06 225.44 217.82 193.71 3.3853 1
227.14 217.72 131.42 107.45 2.2463 1
541.7 570.46 221.66 154.16 1.7894 1
299.13 267.88 60.375 60.375 1.25 1
227.77 222.9 151.68 141.61 2.2892 1
526.57 505.29 129.89 132.1 1.9706 1
252.71 253.64 160.38 204.14 2.4463 1
253.9 254.84 206.63 260.38 2.0167 1
510.24 502.87 307.03 319.12 7.5214 1
375.38 354.13 56.625 56.625 1.25 1
337.87 307.88 57.768 59.277 1.8141 1
262.87 227.87 61.519 62.631 1.9238 1
484.11 465.39 133.94 135.57 1.678 1
