136.62 574.12 478.99 478.98 1.2633 1
638.99 638.99 411.63 147.88 1.2504 1
201.23 163 287.42 111.06 5.8433 1
204.13 476.63 45.975 45.002 4.4509 1
512.09 472.49 111.17 289.04 6.2631 1
485.35 201.59 294.04 290.76 9.5576 1
165.37 509.13 111.37 111.8 4.1501 1
477.19 512.53 45.159 111.23 6.204 1
162.37 203.56 111.3 46.606 6.1541 1
631.01 601.07 9.7588 -0.40931 4.2881 1
639.84 624.13 41.774 31.615 4.2608 1
629.39 639.71 29.988 37.021 3.849 1
616.99 635.28 0.7283 8.1047 3.2351 1
624.89 630.19 28.344 16.54 3.8167 1
637.47 630.5 13.904 26.695 3.4894 1
201.63 169.13 114.13 114.13 1.25 1
436.63 326.62 48.119 48.556 1.6469 1
489.67 478.08 286.94 290.96 3.9051 1
