551.49 506.43 91.265 265 5.9719 1
136.62 574.12 479 478.98 1.2668 1
638.98 638.97 412.88 146.63 1.2593 1
230.08 549.53 169.18 90.784 5.0035 1
489.46 531.6 22.732 39.178 4.3179 1
179.36 447.01 85.379 34.909 5.0678 1
577.91 624.19 60.221 58.565 4.6863 1
446.35 552.05 34.637 90.677 4.4464 1
529.95 488.39 41.552 26.461 4.273 1
183.26 181.79 109.29 101.36 3.0026 1
442.72 489.58 3.2929 20.386 4.0775 1
625.45 581.7 61.284 65.041 4.63 1
183.21 178.34 98.704 85.97 7.6236 1
564.32 530.82 61.31 40.903 3.8149 1
486.94 448.44 23.29 8.8629 4.6843 1
252.62 227.87 319.37 167.88 4.0732 1
532.38 564.92 38.872 55.033 3.397 1
213.44 183.54 254.01 109.98 4.2447 1
257.41 252.51 352.67 333.61 8.7856 1
509.23 261.22 266.91 356.46 9.4674 1
448.2 439.12 9.2014 2.8834 3.5688 1
254.71 252.54 332.77 320.22 3.9083 1
625.77 639.51 53.746 47.476 3.7092 1
602.88 584.13 50.445 50.747 1.4315 1
580.4 627.89 47.415 50.17 4.4125 1
600.56 566.87 78.743 62.38 4.5948 1
580.43 639.18 66.47 88.992 3.4832 1
634.21 621.8 55.641 59.665 5.5597 1
639.25 601.45 92.54 78.337 3.5244 1
227.5 186.11 167.59 98.183 4.2555 1
249.16 213.52 334.81 254.39 4.4413 1
90.386 1.5645 1.777 8.3016 4.4017 1
585.36 574.11 51.544 54.076 2.4389 1
639.63 634 58.81 57.009 3.1902 1
622.83 596.67 53.406 51.121 3.3608 1
184.29 188.24 99.089 117.8 2.1881 1
31.641 57.85 3.098 1.2631 1.5088 1
521.37 527.04 195.31 174.24 1.2316 1
527.47 540.46 171.52 121.65 1.687 1
