638.99 638.97 411.63 147.88 1.2657 1
136.62 574.12 478.99 478.98 1.2634 1
482.89 426 128.34 308.14 7.2957 1
427.29 287.75 307.9 341.12 8.2805 1
337.53 483 25.868 126.99 5.3571 1
564.22 639.39 7.5866 33.353 5.3699 1
640.26 631.34 10.92 29.588 3.5835 1
210.59 204.95 200.55 167.73 7.3194 1
304.12 479.18 139.01 127.45 5.4727 1
627.65 640.04 27.767 2.065 4.2051 1
641.03 559.45 47.547 18.449 11.023 1
206.3 205.52 166.63 21.618 4.3653 1
613.32 594.33 56.33 50.914 3.9532 1
264.3 212.21 307.18 200.7 5.858 1
206.57 336.64 22.206 26.072 4.205 1
221.04 304.8 39.807 137.3 3.9394 1
282.83 264.5 342.23 307.68 7.0758 1
594.86 560.38 51.922 40.351 3.5964 1
560.9 531.88 40.671 24.69 3.8262 1
639.54 612.08 68.054 57.428 4.0243 1
387.99 367.9 155.89 152.69 2.4128 1
298.68 282.01 357.06 339.97 9.0352 1
563.62 598.87 38.133 49.882 3.1626 1
530.24 510.38 15.789 9.1181 2.7864 1
559.13 517.85 7.4146 6.5548 2.5255 1
534.22 564.3 22.692 38.792 2.8404 1
516.54 531.63 8.1422 12.866 2.3858 1
614.34 639.41 54.825 64.653 2.8963 1
511.61 559.14 3.5772 4.2883 2.8924 1
381.59 360.39 186.9 184 2.4769 1
409.18 390.39 184.55 186.79 2.717 1
452.86 304.19 157.66 171.05 2.7256 1
370.46 387.92 156.08 158.82 1.8896 1
474.14 395.43 135.65 141.1 2.5416 1
392.85 427.92 160.01 157.2 2.9906 1
366.61 351.53 243.03 241.09 2.4796 1
426.62 416.58 150.57 150.11 3.8042 1
401.59 422.86 173.15 175.54 3.167 1
421.47 427.91 145.58 146.27 2.6187 1
312.79 381.59 166.77 161.22 2.4727 1
422.63 418.11 319.86 332.95 8.721 1
285.59 290.59 336.52 286.65 3.3566 1
359.13 342.88 292.83 290.32 2.2803 1
385.43 407.84 228.27 229.67 2.7278 1
385.5 369.18 287.06 291.82 2.3997 1
297.44 302.95 227.83 171.63 3.2689 1
294.03 294.36 259.12 245.35 1.25 1
399.11 420.51 143.15 144.67 3.8289 1
381.67 394.18 276.16 277.33 2.8397 1
394.13 412.88 137.88 137.88 1.25 1
303.75 304.4 165.36 150.39 2.3893 1
419.14 442.87 136.84 135.25 1.7488 1
295.5 296.78 244.25 230.27 2.604 1
291.45 293.5 284.11 260.21 3.5955 1
347.88 331.63 144.13 144.13 1.25 1
415.5 399.16 179.2 177.52 2.4869 1
308.08 299.46 359.75 356.88 5.5347 1
367.67 387.78 148.21 143.71 3.1137 1
