638.98 638.97 414.13 147.88 1.2544 1
599.8 525.67 104.59 277.46 5.4148 1
525.37 516.72 277.84 279.58 3.9224 1
136.62 575.37 479.01 478.97 1.2861 1
215.51 492.93 54.741 34.839 4.8651 1
267.92 597.97 148.18 104.83 5.0724 1
217.41 215.66 81.739 55.274 4.3288 1
517.65 321.8 282.06 329.84 11.522 1
218.53 217.53 97.997 82.815 4.1673 1
228.2 232.38 191.72 176.84 3.2726 1
233.1 231.84 182.9 195.4 3.4798 1
233.51 227.01 251.22 221.27 6.9026 1
223.18 222.25 164.26 149.01 4.3078 1
226.5 223.69 196.82 176.51 5.4673 1
226.5 226.78 220.39 196.58 6.2642 1
229.84 228.49 130.32 142.81 3.5949 1
220.95 220.24 136.67 109.06 6.4409 1
235.58 234.46 230.3 245.31 2.679 1
231.42 241.84 196.77 211.47 5.0606 1
224.57 222.68 149.96 136.83 9.7195 1
493.36 599.94 35.317 103.56 3.8086 1
219.48 218.5 104.28 98.79 5.712 1
224.24 223.25 175.48 165.22 4.3372 1
221.55 226.39 107.28 96.52 3.7106 1
230.36 240.24 94.157 99.376 2.6084 1
231.02 245.16 147.33 159.37 3.9111 1
275.55 265.45 340.04 342 6.6118 1
237.44 229.67 215.59 200.1 4.4846 1
267.31 264.71 340.2 330.22 6.6785 1
263.4 233.85 330.18 249.69 4.323 1
228.92 245.29 116.9 129.23 3.9799 1
245.29 232.88 140.34 129.12 5.2966 1
266.85 266.08 271.62 181.61 4.2323 1
244.76 225.78 164.85 148.65 4.4978 1
266.41 256.62 180.51 164.13 3.4283 1
287 274.23 337.77 339.78 7.8637 1
251.01 236.31 222.04 210.78 5.3205 1
266.27 265.77 176.63 145.37 4.1256 1
231.58 224.35 125.17 116.2 4.3003 1
238.31 217.55 95.825 58.053 2.9615 1
235.08 240.89 243.66 255.11 3.391 1
321.42 287.03 329.58 338.32 9.6332 1
265.46 254.92 145.98 125.61 2.9883 1
523.61 554.31 274.44 202.96 1.6196 1
251.63 243.44 120.37 105.76 3.0553 1
206.28 227.79 251.89 238.99 7.7179 1
252.54 238.32 267.08 256.45 2.6313 1
521.74 514.95 288.81 307.72 5.7919 1
241.72 247.97 107.83 120.33 1.6794 1
254.24 263.47 131.57 148.81 1.7703 1
277.04 276.59 234.12 321.62 1.5894 1
267.63 267.36 329.13 271.63 3.9711 1
555.35 564.34 200.36 179.22 1.4958 1
509.07 465.38 119.93 125.43 2.3343 1
243.62 238.02 117.49 106.55 2.2522 1
236.67 226.14 175.36 150.58 1.8407 1
539.07 511.66 116.19 119.43 1.8273 1
249.26 243.79 204.07 191.78 2.6674 1
249.53 245.32 151.93 140.4 4.065 1
276.63 260.38 54.125 54.125 1.25 1
291.64 271.56 346.39 345.38 2.6226 1
277.57 277.73 159.13 190.38 2.5329 1
248.79 256.5 140.52 157.93 1.9108 1
274.13 274.13 310.38 289.13 1.25 1
266.48 256.51 343.59 346.21 4.518 1
247.9 231.65 55.713 56.942 1.4349 1
