135.37 574.12 479 478.98 1.2669 1
638.98 638.99 412.87 146.62 1.2549 1
143.51 369.29 57.237 132.38 5.5156 1
457.98 431.3 75.186 237.82 4.5243 1
172.58 140.8 213.93 56.287 4.9695 1
368.94 455.63 131.33 75.771 4.8027 1
430.73 358.48 238.23 310.98 3.8797 1
246.55 457.72 21.917 74.738 3.9432 1
140.87 247.07 55.667 21.783 3.9813 1
590.58 510.73 14.272 -0.33161 4.2876 1
598.99 555.41 6.4915 1.3535 4.0876 1
609.03 633.01 5.9321 2.5684 5.1028 1
353.88 179.2 313.47 221.6 8.7477 1
423.94 421.68 180.34 191.64 3.0529 1
411.55 428.09 133.79 130.09 3.3866 1
431.27 428.13 130.29 142.94 2.4126 1
369.31 354.02 318.46 313.19 8.2727 1
434.87 429.76 105.17 118.12 2.5391 1
536.91 639.26 0.27889 22.247 3.5956 1
639.25 590.76 26.062 14.936 3.4968 1
421.7 433.09 106.88 103.61 2.9141 1
417.76 415.49 222.85 235.4 2.4603 1
576.64 597.9 1.3769 2.428 1.7423 1
609.22 599.3 8.7795 5.9886 3.9017 1
408.96 421.84 182.3 178.62 3.4332 1
625.61 610.22 11.091 9.0519 9.0025 1
403.82 415.48 225.66 221.95 3.2496 1
401.87 370.11 136.99 158.73 2.3882 1
368.83 367.9 134.11 155.43 3.0376 1
370.19 406.69 155.09 130.47 2.5581 1
419.14 405.44 182.91 189.27 1.9885 1
351.15 359.65 299.1 136.65 2.9609 1
367.3 363.86 161.51 215.44 3.8521 1
360.73 360.26 160.36 185.37 1.5095 1
344.22 306.21 127.57 115.44 3.2948 1
305.38 185.16 115.37 74.765 2.7685 1
364.12 361.06 215.28 255.33 2.9767 1
447.91 436.13 105.42 113.39 2.1681 1
388.13 369.43 319.96 317.11 7.3074 1
361.53 345.33 133.16 128.02 1.9479 1
356.63 356.63 237.88 260.38 1.25 1
436.47 439.64 187.85 169.21 1.4183 1
359.17 357.97 196.63 211.63 1.8414 1
362.6 361.94 136.61 152.89 1.7077 1
363.87 390.75 262.6 238.29 1.7655 1
