183.01 146.88 240.06 82.53 4.6723 1
135.37 575.37 478.99 478.99 1.2508 1
639 638.98 411.63 147.88 1.2641 1
463.98 443.13 75.192 233.99 4.5563 1
148.74 407.83 83.549 135.59 6.4788 1
446.86 448 129.2 144.12 2.0573 1
437.61 439.82 194.31 182.77 2.5052 1
441.37 442.58 175.4 187.9 1.9838 1
443.33 407.29 232.65 292.52 4.3356 1
436.23 437.09 220.4 235.35 2.998 1
147.56 235.64 82.358 40.94 4.9219 1
367.99 461.9 59.584 73.551 6.6007 1
390.54 191.18 314.89 246.77 9.5163 1
407.61 395.19 137.86 310.36 4.7648 1
422.59 390.3 318.17 314.83 8.4471 1
561.49 601.64 4.7719 1.8269 5.5352 1
425.34 434.21 221.48 219.49 2.8852 1
443.07 431.3 133.22 139.8 2.9069 1
422.84 433.6 117.74 106.04 3.1332 1
406.89 397.3 293.04 308.77 3.8526 1
445.64 428.69 108.51 115.58 3.8476 1
388.97 397.56 287.87 141.61 2.7184 1
559.21 539.13 3.4441 4.3273 5.4348 1
162.5 168.06 136.71 160.33 1.7896 1
432.4 442.39 108.17 103.16 5.0362 1
535.39 515.37 2.5527 1.6989 1.7815 1
486.58 450.35 3.4572 2.6478 3.9445 1
597.92 564.1 7.1534 10.135 3.4783 1
417.66 407.63 150.2 162.67 2.138 1
440.5 455.4 240.72 242.7 5.3712 1
567.96 639.16 12.355 23.896 3.2 1
509.09 481.38 8.0641 2.9186 5.829 1
639.28 509.35 30.767 7.842 3.4044 1
398.49 397.72 169.1 189.12 1.5856 1
315.21 239.03 121.19 105.86 2.1498 1
407.02 420.65 133.26 119.4 3.5354 1
409.04 429.48 155.3 131.94 1.8824 1
262.74 299.12 43.83 49.132 3.1701 1
345.28 329.14 127.11 124.04 1.2863 1
308.06 331.8 50.464 54.247 3.2555 1
