638.98 638.99 411.62 147.87 1.2648 1
137.87 572.87 479.01 478.97 1.2859 1
410.69 392.28 169.16 320.3 4.8352 1
245.94 218.05 347.53 201.35 4.2481 1
349.78 410.72 66.978 169.66 4.2299 1
39.128 1.6202 61.252 60.928 3.9331 1
45.905 74.528 54.534 45.385 3.8057 1
1.5313 42.856 57.594 55.064 4.0992 1
390.84 246.49 321.38 350.99 9.2618 1
218.09 200.11 201.8 94.169 4.7443 1
192.49 200.76 45.217 90.534 4.1448 1
59.102 39.111 57.548 58.925 6.579 1
88.381 86.553 11.537 0.9879 6.75 1
72.377 82.277 18.569 9.7068 4.2663 1
220.12 396.56 199.98 172.44 5.3993 1
94.146 60.367 56.968 58.999 3.0959 1
81.483 63.657 42.673 55.234 4.389 1
305.39 279.16 2.0707 2.8463 2.9793 1
280.53 193.01 34.256 44.078 5.1206 1
108.76 100.23 11.876 14.964 6.2031 1
41.855 61.619 40.866 31.612 3.7106 1
40.408 27.873 59.463 59.272 3.7114 1
59.232 50.294 36.923 40.15 3.1026 1
49.467 43.724 40.681 46.208 2.7701 1
281.61 297.89 5.4493 7.7731 3.3583 1
99.287 111.66 19.787 16.769 2.4288 1
295.59 322.8 6.5077 1.2382 3.9193 1
74.135 59.329 32.917 36.275 3.2173 1
101.26 90.701 7.6041 11.799 7.1929 1
300.14 286.25 30.529 9.3745 3.0726 1
290.87 304.77 8.8191 31.227 2.9313 1
65.341 89.08 56.314 53.714 2.213 1
160.53 115.5 44.957 53.511 2.9226 1
340.62 327.16 53.989 30.076 2.9288 1
132.94 159.05 46.925 41.268 2.6061 1
389.33 396 316.65 262.95 1.7103 1
396.48 399.62 260.36 231.68 1.9216 1
400.22 403.38 229.11 200.43 1.673 1
404.06 406.69 196.62 172.88 1.5176 1
231.15 233.91 250.45 269.16 1.4188 1
