638.97 639 411.62 149.12 1.2729 1
137.87 574.12 479 478.98 1.269 1
239.37 222.03 339.24 188.93 4.5361 1
419.95 390.9 182.79 334.47 5.0941 1
390.4 240.34 337.14 343.31 8.3671 1
1.6222 137.88 38.201 37.791 3.7387 1
137.04 150.45 36.173 29.275 3.4603 1
221.55 232.21 188.98 94.051 4.4242 1
69.188 14.076 40.665 42.926 4.1568 1
105.35 69.195 43.248 40.647 4.171 1
377.88 365.34 16.648 18.91 4.3758 1
148.22 160.17 10.877 2.5802 4.1925 1
152.77 132.27 32.635 41.818 4.1703 1
318.88 287.82 2.9488 6.0995 6.5966 1
388.97 419.54 89.176 183.58 4.5068 1
170.33 187.84 13.814 11.352 2.6691 1
350.37 232.88 41.341 40.141 4.5028 1
347.77 360.46 19.604 22.485 2.1615 1
146.53 117.61 21.293 29.414 3.4623 1
224.11 416.64 186.75 184.25 4.2367 1
136.75 105.46 44.126 42.512 5.895 1
365.45 345.18 19.932 16.523 3.5021 1
117.94 147.46 25.636 18.627 3.6922 1
394.09 389.67 0.94865 9.3429 5.066 1
19.128 1.6119 42.034 42.15 3.8245 1
286.94 275.74 5.9429 0.82303 2.4676 1
239.31 234.56 40.523 86.541 4.6282 1
361.58 390.44 22.331 19.85 3.7362 1
360.15 367.53 13.55 10.72 3.9601 1
157.89 137.85 45.934 45.607 2.5201 1
134.13 184.12 42.604 42.954 1.3551 1
178.08 167.5 2.3522 5.2813 4.8185 1
621.86 626.05 1.3472 23.767 5.9777 1
620.97 618.64 30.181 7.9256 5.8251 1
199.19 226.63 42.233 39.142 2.362 1
226.69 172.92 42.58 46.122 2.5768 1
624.82 639.12 24.876 20.346 4.271 1
617.98 608.21 7.9863 -0.25029 5.7346 1
639.21 621.3 26.945 31.653 4.8356 1
190.48 165.38 13.835 16.66 3.4468 1
357.12 363.61 23.932 40.575 2.8411 1
226.3 214.27 1.877 5.823 2.7836 1
360.16 353.75 41.721 27.479 2.9071 1
391.62 416.62 21.487 21.695 1.25 1
226.3 229.69 195.41 227.82 1.7054 1
445.34 420.38 28.381 26.58 2.1336 1
236.59 238.15 286.63 301.6 1.6316 1
