638.98 638.98 412.87 147.87 1.2579 1
136.62 575.37 479 478.98 1.2694 1
580.92 506.03 127.04 302.62 5.2744 1
202.38 194.39 98.014 110.54 4.1244 1
201.97 196.26 130.06 146.5 3.5927 1
191.7 199.62 145.41 128.2 4.9006 1
206.33 201.85 184.04 199.19 4.2247 1
189.07 201.81 110.33 93.01 4.7683 1
196.36 206.92 199 176.77 4.6854 1
200.47 210.68 246.13 222.47 4.6128 1
196.65 486.65 56.769 51.665 4.6732 1
210.36 204.9 230.37 245.2 2.7779 1
194.61 197.24 111.5 121.46 4.263 1
505.94 289.07 302.81 336.25 10.357 1
206.32 192.45 166.81 144.71 7.0412 1
194.38 190.41 126.57 108.42 6.2569 1
199.57 198.94 206.53 195.46 4.9216 1
198.16 200.7 144.38 154.04 4.006 1
202.64 205.5 200.05 209.08 3.9524 1
201.35 195.98 94.874 57.607 9.1953 1
220.37 579.2 150.28 127.8 5.1433 1
213.78 199.26 223.18 206.5 5.0812 1
208.63 215.59 177.14 183.9 3.5615 1
200.44 209.64 151.51 161.14 3.6967 1
486.74 580.73 51.798 126.5 4.6913 1
206.74 209.17 240.56 255.57 3.5012 1
205.76 214 207.37 216.9 3.3982 1
242.91 224.16 341.78 345.56 10.059 1
220.02 217.62 201.72 161.57 6.0897 1
223.94 220.28 260.47 202.72 5.5268 1
204.94 202.97 255.64 243.06 4.5533 1
203.22 202.5 151.67 136.64 2.9785 1
207.88 206.6 206.72 190.48 3.2475 1
218.65 205.16 272.24 255.78 5.3551 1
228.47 225.62 341.47 306.6 7.7803 1
288.79 239.5 335.78 343.64 11.503 1
200.69 200.39 121.66 104.17 3.9608 1
212.34 207.61 156.12 137.62 3.712 1
210.22 217.24 255.32 263.6 3.38 1
205.35 204.23 177.76 165.25 3.9589 1
212.11 205.48 128.4 103.18 7.9512 1
225.65 224.58 290.48 267.85 4.5225 1
216.18 215.16 146.67 136.65 4.2368 1
507.92 550.55 290.39 190.45 1.9225 1
224.93 224.23 306.59 290.16 9.1658 1
501.77 499.68 311.21 316.83 6.7293 1
224.65 223.42 266.79 261.23 3.662 1
186.79 201.55 250.68 242.5 6.6785 1
501.55 493.55 315.72 327.48 5.958 1
561.69 570.54 164.15 142.95 1.3434 1
327.87 261.62 57.813 58.336 1.5164 1
399.13 359.13 56.625 56.625 1.25 1
505.37 475.36 136.37 137.16 1.25 1
218.82 215.84 290.21 272.8 2.885 1
561.61 507.88 132.57 135.4 1.3803 1
