638.98 638.98 414.13 147.88 1.2537 1
137.87 575.37 479 478.97 1.2784 1
555.14 476.36 143.48 323.46 5.1509 1
152.3 167.72 83.486 66.356 5.2056 1
173.32 145.81 312.81 114.06 6.13 1
152.91 152.62 102.87 84.109 4.9599 1
475.34 164.14 325.25 316.05 11.577 1
146.89 151.79 116.3 101.68 4.3448 1
167.09 182.12 66.087 29.851 4.4217 1
182.72 493.1 29.664 56.522 6.8124 1
492.84 554.8 55.023 144.04 5.8834 1
149.01 551.64 117.1 145.12 6.0031 1
501.69 544.26 257.9 160.44 1.9222 1
475.47 500.51 317.92 260.43 1.7225 1
471.74 462.14 331.73 342.1 4.45 1
176.92 168.9 50.503 69.026 1.3004 1
