197.27 155.2 324.94 141.38 4.72 1
140.38 575.38 478.98 478.98 1.2553 1
638.98 638.98 412.87 147.87 1.2525 1
521.34 479.52 127.52 306.43 5.2001 1
465.64 522.3 56.159 127.08 4.7366 1
489.18 196.79 310.01 329.14 10.48 1
155.12 182.99 143.13 65.869 5.4378 1
184.09 465.47 66.968 56.773 5.8838 1
639.7 620.13 76.842 66.047 4.7546 1
623.59 639.69 62.555 71.9 4.3247 1
515.38 422.87 2.3091 1.9956 2.7287 1
159.07 519.13 142.86 126.76 5.4181 1
611.76 577.48 56.357 38.641 4.0701 1
609.37 626.49 49.876 64.492 4.729 1
578.88 609.22 34.601 50.181 4.9294 1
620.24 607.32 65.549 55.708 5.4923 1
553.04 515.34 6.5678 1.9486 4.0016 1
581.1 577.77 15.525 31.603 3.6288 1
573.6 576.28 33.027 20.302 3.477 1
160.06 199.69 147.95 321.5 2.0613 1
574.24 554 15.082 6.9486 3.9655 1
565.84 580.12 5.8998 15.07 4.9603 1
538.07 565.32 0.56711 5.6871 3.9904 1
499.98 508.99 205.28 166.59 1.6186 1
367.88 350.38 64.125 64.125 1.25 1
