638.98 638.99 412.87 146.62 1.2562 1
136.62 575.37 478.99 478.98 1.2656 1
208.16 316.5 41.44 205.88 4.7273 1
532.49 478.23 156.15 341 5.2688 1
356.19 532.91 22.2 155.73 4.5692 1
479.31 318 342.15 401.04 8.8162 1
230.99 209.17 209.04 49.118 4.4545 1
99.917 95.916 37.732 50.544 3.9521 1
297.96 209.4 29.816 41.239 5.1167 1
71.212 60.573 58.165 48.897 5.8689 1
235.48 226.58 6.6394 5.8567 3.8451 1
138.91 100.54 1.3771 34.516 5.3327 1
236.26 231.41 220.53 209.22 3.7762 1
62.964 57.535 48.011 1.5188 4.9295 1
205.72 186.8 11.239 17.178 8.0435 1
32.825 26.683 35.129 5.1074 5.6783 1
17.431 24.996 13.06 31.263 3.268 1
15.291 13.57 34.226 11.572 4.4021 1
59.979 51.339 51.106 61.2 5.1507 1
88.832 79.141 60.785 64.171 7.137 1
51.752 56.641 0.85191 25.372 6.8662 1
95.037 98.579 20.443 37.985 4.1707 1
14.299 21.648 43.019 34.144 4.1822 1
126.72 137.01 16.79 11.062 4.9768 1
79.746 69.96 65.174 69.418 3.9378 1
318.76 292.82 396.8 341.65 6.8536 1
90.785 95.378 1.4402 11.624 6.7252 1
137.88 166.63 11.077 11.249 6.1973 1
95.117 96.204 12.714 19.397 4.9122 1
57.097 66.827 64.872 58.718 6.2302 1
1.6066 22.909 79.09 67.796 5.3886 1
54.628 102.13 79.24 61.737 4.2594 1
292.44 236.03 341.24 221.24 5.724 1
80.843 71.156 60.478 56.522 4.4169 1
107.73 103.34 14.181 2.6957 8.6205 1
309.05 355.49 28.554 22.493 3.5567 1
318.14 391.92 208.99 191.62 4.1523 1
26.153 7.8427 70.211 83.325 4.9576 1
27.658 15.137 27.382 1.1423 3.5386 1
127.23 113.41 3.7758 13.053 4.5346 1
392.83 529.01 191.43 157.4 3.3388 1
64.097 42.872 72.059 72.792 3.7478 1
170.39 183.15 15.466 13.986 4.2471 1
386.68 422.92 14.345 5.5755 2.3127 1
320.05 318.79 364.13 210.37 3.3004 1
166.62 190.36 3.1297 3.5712 3.9818 1
411.59 386.68 11.457 16.896 2.1758 1
99.572 104.07 24.772 18.775 3.7495 1
174.29 157.98 19.57 16.143 3.2786 1
45.792 33.734 31.896 35.199 9.76 1
27.172 21.031 38.024 41.946 3.548 1
149.14 166.63 2.2784 1.951 1.4836 1
440.22 412.75 1.2006 11.281 2.0347 1
230.89 232.38 239.08 215.42 3.9 1
147.96 130.21 14.497 18.349 2.6043 1
501.48 526.66 249.08 164.14 1.994 1
336.63 365.38 17.875 17.875 1.25 1
13.249 1.6082 14.983 10.418 10.428 1
218.57 221.53 96.698 119.14 1.7297 1
236.6 212.75 90.392 54.204 1.4972 1
159.08 145.3 6.1756 5.4064 2.5658 1
157.73 149.01 16.255 14.817 2.6701 1
497.67 462.85 133.15 106.66 1.3616 1
12.568 1.2069 87.658 84.282 7.0593 1
42.785 55.289 76.301 77.51 2.4884 1
341.65 317.89 21.426 22.069 2.0934 1
309.15 326.62 19.774 19.08 1.5963 1
489.96 497.02 287.75 264.24 1.3199 1
