638.98 638.99 411.62 147.87 1.2583 1
137.87 574.12 478.99 478.99 1.2586 1
486.7 451.93 173.84 317.95 4.4885 1
197.87 209.1 13.975 13.562 3.9312 1
351.75 486.94 48.985 172.65 5.3767 1
451.69 318.08 319.3 367.48 7.3464 1
265.85 259.2 11.82 16.724 3.1349 1
294.05 291.1 1.3391 14.992 5.2497 1
117.86 132.96 26.433 25.59 2.3566 1
282.77 275.53 20.139 23.237 3.5134 1
40.202 50.945 16.709 38.849 3.2407 1
42.048 40.891 41.595 25.25 3.8289 1
1.4977 19.158 95.793 93.09 3.3286 1
214.78 194.34 16.198 23.477 8.1621 1
245.05 226.58 206.5 75.206 4.1564 1
227.07 262.98 72.604 131.56 4.2225 1
271.66 250.42 25.428 25.944 2.9542 1
256.74 350.73 66.004 48.52 4.1449 1
151.69 118.2 23.172 30.6 3.2485 1
21.968 48.327 92.557 82.854 4.3178 1
74.07 81.372 11.264 35.451 7.7897 1
17.866 1.4098 1.5291 3.0556 3.8494 1
41.596 9.3579 93.949 99.283 6.3792 1
57.89 54.96 40.61 25.216 5.8468 1
55.068 40.581 24.313 0.73068 4.6566 1
291.42 280.56 11.03 16.964 5.089 1
29.816 24.13 12.534 1.0059 3.9312 1
265.45 293.21 29.39 21.556 3.6386 1
109.21 90.318 23.906 16.777 4.2594 1
53.871 35.753 38.001 1.4378 2.3202 1
261.75 245.4 14.702 15.806 1.0729 1
250.77 245.29 221.93 206.66 6.7271 1
129.08 166.02 23.903 16.219 6.8244 1
47.98 52.187 81.394 75.797 3.2522 1
46.568 29.333 87.706 93.493 4.3508 1
53.076 45.204 46.528 52.655 3.5084 1
55.995 46.386 77.297 87.757 3.4576 1
320.11 251.7 363.01 222.19 5.5578 1
75.376 67.743 49.129 51.12 2.7345 1
41.453 43.822 56.916 48.131 2.7393 1
31.24 36.339 0.41029 9.2893 2.7776 1
16.259 37.804 77.134 66.482 2.8455 1
186.89 160.37 25.135 20.409 2.6439 1
63.589 73.143 -0.042448 11.209 5.7169 1
180.37 155.31 10.297 11.65 2.3616 1
141.81 86.698 74.891 88.178 2.9828 1
173.86 191.55 19.894 22.199 3.6661 1
160.37 205.38 8.5087 8.7278 2.5791 1
51.111 41.018 71.082 57.401 3.9743 1
320.15 327.84 219.23 217.71 3.1949 1
106.14 100.45 16.299 2.8452 3.1396 1
110.09 112.23 1.4793 15.66 4.7588 1
94.277 140.49 83.49 72.079 2.6972 1
72.968 59.079 42.039 45.172 7.9853 1
11.908 1.4251 98.729 100.14 4.7165 1
328.06 383.21 217.34 202.89 3.1679 1
39.943 20.468 69.405 78.083 2.7806 1
321.2 318.55 361.63 220.36 3.2266 1
158.82 144.22 10.853 1.4773 2.8559 1
115.47 98.117 49.376 56.009 2.2314 1
266.17 291.16 33.325 58.344 2.6764 1
69.072 59.045 57.173 56.195 2.6095 1
249.09 229.01 67.68 70.927 3.2662 1
87.731 101.71 10.616 18.99 2.1445 1
91.564 115.33 55.207 46.512 1.9463 1
286.16 262.25 58.344 34.742 2.6574 1
34.868 1.3354 20.843 29.215 7.2766 1
65.365 42.853 92.776 95.166 2.2986 1
411.74 385.59 9.591 16.239 2.0739 1
447.71 481.6 184.77 175.29 2.2649 1
385.21 409.18 202.27 195.56 1.9256 1
464.37 431.69 156.35 126.55 1.5216 1
475.44 482.71 206.64 176.58 1.8426 1
11.604 25.337 11.048 10.56 2.6318 1
320.37 340.36 20.231 18.911 1.7414 1
341.62 324.1 21.514 22.178 1.5808 1
12.811 1.5383 16.102 15.105 2.931 1
