638.97 638.99 410.37 146.62 1.2656 1
135.37 574.12 479 478.98 1.2679 1
529.53 486.82 142.67 323.88 5.1451 1
201.58 159.61 353.85 168.73 5.4936 1
159.86 180.71 169.93 87.961 4.697 1
464.83 529.46 71.99 143.95 6.8473 1
498.26 211.23 326.5 356.66 11.329 1
181.66 465.59 89.715 72.699 7.9675 1
162.76 202.84 3.7235 1.0489 4.2411 1
30.527 41.782 8.0463 6.8426 4.1275 1
563.98 561.44 24.104 41.599 3.1914 1
45.313 20.145 12.477 16.404 5.6323 1
164.15 526.55 170.68 144.4 6.6337 1
557.38 559.3 44.214 27.895 3.4327 1
261.63 159.07 6.8189 9.8887 6.0449 1
157.94 46.58 9.2858 14.393 4.5591 1
606.99 639.77 68.326 85.378 5.0976 1
639.39 605.54 93.617 76.244 4.7537 1
434.12 312.92 15.449 8.4023 3.9323 1
314.18 259.15 8.5493 7.0194 3.6096 1
319.17 422.89 3.2396 8.8742 3.5537 1
497.57 518.77 265.3 175.29 1.8042 1
424.13 451.65 9.4906 8.828 2.9507 1
19.23 1.543 16.684 18.103 3.4382 1
1.512 26.759 14.165 11.808 3.0365 1
574.24 596.35 47.642 58.358 4.6039 1
522.88 434.12 14.298 14.186 3.8335 1
591.14 560.53 63.856 48.811 3.5574 1
606.43 591.33 76.582 64.212 4.5765 1
45.365 147.81 10.162 5.2285 3.7597 1
563.06 573.72 41.297 47.337 3.2627 1
452.8 494.08 8.5593 6.8668 3.286 1
521.64 524.75 164.13 147.76 1.4616 1
595.49 606.65 57.902 67.842 5.2944 1
553.86 539.16 24.8 19.024 2.8651 1
539.02 523.96 18.645 16.624 2.644 1
515.32 540.51 8.2161 11.963 2.6056 1
542 560.42 12.043 20.285 2.5214 1
495.32 514.15 7.4676 8.7704 2.7528 1
249.13 231.63 1.625 1.625 1.25 1
