638.98 638.98 411.63 146.63 1.2501 1
136.62 575.37 479 478.98 1.2644 1
279.77 262.4 25.578 14.895 5.7333 1
310.42 280.32 28.567 26.017 4.792 1
289.33 299.42 58.884 67.53 3.9326 1
218.96 262.61 52.523 60.569 4.787 1
86.524 102.67 45.906 48.978 2.6301 1
279.45 288.26 1.1151 6.7345 9.0121 1
100.4 86.655 45.25 42.711 3.0063 1
285.75 298.51 8.3054 10.602 10.063 1
286.74 250.4 50.916 45.213 4.8676 1
152.91 107.89 41.189 43.122 4.5665 1
85.343 50.484 31.788 24.829 4.4209 1
174.07 199.13 54.359 52.971 4.9232 1
275.22 307.98 29.153 33.253 5.1153 1
205.34 187.76 38.698 39.95 4.9874 1
216.52 250.47 3.6012 8.4933 3.5443 1
251.6 221.65 5.5268 1.4185 2.4768 1
191.64 205.4 2.7307 3.8621 3.5325 1
255.82 275.91 15.898 28.26 3.603 1
506.67 457.48 196.64 406.91 9.3086 1
341.62 359.12 13.803 13.774 2.5164 1
504.87 509.47 190.73 197.26 3.1426 1
107.85 154.1 58.607 56.089 5.0856 1
101.62 125.39 1.7972 2.1746 1.5674 1
335.14 351.6 62.076 60.193 6.814 1
52.714 86.643 43.56 51.548 3.8658 1
436.39 428.51 1.2136 77.553 8.6156 1
150.39 164.13 2.1907 2.4819 2.6053 1
1.5697 55.434 51.455 54.215 4.3208 1
284.22 283.68 232.89 195.35 6.6116 1
278.18 275.88 431.71 406.24 9.1644 1
111.48 100.16 37.411 35.276 3.1518 1
246.58 230.24 44.367 41.011 3.9248 1
350.31 327.89 47.489 48.322 6.2457 1
385.46 504.71 104.01 192.08 5.1193 1
292.53 293.92 44.163 56.785 4.4124 1
309 325.8 32.662 22.734 4.5497 1
310.44 301.02 50.609 45.162 5.9209 1
281.93 283.82 299.1 236.69 6.285 1
351.55 364.13 59.635 60.139 5.146 1
200.28 209.2 53.359 52.204 3.2544 1
279.07 279.45 387.94 372.82 5.2777 1
435.3 490.41 76.851 79.571 3.4539 1
309.01 327.51 66.066 62.337 7.3521 1
279.42 281.47 371.7 291.69 7.4981 1
236.64 252.81 1.3846 2.5562 1.7889 1
228.71 217.74 36.719 33.315 2.8741 1
65.443 81.784 6.2867 9.5858 3.4401 1
284.2 502.9 200.75 195.2 8.4819 1
279.03 278.81 395.42 389.05 3.9186 1
323.44 314.44 21.232 14.052 4.4906 1
279.19 277.91 403.07 395.17 6.5702 1
421.96 419.04 73.36 62.561 7.6642 1
347.28 360.26 4.4623 7.1837 8.1693 1
526.64 553.71 1.1816 78.458 5.1171 1
564.11 639.16 68.043 69.058 7.4486 1
316.19 319.05 11.846 1.267 3.0219 1
329.05 319.11 50.765 51.121 5.1757 1
126.63 112.86 89.513 89.73 1.4272 1
249.55 250.05 267.87 104.12 6.5673 1
352.87 339.08 11.641 9.4282 2.6201 1
272.61 249.87 406.25 271.29 5.5802 1
51.017 46.987 26.322 1.1665 10.072 1
159.74 161.04 35.186 48.061 8.4534 1
442.01 487.45 69.384 1.3416 3.8304 1
264.2 218.05 90.045 79.613 3.1483 1
251.62 387.91 103.17 106 4.708 1
554.84 534.03 66.395 1.2573 4.8979 1
264.33 262.64 11.886 5.1215 4.2431 1
451.77 456.95 408.78 429.99 8.5002 1
167.78 127.82 84.643 89.96 3.4724 1
535.31 441.66 75.83 72.05 5.64 1
422.48 430.03 61.26 1.4241 8.0551 1
85.948 82.386 42.672 32.606 7.2157 1
450.7 281.84 406.63 428.26 10.144 1
491.61 554.11 79.491 81.965 2.2508 1
66.456 77.769 38.752 40.927 2.6911 1
437.56 444.38 55.493 1.4995 3.1483 1
466.79 439.32 14.233 55.93 3.2553 1
571.55 558 0.89085 71.409 11.852 1
291.78 265.13 95.914 90.271 5.2652 1
304.94 304.62 51.613 62.889 1.5304 1
302.16 302.38 61.61 50.365 1.4528 1
360.13 330.14 84.738 88.557 5.8608 1
307.83 288.93 96.964 94.221 3.3519 1
475.1 467.72 1.4478 12.777 2.8253 1
292.78 282.41 444.91 437.96 5.8994 1
76.743 56.813 77.429 72.162 2.9867 1
281.76 273.75 194.08 171.76 2.2623 1
362.71 362.71 30.375 39.125 3.7506 1
639.31 631.88 104.88 102.17 2.3482 1
360.3 362.59 62.888 76.877 5.9434 1
54.803 52.254 40.517 30.219 3.9405 1
401.63 380.38 80.375 80.375 1.25 1
