461.7 452.61 1.4974 85.346 3.8194 1
638.98 638.98 412.87 149.12 1.2534 1
526.39 472.3 208.75 423.67 6.1578 1
339.63 341.31 25.41 1.515 4.6379 1
346.31 344.22 1.4803 24.133 5.4189 1
326.65 331.27 11.637 1.4624 6.1025 1
137.87 574.12 479.01 478.98 1.2761 1
334.43 331.81 1.5352 29.023 4.6835 1
299.6 311.64 1.2901 18.223 6.8155 1
270.55 270.43 64.132 45.383 2.605 1
329.15 299.16 35.103 32.47 5.0233 1
196.01 191.95 58.019 40.591 3.3687 1
291.26 289.75 56.714 71.813 2.7323 1
287.58 288.47 1.5501 12.829 2.9795 1
327.27 328.89 70.439 54.102 2.3647 1
159.11 158.13 61.734 50.353 2.8755 1
288.07 289.18 66.636 47.804 2.5695 1
187.54 184.39 43.042 60.422 3.803 1
294.55 296.43 13.811 1.4062 6.6273 1
285.67 284.6 55.403 66.67 2.7248 1
325.46 324.78 54.129 69.098 2.8403 1
281.83 283.14 65.401 55.248 2.1754 1
252.01 253.56 46.578 59.195 3.0904 1
507.28 456.66 1.2404 79.588 3.9565 1
161.31 162.67 50.263 61.649 3.0764 1
197.37 198.4 42.824 57.924 3.7413 1
178.26 176.79 60.477 48.003 4.8191 1
272.5 273.73 52.78 64.168 1.9454 1
165.71 164.65 61.734 52.813 2.776 1
204.64 204.96 41.616 59.11 2.5222 1
321.55 322.34 67.942 54.094 3.0647 1
147.88 129.12 6.1629 5.9176 2.7449 1
174.47 174.84 52.858 60.402 1.6228 1
201.2 200.91 59.153 41.637 2.4789 1
318.22 318.13 56.618 69.136 2.5949 1
298.4 298.44 239.12 207.88 3.7592 1
232.44 232.92 46.645 56.741 3.0619 1
272.83 255.29 11.994 9.8523 2.6041 1
472.89 291.62 425.54 440.32 7.4891 1
456.35 465.38 80.486 1.4826 3.5838 1
128.57 132.28 47.687 61.447 5.153 1
244.71 245.36 42.852 59.075 2.6994 1
96.668 111.61 53.962 57.927 2.4164 1
174.2 162.84 47.937 48.571 4.0229 1
283.87 283.86 20.375 1.6248 2.5035 1
172.8 185.42 2.4947 3.6372 3.1659 1
461.12 512.13 78.366 1.131 3.857 1
406.86 525.35 114.15 207.91 4.507 1
248.59 248.53 55.378 42.878 2.5324 1
95.447 96.602 37.87 52.972 3.3047 1
355.66 355.86 16.646 1.5982 6.3828 1
109.98 83.711 38.315 32.133 3.5062 1
363.33 361.18 1.5212 17.98 5.8743 1
111.06 109.78 55.517 39.171 3.4475 1
598.52 582.82 1.284 86.615 3.9438 1
102.96 104.22 39.115 50.365 3.1736 1
290.46 298.1 389.26 244.27 6.4435 1
87.697 89.126 36.65 46.801 2.668 1
315.91 317.81 41.553 55.554 3.8248 1
244.15 270.46 11.395 14.744 4.0357 1
444.88 456.5 85.651 1.2631 10.15 1
131.6 149.14 3.0052 2.6703 2.7859 1
170.24 183.18 7.1822 10.408 3.034 1
300.37 522.87 209.83 208.68 4.2066 1
282.61 296.2 25.047 33.549 4.3745 1
229.54 231.66 9.2403 1.634 2.6522 1
299.03 329.23 36.309 39.366 3.59 1
257.37 271.75 6.3793 7.9192 8.5216 1
184.12 196.38 10.365 2.4948 3.6112 1
551.58 579.94 1.2195 85.521 3.7625 1
583.35 555.78 83.549 1.072 4.0219 1
1.5663 82.935 56.74 60.238 4.874 1
329.33 345.69 38.641 28.82 4.7172 1
130.36 154.14 8.996 8.6958 3.7339 1
239.85 239.02 79.101 54.087 3.7896 1
280.75 280.76 1.6249 22.875 3.7496 1
291.08 286.26 451.71 421.29 10.256 1
216.64 226.67 10.081 10.486 2.8508 1
277.01 278.82 11.467 1.5687 2.235 1
93.248 97.728 1.5012 15.009 4.3463 1
346.08 347.88 29.025 19.125 3.8012 1
390.61 391.53 12.791 1.5147 3.9422 1
84.982 83.438 47.332 37.784 6.7686 1
123.03 131.55 1.5241 14.611 2.3618 1
362.84 380.4 20.547 19.954 2.9629 1
212.78 216.23 1.1368 9.2926 2.4348 1
80.205 74.962 38.975 1.3343 5.2971 1
456.57 529.13 83.952 87.731 4.278 1
589.66 591.72 87.743 76.643 2.6862 1
431.65 407.9 331.76 336.76 2.1889 1
267.51 269.67 274.14 111.62 4.3333 1
436.66 420.42 268.08 270.66 2.2728 1
458.84 424.21 228.92 235.8 3.1729 1
82.456 81.053 56.684 46.705 5.2994 1
271.61 406.62 110.89 114.14 3.7189 1
512.89 300.38 242.54 244.93 2.3736 1
170.38 204.04 90.413 87.034 2.358 1
287.63 287.44 409.16 390.32 13.787 1
380.39 364.12 17.074 17.508 1.616 1
576.76 462.84 84.871 79.927 5.2212 1
280.95 267.01 392.66 275.33 4.9526 1
288.67 285.15 421.19 408.49 11.103 1
388.92 386.43 35.346 52.848 4.0641 1
119.27 127.6 26.569 47.485 5.1322 1
419.13 401.63 270.22 270.07 2.5518 1
422.84 404.1 235.8 234.42 2.951 1
240.48 239.41 44.122 1.6178 2.8116 1
367.59 378.24 12.577 11.505 7.7126 1
154.13 134.13 95.019 95.123 3.8472 1
106.49 103.73 14.155 1.44 4.195 1
122.15 132.05 10.72 31.422 2.6955 1
123.91 117.24 27.137 8.0958 3.5391 1
302.89 250.31 100.29 88.141 3.4736 1
112.89 118.51 8.6175 22.622 3.9513 1
185.38 169.07 91.871 92.365 2.461 1
297.46 281.82 206.74 150.67 2.6043 1
425.5 400.88 385.74 394.34 3.0158 1
592.83 639.17 76.025 77.229 6.5724 1
604.65 588.98 1.4779 79.096 4.1594 1
636.65 614.92 1.2523 72.737 2.8027 1
132.6 125.07 25.505 9.2655 2.4349 1
386.04 383.18 66.531 84.374 3.7028 1
382.63 340.19 91.303 97.936 4.9007 1
391.59 377.85 335.73 334.36 1.3683 1
515.53 520.13 237.91 220.31 1.6394 1
300.37 415.37 242.1 241.14 2.4686 1
463.15 470.24 427.72 439.93 7.7406 1
170.44 154.3 93.722 95.029 4.8829 1
330.38 302.88 101.85 101.95 5.0611 1
517.88 305.37 218.41 217.9 1.6341 1
315.32 315.08 74.137 99.134 2.6851 1
612.68 633.51 70.317 1.4392 2.9227 1
371.64 350.38 371.4 371.75 1.2702 1
128.71 124.7 40.862 27.188 3.6614 1
530.32 581.62 87.683 90.433 2.543 1
374.09 402.86 231.86 236.73 1.8591 1
494.13 460.38 307.71 307.98 1.2597 1
136.88 126.88 80.273 55.781 2.4087 1
412.88 389.13 369.12 369.12 1.25 1
381.62 349.13 311.59 311.7 1.2668 1
422.9 439.01 322.73 324.95 3.1602 1
468.88 465.46 438.55 456.4 6.844 1
300.37 300.37 246.63 271.63 1.25 1
322.88 432.87 220.29 220.82 1.4712 1
499.88 509.14 301.5 264.13 1.5537 1
439.11 512.88 240.4 239.51 2.4547 1
281.07 273.74 148.94 121.73 1.9041 1
437.86 451.55 259.23 260.98 3.7197 1
469.13 492.88 305.37 305.37 1.25 1
420.37 386.63 86.877 86.319 2.0862 1
401.63 420.38 83.642 83.989 1.5043 1
452.87 404.13 309.01 310.45 1.9844 1
407.89 436.63 308.15 306.77 1.9654 1
341.63 312.87 372.89 374.08 1.8698 1
419.13 501.63 215.54 215.48 1.2856 1
317.93 318.69 99.127 77.859 1.7847 1
429.12 447.87 365.33 365.31 1.2599 1
342.88 395.38 246.63 246.63 1.25 1
449.12 431.62 367.61 367.84 1.3811 1
317.89 299.13 313.94 314.21 1.25 1
564.25 547.79 49.083 1.6543 1.8325 1
303 293.07 458.58 450.98 7.0091 1
