258.83 232.34 326.46 168.79 4.5167 1
638.98 639 411.62 147.87 1.2714 1
434.13 456.7 52.882 49.676 3.8809 1
282.98 332.97 21.048 29.849 4.1441 1
457.8 435.41 52.474 56.82 3.6094 1
137.87 574.12 479.01 478.97 1.2814 1
325.17 282.81 31.582 24.53 4.1129 1
469.07 485.14 35.238 28.558 3.8383 1
389.66 552.13 239.73 94.686 5.0271 1
332.81 394.24 31.948 43.519 4.1309 1
545.81 513.5 119.86 248.35 4.2674 1
397.89 339.07 47.782 36.909 4.7523 1
483.82 469.12 32.217 39.124 2.9967 1
469.68 458.35 42.094 52.16 4.0466 1
552.33 545.42 96.114 120.39 4.6429 1
61.485 1.4273 1.0008 14.495 4.2763 1
233.43 417.17 166.68 60.058 4.312 1
514.19 511.7 12.885 28.091 4.9342 1
1.3944 46.47 10.548 0.90133 4.2806 1
379.72 258.42 406.97 327.04 8.1817 1
394.38 420.48 44.405 51.234 3.7753 1
145.54 102.79 22.404 31.205 3.0247 1
425.51 445.33 43.477 38.909 4.1243 1
263.07 284.82 3.8729 21.075 5.2235 1
116.47 164.29 26.024 13.524 3.2158 1
452.85 428.72 41.495 45.362 4.3913 1
282.96 262.62 24.313 7.887 3.74 1
515.21 384.99 248.78 405.06 5.7603 1
511.62 486.61 33.709 33.847 8.7775 1
261.73 227.9 7.0692 2.7158 4.2343 1
625.36 639.2 53.797 52.99 2.714 1
573.45 569.97 13.697 29.314 5.0187 1
164.33 206.57 12.511 2.6269 3.1334 1
485.65 492.93 30.132 1.0144 9.3982 1
436.84 397.84 60.912 49.228 5.6236 1
203.92 144.99 5.8623 21.422 3.6457 1
239.27 261.81 0.68579 4.1732 3.3237 1
1.3988 115.56 43.995 25.277 3.7807 1
228.89 205.19 3.4473 6.3261 3.5367 1
101.64 1.354 30.468 47.532 4.0353 1
491.57 436.81 73.163 61.981 3.174 1
206.66 237.86 2.49 1.3227 1.6229 1
639.13 621.62 56.259 56.284 2.5246 1
516.07 513.49 1.1852 11.775 3.9682 1
550.22 459.29 93.498 70.963 4.8638 1
340.04 324.25 36.615 32.393 3.9456 1
486.61 506.62 39.437 40.382 1.897 1
481.53 469.1 46.063 44.276 2.8305 1
436.7 481.6 58.747 68.01 3.1286 1
446.62 464.13 39.645 39.848 1.4528 1
586.57 561.6 42.135 39.302 3.4175 1
570.31 607.83 37.678 39.831 4.4905 1
234.37 387.08 168.61 240.8 4.1093 1
546.15 556.66 19.689 31.593 2.9209 1
584.03 546.63 88.38 81.622 2.579 1
577.61 574.21 1.1975 13.252 3.1186 1
554.18 585.35 80.037 85.528 3.2593 1
236.5 251.78 174.15 266.6 2.2728 1
609.38 586.78 44.724 41.692 3.7919 1
607.87 620.19 40.402 43.577 9.097 1
480.13 483.19 60.575 45.19 7.5998 1
554.25 540.45 38.369 41.903 2.4509 1
252.48 257.91 270.44 302.87 1.8529 1
548.43 538.34 27.253 16.079 2.6934 1
558.22 539.26 45.303 50.849 2.9549 1
509.12 487.87 42.442 42.187 1.5054 1
530.53 551.75 48.732 44.79 3.2301 1
555.36 597.78 109.18 119.5 2.4292 1
417.55 439.13 60.584 65.344 2.8542 1
622.73 616.97 1.5358 10.592 2.874 1
604.08 554.27 124.32 112.26 2.4299 1
536.68 552.94 37.43 36.334 2.3261 1
546.64 557.92 7.6148 8.2245 2.901 1
621.47 639.12 41.36 44.13 3.7047 1
621.3 610.35 54.513 45.409 2.5728 1
525.37 546.85 24.177 27.8 3.0597 1
619.36 625.42 47.61 52.985 3.1154 1
639.21 606.71 132.52 124.99 2.3613 1
537.9 494.12 77.559 74.251 2.0219 1
606.59 622.87 121.79 125.38 1.3467 1
543.97 524.18 106.45 124.19 1.25 1
639.2 622.85 25.711 24.422 2.8853 1
