185.7 145.52 268.75 100.04 4.8714 1
471.49 464.92 124.29 169.24 4.5852 1
463.91 458.08 173.04 210.6 4.0892 1
135.37 574.12 479 478.97 1.2761 1
146.47 469.18 99.773 125.94 4.8491 1
638.97 639 411.62 147.87 2.5236 1
466.15 470.87 168.07 179.44 3.6568 1
458.99 464.18 210.78 225.36 4.6289 1
475.67 479.18 121.51 130.83 4.2394 1
194.11 185.39 269.33 268.85 2.9714 1
470.94 462.81 180.01 195.34 3.8324 1
472.63 482.37 89.305 98.415 3.8302 1
457.07 443.03 215.65 303.95 4.096 1
471.94 471.5 95.406 117.9 3.9979 1
479.27 470.37 130.94 145.37 5.0019 1
462.55 458.78 224 234 2.1865 1
236.61 472.77 45.57 58.535 4.5961 1
473.28 472.21 59.095 89.19 4.1473 1
483.23 474.15 107.12 117.89 5.0794 1
505.31 576.5 2.088 11.347 3.7084 1
576.59 639.14 10.617 12.251 3.25 1
575.51 517.83 14.319 6.9944 3.2281 1
462.32 336.31 309.86 294.19 9.8964 1
639.16 576.6 15.189 13.8 3.1108 1
516.85 474.25 6.0713 0.66889 3.5274 1
336.14 194.37 293.79 273.68 7.4168 1
151.05 187.94 109.26 264.11 1.9671 1
174.18 151.63 105.91 104.05 3.7374 1
272.82 242.85 113.5 110.62 1.6514 1
450.9 459.39 195.27 136.66 2.1518 1
444.82 448.04 237.8 212.9 1.677 1
212.9 180.3 108.79 106.31 2.4124 1
169.29 187.1 79.329 64.697 2.2754 1
466.63 442.88 60.375 60.375 1.25 1
231.62 214.09 110.4 108.16 1.8746 1
440.95 443.5 262.95 244.21 1.5763 1
190.86 189.87 289.23 281.69 2.6416 1
390.38 372.88 56.625 56.625 1.25 1
469.12 469.12 90.375 71.625 1.25 1
