345.17 380.56 31.253 39.596 3.7889 1
304.72 344.1 18.581 31.711 4.3498 1
385.84 336.38 44.735 32.63 4.2878 1
638.98 639 411.62 149.12 1.2674 1
139.12 574.12 479.02 478.97 1.2965 1
272.48 304.06 12.088 19.395 4.0355 1
320.62 281.95 26.851 17.754 4.939 1
381.12 419.13 41.25 50.344 4.095 1
107.99 350.14 148.15 48.549 5.0082 1
335.68 320.46 33.026 28.833 3.9473 1
455.52 422.59 68.545 60.254 3.0261 1
420.37 448.07 50.346 45.191 4.5159 1
416.59 475.36 55.495 70.441 3.1234 1
166.42 111.56 1.9334 13.841 4.1382 1
442.95 415.39 51.671 53.163 3.6769 1
290.05 470.65 196.07 90.482 7.3881 1
413.38 393.74 54.467 49.327 6.939 1
282.47 267.56 18.099 14.042 3.8407 1
99.437 155.42 12.082 1.8637 3.6987 1
393.56 379.2 49.274 45.119 4.6138 1
429.11 447.88 37.308 37.677 2.5241 1
496.77 489.08 32.935 31.996 5.4177 1
513.2 526.52 3.3356 10.564 3.203 1
498.8 456.4 78.127 68.904 3.3433 1
231.56 289.59 230.27 196.17 4.0554 1
446.36 269.99 251.33 406.19 8.2025 1
467.64 444.49 113.05 250.23 11.109 1
538.27 519.36 13.345 3.6739 1.489 1
444.12 425.37 40.404 40.401 2.5027 1
422.13 412.83 60.327 56.734 3.4976 1
472.83 443.04 45.624 40.636 2.8784 1
487.84 464.14 31.412 35.452 4.5369 1
446.7 457.79 38.492 39.852 2.1676 1
474.94 483.2 27.624 0.21599 14.493 1
473.64 467.8 90.714 109.86 10.09 1
1.4903 99.079 21.613 11.194 3.3441 1
162.58 111.4 320.09 148.32 9.7349 1
350.93 460.23 49.866 84.576 3.9365 1
407.86 427.92 40.312 36.893 3.2484 1
264.27 162.39 408.8 318.42 8.7166 1
551.3 579.18 37.001 42.615 4.1866 1
576.57 554.12 45.679 41.672 3.6045 1
475.3 494.11 38.653 40.539 2.4911 1
110.43 1.3921 13.389 25.835 3.948 1
580.33 628.12 41.966 48.592 5.5041 1
457.06 440.84 45.23 51.56 4.8002 1
452.79 473.76 33.752 28.826 4.7939 1
639.4 610.31 64.118 60.921 5.5032 1
504.4 500.65 10.169 27.932 12.488 1
626.7 615.11 45.228 39.683 2.3516 1
607.88 596.85 54.11 47.5 3.4344 1
526.75 570.48 111.19 123.77 2.7648 1
638.89 524.2 147.44 113.86 2.9561 1
619 639.68 38.186 46.5 3.0012 1
530.41 518.97 13.733 14.223 6.2977 1
425.05 411.58 40.678 45.24 3.5887 1
604.89 618.07 48.179 58.882 3.0932 1
262.6 247.5 404.39 317.72 4.4084 1
595.47 574.17 48.104 46.122 2.5592 1
522.91 539.31 25.24 29.679 1.8876 1
541.7 574.21 83.722 89.949 2.9775 1
571.56 534.13 93.191 85.362 2.759 1
550.07 537.31 16.302 12.097 4.7764 1
538.26 546.94 20.041 30.106 2.5791 1
572.17 565.65 12.328 29.018 9.3141 1
468.25 471.29 66.684 47.622 9.7274 1
561.47 565.31 12.393 1.1747 5.1675 1
549.16 557.93 10.108 11.171 2.4818 1
541.9 529.42 30.007 16.241 2.8616 1
594.09 616.72 130.49 137.59 1.8712 1
246.97 234.51 312.82 230.51 3.7099 1
556.61 546.49 1.5846 4.9637 2.7687 1
639.24 619.07 31.731 29.668 3.25 1
