638.97 638.99 411.62 149.12 1.2667 1
136.62 574.12 478.99 478.98 1.2579 1
208.45 319.52 47.478 207.6 4.9991 1
533.13 478.47 156.33 340.55 4.4624 1
479.06 319.02 341.46 401.77 8.0525 1
292.77 209.28 34.612 46.446 4.4628 1
355.1 533.26 25.752 155.31 4.3187 1
65.532 58.418 62.653 57.626 5.5262 1
202.24 181.55 16.835 22.596 8.094 1
84.592 78.632 67.488 70.715 3.9841 1
91.978 84.851 65.116 67.655 4.5131 1
79.399 67.969 66.861 63.776 3.1612 1
230.31 211.48 211.63 75.223 4.4352 1
211.07 208.06 70.271 50.16 5.4993 1
62.932 40.431 78.384 80.883 2.6227 1
235.55 229.18 222.79 209.74 3.9723 1
78.618 63.533 70.656 77.98 3.471 1
2.1544 22.058 85.048 73.631 4.1775 1
120.23 160.14 20.311 15.769 6.5734 1
91.19 95.073 32.511 41.202 5.4633 1
62.046 99.041 81.499 67.65 3.6745 1
36.626 61.626 82.48 82.456 3.7452 1
56.593 47.749 59.072 67.768 5.3031 1
12.414 9.6996 40.437 20.298 6.932 1
95.182 92.394 43.257 60.088 5.9542 1
157.84 176.64 19.485 21.494 3.4631 1
150.3 121.48 19.879 24.439 3.5789 1
172.93 151.54 25.102 20.784 2.9568 1
320.29 235.12 397.92 223.61 5.6155 1
110.16 122.64 27.525 19.988 2.7862 1
305.51 354.17 32.574 25.72 3.539 1
104.36 96.589 27.026 31.563 4.499 1
43.238 52.529 0.48257 23.764 6.2573 1
55.23 64.828 71.431 64.23 7.2499 1
167.86 139.06 10.17 11.671 2.4966 1
20.386 1.974 80.4 88.654 5.4281 1
29.617 24.056 41.274 13.636 7.1135 1
142.87 192.87 8.2547 9.2339 3.8472 1
320.6 528.78 211.26 157.77 3.7886 1
91.115 77.046 58.084 64.984 5.0396 1
23.219 15.378 13.439 0.8447 5.2848 1
180.38 172.88 22.878 24.152 3.0687 1
11.073 13.527 51.867 44.784 3.9989 1
54.345 38.72 41.793 38.622 6.8711 1
56.497 53.121 20.401 3.8204 3.1979 1
23.863 15.584 43.815 51.84 4.5153 1
105.09 90.468 18.527 25.568 2.9657 1
322.21 322 395.37 211.62 2.5887 1
60.599 57.663 48.669 39.191 4.4063 1
330.38 350.39 21.695 21.51 1.25 1
42.887 31.603 53.887 53.324 2.6215 1
230.97 231.82 236.65 217.88 4.0846 1
50.97 51.868 24.356 31.747 4.175 1
102.83 109.89 2.1084 21.022 13.897 1
142.63 128.01 10.762 1.4161 3.2462 1
16.36 10.231 63.689 52.281 5.1603 1
377.99 408.06 18.353 11.158 2.0882 1
409.05 377.99 13.812 20.879 2.7666 1
19.11 1.5885 92.36 92.87 2.8628 1
18.498 7.4195 21.259 2.4081 3.3556 1
355.39 325.38 23.022 25.407 1.8402 1
475.78 527.78 338 162.85 2.2447 1
54.383 41.671 50.301 53.085 2.8609 1
48.042 39.216 87.296 89.492 2.0444 1
7.851 22.876 89.871 89.154 1.7248 1
299.12 320.39 23.999 23.301 1.8235 1
37.962 19.197 89.812 92.192 2.0084 1
12.946 1.484 65.653 68.571 2.4447 1
426.85 409.24 7.2972 13.206 1.5977 1
321.66 302.6 206.6 179.32 1.4432 1
491.69 466.47 129.04 110.59 1.4761 1
71.516 55.153 90.936 87.771 2.7321 1
