638.98 638.99 411.62 147.87 1.2597 1
137.87 574.12 479 478.98 1.2744 1
238.17 218.7 341.75 187.61 4.8953 1
416.66 389.35 182.66 334.17 5.1084 1
1.6104 132.89 41.738 40.054 5.1127 1
390.35 236.44 336.1 344.6 8.4953 1
344.12 231.63 41.51 41.599 2.5812 1
132.45 146.09 38.093 30.396 3.6859 1
141.9 152.81 13.258 5.2924 3.7657 1
218.84 227.54 188.98 99.213 4.8117 1
373.1 362.77 16.504 18.602 3.9237 1
387.06 416.36 96.903 182.54 4.5124 1
313.67 296.49 2.8095 5.8452 7.1682 1
112.89 1.6105 44.735 45.381 5.3993 1
143.94 131.8 36.226 42.001 3.8149 1
361.69 340.15 19.772 17.358 3.9942 1
220.38 414.14 188.28 183.57 4.6997 1
339.03 357.9 19.733 22.69 2.9309 1
172.94 162.9 11.849 11.212 5.4654 1
140.28 115.38 23.771 30.394 3.2256 1
625.24 628.32 1.18 17.555 4.7523 1
299.35 280.4 3.9552 7.9726 3.0368 1
112.97 134.15 28.186 21.712 3.2209 1
384.13 371.52 9.1508 12.46 5.411 1
624.78 619.34 15.128 0.60704 4.9744 1
164.01 184.27 15.931 12.474 2.4935 1
246.63 221.63 1.7184 1.8922 1.3542 1
126.81 113.94 46.007 44.754 7.3113 1
359.06 385.33 22.068 19.864 4.1549 1
388.75 383.39 0.60306 9.1327 6.2284 1
639.39 625.13 19.913 24.626 4.3451 1
234.12 230.17 43.894 86.606 5.5329 1
169.14 161.63 5.447 6.6483 6.369 1
220.47 190.4 43.85 46.872 2.9814 1
623.1 622.2 24.019 11.583 4.0104 1
181.62 126.63 48.038 47.892 2.543 1
627.25 639.33 19.059 13.302 4.5138 1
192.87 219.03 44.123 40.839 2.4747 1
281.61 265.64 6.6539 0.88275 3.0032 1
220.7 199.29 13.856 20.884 2.8009 1
130.39 167.87 44.718 45.389 1.6076 1
386.63 412.88 21.625 21.625 1.25 1
386.74 390.31 331.64 309.11 1.5645 1
430.33 399.11 27.368 25.578 2.4243 1
390.96 399.52 306.51 257.95 1.5974 1
244.13 267.88 39.125 39.125 1.25 1
236.59 238.04 302.88 316.61 1.7669 1
530.45 502.98 24.661 28.581 1.9454 1
352.9 347.9 40.365 27.384 2.601 1
