137.87 572.87 479.02 478.97 1.2872 1
638.99 638.98 411.63 149.13 1.2537 1
214.05 165.63 307.16 143.68 6.4768 1
438.91 423.07 15.213 158.03 4.4215 1
376.67 439.73 150.4 9.3948 6.3644 1
166.45 264.96 142.72 32.503 6.3496 1
424.63 398.23 159.29 242.14 5.5883 1
389.07 366.77 267.42 330.87 4.4376 1
364.82 360.77 182.86 337.89 4.1412 1
397.73 389 242.38 267.02 4.3696 1
367.2 363.53 331.29 338.8 4.4935 1
409.28 349.19 5.0286 1.7599 5.9013 1
358.77 212.45 345.84 306.09 10.907 1
436.54 406.38 8.5508 4.9619 6.1185 1
506.1 509.98 34.212 1.578 3.1569 1
169.03 362.76 144.61 180.99 6.324 1
514.61 511.85 1.5647 36.544 3.2802 1
349.09 327.87 2.4542 1.6326 2.5465 1
171.37 178.19 151.7 174.03 1.4944 1
178.99 184.28 176.67 194.08 1.3491 1
