136.62 574.12 478.99 478.98 1.2577 1
638.98 638.98 412.87 147.87 1.2527 1
212.47 185.13 307.93 120.05 5.6027 1
616.42 515.85 239.6 428.71 5.5182 1
184.8 287.36 120.04 43.869 4.4344 1
623.32 616.15 116.51 241.74 5.5963 1
287.74 623.66 43.483 116.26 5.8436 1
514.94 208.82 430.24 309.89 11.875 1
188.11 612.93 120.81 240.17 4.2954 1
1.3624 65.165 96.419 112.46 3.969 1
54.989 1.2785 114.36 100.46 3.9582 1
65.97 1.4408 113.05 152.57 3.6773 1
1.2092 54.589 147.18 115.31 3.6683 1
44.436 67.96 50.169 43.16 2.2686 1
92.183 122.25 35.089 17.703 2.3994 1
120.09 102.72 22.385 32.608 2.4069 1
1.611 39.103 65.337 51.564 2.6099 1
95.336 64.263 36.521 48.241 2.0316 1
565.37 579.12 329.12 302.87 1.5272 1
592.95 605.14 276.66 252.76 1.25 1
580.57 589.51 300.47 283.07 1.25 1
