638.98 638.98 412.88 146.63 1.2517 1
136.62 575.37 479 478.97 1.2707 1
532.79 521.74 271.22 273.45 3.9229 1
306.82 609.42 150.41 103.55 4.9899 1
235.46 497.91 56.452 35.86 4.7909 1
237.46 235.34 236.6 86.608 4.5938 1
611.76 531.75 102.99 270.49 6.0426 1
249.67 250.59 114.15 96.636 3.4841 1
249.55 251.11 139.18 126.72 3.5665 1
235.33 235.07 82.888 57.852 3.7628 1
245.92 236.5 101.24 87.966 2.1713 1
249.19 250.38 199.05 179.13 3.6693 1
256.44 249.51 155.45 139.5 4.0885 1
247.55 250.35 242.82 226.84 3.4781 1
252.12 258.59 106.32 116.95 4.0862 1
289.85 237.37 341.26 236.25 5.0406 1
522.92 293.15 276.28 343.8 11.498 1
296.56 282.86 344.33 345.13 6.7498 1
498.57 611.9 36.336 102.05 4.1715 1
252.32 253.1 185.41 199.11 2.425 1
253.44 264.33 96.43 99.681 4.1828 1
253.18 263.98 125.81 131.89 3.2678 1
252.3 264.54 226.73 231.9 4.5573 1
270.13 255.36 109.81 101.64 4.1417 1
280.49 267.93 135.14 129.01 1.6211 1
251.57 252.75 234.13 247.89 3.0252 1
265.72 253.89 193.68 184.42 3.0805 1
253.33 265.67 199.83 213.72 3.9431 1
267.67 256.35 140.65 131.98 3.0394 1
259.43 267.6 117.45 126.86 2.5831 1
255.82 248.36 258.22 240.7 2.809 1
257.73 249.55 212.2 198.86 4.3337 1
275.25 257.5 269.33 258.49 2.1331 1
237.97 247.99 84.944 99.044 2.6004 1
256.62 272.73 149.13 160.58 3.0325 1
304.14 273.62 182.87 140.74 2.9661 1
270.71 257.89 220.45 211.61 4.5064 1
295.5 303.38 285.38 184.07 3.6265 1
304.33 305.59 177.8 159.22 2.918 1
264.9 280.68 99.608 115.06 2.8084 1
317.25 309.16 155.31 239.13 2.8047 1
272.42 256.96 165.55 154.12 4.983 1
306.2 283.82 159.45 130.61 2.4328 1
221.46 237.81 251.34 241.51 7.5118 1
280.85 284.93 116.45 127.58 2.9762 1
309.12 312.09 212.87 181.55 2.3179 1
285.43 304.78 127.84 153.63 2.2531 1
266.65 253.08 129.09 120.07 3.8269 1
312.03 314.15 176.68 160.38 2.1564 1
276.3 301.8 139.35 175.25 2.7038 1
309.01 299.86 239.24 331.57 2.4525 1
303.84 307.1 266.6 231.67 2.0569 1
276.36 269.82 120.18 110.76 3.3052 1
307.79 308.34 229.12 215.39 0.92381 1
511.53 461.54 122.23 129.82 2.2841 1
255.97 238.29 224.48 192.08 2.5872 1
450.44 424.11 132.16 135.28 2.5446 1
239.61 251.47 188.28 210.46 2.1285 1
284.13 266.63 56.625 56.625 1.25 1
264.8 239.78 94.864 62.076 3.115 1
527.9 523.68 286.12 296.44 4.6282 1
259.16 240.13 179.1 148.03 1.6511 1
276.65 294.02 201.61 230.44 1.7273 1
293.6 294.77 310.42 290.41 2.2021 1
250.2 268.63 159.23 189.42 2.3125 1
239.13 239.13 101.63 136.63 1.25 1
301.78 302.62 287.88 274.11 1.7815 1
