136.62 575.37 478.99 478.98 1.2592 1
532.81 484.99 125.03 304.94 5.6698 1
638.98 638.98 411.63 146.63 1.2557 1
199.7 157.42 348.99 163.66 5.001 1
456.24 533.42 53.295 124.88 5.2715 1
157.15 163.47 164.16 76.668 4.7013 1
164.27 456.74 75.993 53.077 5.3603 1
496 209.99 306.74 353.02 10.066 1
160.32 530.47 163.62 125 5.1146 1
598.43 638.78 59.53 85.901 5.7186 1
528.1 563.09 22.383 38.657 3.7957 1
560.43 596.85 39.035 61.255 5.8785 1
623.92 595.18 81.943 63.176 6.4082 1
594.62 564 64.456 48.115 5.2166 1
552.69 529.42 38.271 27.256 3.9242 1
567.28 553.38 48.682 38.439 5.0842 1
529.94 522.12 28.23 21.085 3.7725 1
639.18 622.46 97.815 82.151 6.2127 1
523.69 514.91 7.203 0.58431 4.7451 1
526.55 526.26 6.5907 17.898 2.7909 1
522.07 522.95 20.492 7.7941 4.0841 1
162.87 174.31 172.88 222.83 1.7932 1
175.09 184.26 225.44 266.59 1.7638 1
184.87 198.18 269.24 327.81 1.6075 1
501.64 516.88 230.38 172.94 1.6261 1
