459.18 438.13 82.72 245.25 4.4243 1
136.62 574.12 479 478.98 1.2718 1
186.69 154.66 215.36 65.261 4.5554 1
638.98 638.98 412.88 147.88 1.2525 1
357.27 457.56 135.48 82.126 4.6969 1
156.49 356.69 64.507 136.45 5.0345 1
351.6 184.86 317.5 217.48 8.7816 1
438.05 355.95 245.36 314.8 4.4175 1
155.45 261.98 63.126 31.558 3.9506 1
552.81 603 2.5669 6.0856 7.1963 1
639.4 530.61 23.468 7.551 4.2555 1
634.28 541.57 13.85 4.7209 4.4669 1
530.47 496.76 7.3818 0.90512 3.6826 1
535.37 551.64 1.7336 2.3599 1.6817 1
603.95 639.24 6.1021 7.4443 9.3614 1
540.53 522.85 4.3042 1.7711 2.116 1
595.3 639.06 13.32 20.779 2.4925 1
429.37 425.55 137.51 147.94 3.5215 1
369.83 351.88 323.23 317.11 8.2574 1
526.53 594.24 4.8921 13.179 2.5332 1
639.32 635.08 14.132 13.451 3.9007 1
424.92 421.5 185.24 196.59 2.8678 1
412.85 427.98 139.01 135.91 2.982 1
262.47 454.99 31.966 80.629 3.7564 1
378.67 355.64 152.04 164.62 2.2058 1
446.48 452.78 157.85 111.61 1.8024 1
409.09 423.05 187.67 185.08 3.2315 1
414.11 430.57 114.06 109.87 3.9425 1
402.69 418.01 232.08 228.45 4.1626 1
441.28 446.33 198 160.34 1.796 1
360.3 402.76 158.99 135.17 2.2601 1
420.58 400.31 124.76 131.42 2.3752 1
411.68 390.58 204.28 211.03 2.0888 1
413.61 382.01 131.97 149.81 2.1348 1
184.89 189.55 191.73 214.04 1.8812 1
415.14 399.61 242.5 252.38 2.062 1
164.78 170.23 98 124.16 1.4788 1
171.09 178 126.74 160.35 1.7279 1
354.11 224.22 139.16 92.617 2.7262 1
181.21 184.08 174.21 189.13 1.0752 1
435.18 438.01 244.1 225.39 1.6089 1
454.18 421.51 91.729 108.91 1.8688 1
445.27 430.34 113.94 122.82 1.5352 1
348.09 348.61 291.63 144.12 2.5485 1
357.65 357.41 144.12 159.14 2.6934 1
438.81 440.05 220.35 204.1 1.25 1
378.03 402.02 251.83 233.39 2.2111 1
434.3 450.32 116.92 107.77 2.0162 1
66.232 50.158 6.9292 13.602 3.7467 1
380.41 370.35 322.35 322.53 7.4761 1
357.37 356.03 167.86 215.36 2.9583 1
351.63 351.63 164.13 192.88 1.25 1
17.536 1.2218 35.019 38.467 4.2369 1
