136.62 575.37 478.99 478.98 1.2582 1
638.98 638.99 412.87 146.62 1.2566 1
541.21 501.89 109.93 257.61 6.1805 1
548.01 541.9 84.743 107.61 5.8734 1
466.6 509.57 9.1746 29.564 4.2121 1
174.32 441.96 78.883 28.42 4.8725 1
228.92 545.7 163.29 84.173 4.8768 1
513.96 484.2 33.328 22.674 3.8651 1
510.74 549.12 28.297 45.394 4.1714 1
441.79 466.23 1.1275 9.0775 3.2957 1
481.37 448.27 19.723 5.6829 5.1263 1
537.05 514.63 43.178 33.003 3.52 1
442.13 547.11 28.041 83.201 4.07 1
566.66 614.16 54.392 53.434 4.8478 1
615.33 590.47 55.049 58.557 4.412 1
447.51 434.32 6.3049 1.1322 3.286 1
255.35 250.74 348.76 333.14 8.7459 1
504.16 258.78 260.47 352.77 9.5209 1
179.14 173.23 93.834 78.506 8.6145 1
253.03 225.99 331.79 157.78 4.5903 1
577.88 597.88 42.382 42.301 1.3209 1
590.39 571.62 58.382 58.258 3.8328 1
615.32 639.62 47.727 39.291 4.8713 1
208.39 176.87 250.52 95.072 4.3865 1
549.19 563.07 46.441 51.024 2.3858 1
639.35 625.6 43.692 47.461 4.064 1
566.55 578.99 45.033 42.271 3.1192 1
594.63 552.69 74.441 54.513 4.2601 1
571.41 638.99 60.938 86.973 3.6039 1
606.62 576.66 46.696 44.85 3.1102 1
595.59 616.53 42.754 46.013 3.5132 1
626.66 639.47 49.018 53.038 2.8291 1
623.43 615.17 50.774 53.523 5.9297 1
638.88 623.77 56.183 51.543 3.5848 1
639.2 595.39 90.17 74.082 3.6858 1
247.63 207.96 333.65 249.75 4.8702 1
226.1 182.5 161.5 92.652 4.3624 1
578.94 564.05 45.712 48.733 2.7159 1
219.06 200.43 73.722 76.949 1.8718 1
632.58 638.72 82.492 57.774 9.6969 1
