285.26 325.59 4.6675 13.117 3.6703 1
320.4 280.53 15.24 7.1204 3.9017 1
326.12 377.45 14.82 28.233 4.4127 1
365.49 330.08 28.637 20.387 4.1013 1
638.98 638.99 411.62 149.12 1.2591 1
378.01 415.27 27.458 39.466 3.3429 1
413.61 366.69 43.176 27.675 5.2035 1
136.62 572.87 479.03 478.97 1.2958 1
426.69 452.85 42.328 40.052 3.5193 1
283.85 271.75 7.1881 1.3707 3.424 1
455.27 429.27 43.071 45.625 4.4873 1
414.18 431.6 39.567 40.722 3.2457 1
201.28 401.46 145.94 46.296 5.2456 1
465.52 482.44 25.819 20.285 3.6081 1
231.29 202.61 308.96 146.01 6.8944 1
353.05 533.93 225.6 87.621 6.7721 1
345.18 230.88 395.21 309.7 6.7839 1
486.64 504.15 31.33 32.489 2.0816 1
462.8 425.13 59.403 48.758 3.478 1
513.2 509.23 1.4628 24.143 7.172 1
451.02 459.27 39.343 35.698 3.4298 1
127.85 1.4748 1.3713 15.258 3.6866 1
482.67 467.88 23.572 29.138 3.6607 1
422.88 465.38 30.004 30.064 3.7765 1
430.46 480.38 47.561 60.351 3.0722 1
466.14 455.39 33.563 42.891 4.9158 1
329.83 319.47 19.854 15.756 4.1896 1
1.5137 109.02 11.81 0.5742 3.6735 1
424.99 414.41 47.41 42.277 6.1354 1
534.24 491.61 88.499 250.7 7.8675 1
566.68 605.52 32.376 36.48 4.3859 1
510.47 495.37 26.333 25.411 8.9623 1
455.38 434.13 31.872 32.202 1.5025 1
496.48 462.63 67.221 58.877 2.7941 1
533.68 463.12 85.623 64.557 4.4678 1
483.64 488.99 21.5 0.93948 9.4119 1
585.16 559.19 37.963 33.701 3.4608 1
495.64 486.61 23.91 23.046 3.1311 1
624.11 639.2 51.405 50.646 2.7481 1
351.52 344.39 393.82 396.28 6.3158 1
476.66 466.66 36.302 35.104 2.6309 1
489.84 351.81 249.77 393.1 7.0715 1
435.99 421.36 32.209 37.085 3.9533 1
639.39 620.19 55.366 53.375 4.4111 1
548.67 534.17 21.991 4.0911 3.1481 1
639.07 620.33 39.285 33.006 2.78 1
401.49 443.99 45.832 58.332 3.5976 1
609.42 617.83 37.248 44.179 4.1992 1
622.76 639.32 30.749 35.999 2.7021 1
540.2 549.6 6.7662 18.75 2.4536 1
618.3 603.85 49.783 39.51 3.6221 1
206.58 349.85 147.96 225.29 4.4538 1
549.22 580.39 74.948 81.571 3.0414 1
579.03 546.75 84.546 77.309 2.4394 1
602.93 582.99 39.775 37.879 2.9045 1
576.45 569.86 1.1219 19.749 4.222 1
547.83 586.58 104.28 115.54 2.5954 1
597.72 546.78 122.16 107.35 2.4006 1
524.33 546.84 16.927 21.904 2.84 1
558.93 538.98 7.5907 3.5775 2.3044 1
476.25 479.82 57.562 39.019 7.8831 1
616.45 632.86 37.268 41.699 4.0431 1
549.1 560.48 1.8883 2.7575 2.4927 1
539.2 552.84 31.171 29.95 2.2671 1
550.4 540.36 33.315 33.875 1.6657 1
639.05 600.34 134.39 122.98 2.4591 1
639.13 621.55 24.101 20.787 3.4536 1
545.41 534.14 43.205 44.25 1.7065 1
611.67 639.06 122.72 130.59 1.9059 1
564.96 561.48 36.501 48.204 3.8193 1
