206.93 175.43 245.06 88.862 4.7553 1
137.87 574.12 478.98 478.98 1.2521 1
638.99 638.98 412.88 147.88 1.2601 1
177.73 449.06 88.75 134.5 5.217 1
468.85 464.91 223.11 239.32 3.676 1
481.99 468.98 139.18 222.85 4.7486 1
487.64 484.01 102.66 128.04 5.8352 1
483.7 481.14 128.7 138.68 6.3943 1
175.61 183.48 88.742 83.213 3.9741 1
492.24 488.11 73.847 101.84 4.5819 1
447.91 434.5 161.63 273.07 3.7131 1
450.78 448.14 134.04 159.28 3.7999 1
463.11 463.59 236.68 222.86 1.7419 1
351.6 491.49 56.834 73.939 5.5155 1
448.3 214.62 319.44 251.19 9.3674 1
432.78 430.34 298.83 310.1 5.8446 1
535.38 551.64 2.9327 1.8542 2.8254 1
474.15 464.7 132.91 138.8 3.8436 1
534.29 519.07 6.7484 4.4576 5.3164 1
553.84 591.85 7.9782 3.5002 8.8401 1
495.53 400.36 9.7949 1.7506 4.2115 1
466.67 457.77 180.43 187.75 2.725 1
517.89 444.17 5.0868 0.88376 3.5305 1
434.35 431.07 273.98 297.97 4.0536 1
450.93 464.58 153.68 132.37 2.4827 1
548.04 534.28 8.4851 7.3116 6.2274 1
468.91 454.07 196.35 207.81 4.0447 1
639.23 496.5 32.217 9.913 3.7812 1
180.38 209.42 97.873 241.56 2.1934 1
474.42 639.29 3.393 28.027 3.9496 1
462.32 434.17 242.61 301.65 3.7005 1
184.34 257.73 83.286 45.097 3.1913 1
460.82 452.51 143.16 156.39 2.1171 1
475.73 461.07 148.41 158.3 4.8938 1
591.61 548.01 10.116 13.389 4.2373 1
639.13 597.88 1.8086 1.8723 1.2964 1
430.72 439.95 229.16 142.83 2.9615 1
496.63 520.38 1.5673 1.7195 1.25 1
369.02 181.55 124.74 93.352 2.8454 1
465.66 478.12 238.07 239.59 4.4897 1
425.03 430.25 284.09 232.86 2.0527 1
440.2 439.25 162.86 176.63 1.8463 1
259.14 331.6 45.243 54.362 2.915 1
487.89 472.8 80.383 101.57 1.899 1
457.93 445.31 313.61 312.23 4.1349 1
