91.569 166.69 3.9964 7.7278 4.3572 1
136.62 572.87 479 478.98 1.2734 1
135.41 90.275 9.7045 7.1483 5.3212 1
254.36 199.09 19.584 13.137 4.6976 1
638.97 639 411.62 147.87 1.2726 1
294.13 272.96 11.645 19.346 4.0583 1
167.8 256.73 8.952 15.08 4.6884 1
260.38 276.61 15.575 14.934 2.4488 1
276.21 293.09 15.024 8.4385 3.8901 1
197.92 136.49 14.889 9.457 5.2689 1
299.35 293.21 1.7715 11.386 3.6258 1
222.46 178 325.14 168.38 6.1016 1
93.264 81.889 7.1388 1.1254 2.9843 1
392.18 437.7 155.59 37.808 4.7991 1
369.22 220.49 362.5 326.17 7.9744 1
511.61 550.35 1.8327 4.4354 3.7416 1
267.89 255.12 21.535 19.317 6.2098 1
292.74 262.77 0.99819 7.3856 3.1266 1
364.27 300.5 29.75 24.967 4.6438 1
300.29 267.88 26.213 22.798 3.9273 1
272.9 319.1 21.145 23.324 2.5561 1
177.06 274.54 169.29 53.223 5.7464 1
262.73 276.46 4.8702 1.0222 2.7447 1
570.43 550.37 13.21 13.967 4.2656 1
588.08 571.41 10.195 11.662 9.1546 1
436.52 365.28 36.541 30.249 4.2143 1
542.79 591.57 16.346 18.114 4.4081 1
376.58 372.33 336.4 360.5 10.282 1
549.39 537.58 13.488 8.578 3.0741 1
435.54 426.67 59.143 143.01 4.401 1
571.67 566.91 7.8246 3.7856 3.5239 1
529.01 502.82 6.396 3.3626 2.5745 1
439 435.36 40.108 58.879 3.4064 1
427.09 419.09 145.27 204.46 5.089 1
180.33 375.25 169.39 202.34 4.1669 1
419.04 379.71 201.6 337.32 4.9593 1
376.23 372.44 204.08 335.4 4.9029 1
592.55 586.52 3.7001 6.3902 5.0755 1
504.6 503.15 20.347 60.385 3.0419 1
497.63 500.27 59.108 20.453 3.3711 1
386.62 417.86 25.38 25.978 1.6089 1
417.87 396.62 28.221 28.173 1.2899 1
539.11 515.38 14.845 15.527 1.429 1
502.92 437.89 62.199 57.613 3.2852 1
389.13 369.36 27.862 24.111 2.3936 1
449.13 495.4 55.308 58.762 2.1769 1
347.89 364.16 24.333 23.457 1.5839 1
316.41 313.58 21.655 1.7023 3.3537 1
639.31 621.64 34.085 31.499 2.4736 1
