638.97 639.01 411.62 150.37 1.2814 1
137.87 574.12 479.02 478.97 1.2932 1
186.04 136.43 314.81 145.95 5.5219 1
481.02 465.96 108.81 196.51 5.3005 1
558.03 553.87 1.0733 18.77 5.082 1
466.49 458.45 193.27 241.51 4.9344 1
273.8 484.31 227.41 81.891 7.2596 1
484.4 481.42 89.393 106.37 6.5226 1
626.5 639.42 39.623 42.975 5.1987 1
495.07 491.88 1.57 19.171 6.9334 1
397.13 346.04 42.481 26.925 5.8706 1
294.54 185.85 400.77 314.78 6.3789 1
345.26 259.77 28.328 6.4882 5.3572 1
264.1 398.15 2.9742 36.784 6.4305 1
465.99 469.66 18.996 0.97096 8.8017 1
543.59 547.19 21.529 1.5025 5.2659 1
459.33 300.81 243.08 398.35 8.3175 1
137.19 357.66 147.92 42.54 7.5348 1
441.5 458.16 28.945 17.025 5.3799 1
636.8 614.14 49.554 47.653 7.7874 1
437.81 415.33 40.006 43.846 4.0869 1
464.94 450.22 20.508 26.234 4.0788 1
607.87 624.09 44.031 43.272 2.106 1
449.42 436.24 29.221 40.167 4.7928 1
524.11 541.02 2.889 22.317 3.0736 1
491.79 476.65 22.075 18.988 10.773 1
300.36 293.92 399.02 399.69 5.2327 1
406.58 438.06 40.058 35.39 5.5427 1
404.35 397.25 44.819 41.909 4.647 1
416.67 442.9 25.977 26.553 3.9136 1
552.92 624.25 26.203 34.307 4.8269 1
531.27 519.25 15.675 1.5188 2.7679 1
455.3 404.08 59.431 46.788 4.3005 1
460.28 447.83 33.584 31.932 2.9716 1
571.66 544.03 32.604 28.536 3.9989 1
610.64 639.35 24.698 36.059 3.5364 1
357.26 430.46 42.478 63.847 5.1941 1
414.3 459.21 45.867 56.264 3.4733 1
460.7 462.34 54.15 32.834 8.3423 1
594.48 606.62 32.502 44.132 2.7075 1
604.74 593.34 47.239 36.143 3.6311 1
615.11 605.31 30.865 25.487 2.793 1
466.47 486.64 26.89 28.984 2.3576 1
439.1 405.21 28.94 32.629 4.379 1
482.4 457.8 78.43 71.909 4.0463 1
195.33 272.31 181.71 225.41 3.7312 1
592.89 572.77 35.299 32.324 3.1609 1
402.6 416.71 30.894 25.601 3.3655 1
476.69 450.44 63.78 58.802 2.9859 1
612.88 603.76 49.122 46.778 3.3203 1
525.32 556.61 99.311 107.94 2.8667 1
567.69 524.42 114.82 103.03 2.7428 1
536.69 564.19 71.244 76.244 2.795 1
605.01 596.67 24.835 5.9067 2.5723 1
453.01 461.89 28.482 30.366 2.631 1
107.92 57.829 8.2224 15.033 3.2595 1
564.01 531.6 79.811 74.258 2.6752 1
135.02 109.13 1.4368 7.8814 3.0404 1
56.717 1.5286 14.815 22.15 3.2153 1
631.03 639.77 128.72 115.81 3.4048 1
620.34 598.09 129.24 123.33 2.0956 1
550.39 547.69 31.63 41.22 3.7944 1
634.16 606.71 17.595 14.599 3.5922 1
566.23 569.29 51.797 36.658 3.6757 1
