583.86 509.02 123.47 297.29 4.9116 1
638.98 638.98 414.13 147.88 1.2514 1
136.62 574.12 479 478.97 1.2783 1
509.24 497.86 296.36 297.74 4.7736 1
209.04 204.3 182.85 197.93 3.7141 1
203.3 196.41 98.091 111.51 4.5071 1
204.27 200.13 128.82 144.06 3.7225 1
192.14 204.43 109.45 89.786 5.0346 1
196.07 202.22 141.89 125.89 5.2949 1
200.48 209.51 197.91 172.57 5.3871 1
203.78 213.21 243.99 220.01 4.692 1
210.15 210.24 232.88 249.13 2.5657 1
204.77 201.61 205.65 198.57 3.9338 1
201.2 192.62 126.8 109.25 6.263 1
218.33 203.69 221.19 205.85 5.134 1
206.79 195.87 160.27 142.57 6.5587 1
199.15 489.18 54.215 48.054 5.8769 1
210.29 205.84 256.65 243.13 4.3716 1
208.02 217.46 203.84 214.65 4.0045 1
202.62 198.3 83.297 55.118 8.6491 1
202.83 213.27 147.87 158.75 3.7157 1
499.45 222.48 300.75 344.12 11.651 1
228.09 221.55 260.44 150.38 5.1141 1
369.05 581.67 137.99 123.61 5.9331 1
488.35 584.56 47.612 122.67 6.7181 1
215.92 208.3 165.95 159.85 4.2949 1
213.73 205.29 135.67 128.12 5.1967 1
200.7 200.34 92.862 84.075 2.8057 1
211.07 220.44 249.82 261.58 3.3143 1
210.53 209.02 204.23 188 2.4893 1
232.26 228.1 338.06 295.35 8.9512 1
221.83 211.27 269.11 256.93 4.2797 1
205.63 204.69 147.94 134.17 3.1722 1
207.46 206.69 175.33 161.55 4.2298 1
203 202.83 116.64 101.65 3.874 1
216.98 213.45 200.3 182.76 2.7027 1
208.06 205.4 91.95 83.25 3.9517 1
217.27 210.92 156.8 135.21 4.3031 1
216.16 209.04 124.64 100.77 6.5781 1
229.81 228.39 294.2 261.6 4.0714 1
224.11 367.98 147.58 138.32 4.1735 1
221.37 218.56 145.44 134.27 3.9415 1
517.93 571.59 269.15 144.11 1.824 1
504.87 496.51 307.61 323.47 6.3492 1
223.49 218.29 295.49 267.8 3.5325 1
190.93 203.78 246.69 241.27 5.7027 1
234.08 235.13 164.13 180.39 1.7286 1
