638.99 638.98 411.63 149.13 1.2532 1
212.91 180.36 336.36 179.86 4.7119 1
137.87 572.87 479.02 478.97 1.2859 1
386.39 367.71 181.6 340.5 4.7392 1
180.06 214.86 179.94 86.9 4.2831 1
155.96 179.42 25.765 17.447 5.0126 1
377.67 385.49 71.639 187.78 3.9096 1
184.89 162.66 16.68 29.654 4.5054 1
237.42 219.42 28.166 77.526 3.715 1
132.98 70.385 28.534 26.337 5.5447 1
30.356 142.91 22.618 24.799 4.8633 1
1.5378 30.342 19.734 21.085 4.4089 1
70.417 1.5601 28.511 23.829 5.3875 1
365.33 212.87 343.99 337.93 8.9327 1
170.05 147.1 9.5228 18.361 4.5712 1
151.4 177.92 11.963 5.5525 3.5253 1
412.85 402.77 6.4955 8.6015 6.8847 1
182.8 382.9 180.06 187.13 4.9995 1
372.87 239.08 33.166 29.535 5.5069 1
390.36 422.87 13.965 11.529 4.7057 1
404.15 379.01 10.002 8.027 3.6668 1
155.41 134.02 30.9 29.746 6.5104 1
209.06 155.41 34.325 32.08 3.7467 1
374.7 373.94 57.857 34.131 2.8163 1
166.61 195.38 29.577 30.252 1.7189 1
392.57 384.37 53.904 18.775 3.2868 1
185.31 200.42 187.89 260.37 1.8368 1
364.78 375.93 337.95 242.94 1.9703 1
376.68 379.6 239.13 209.17 1.4866 1
388.2 396.93 16.548 53.101 3.0859 1
234.21 221.6 33.032 33.777 2.4219 1
