638.98 638.99 411.62 149.12 1.2579 1
137.87 574.12 479.03 478.96 1.3037 1
242.45 209.8 330.72 173.47 7.116 1
374.12 239.16 395.4 330.31 7.4014 1
567.36 589.21 20.713 23.454 10.54 1
443.57 442.54 1.478 14.098 4.8818 1
587.9 549.12 30.596 30.892 7.5093 1
421.02 509.06 188.65 76.577 7.0168 1
602.22 606.9 34.626 17.377 5.5817 1
629.11 621.44 31.487 32.229 4.0937 1
606.75 610.61 17.334 9.8521 3.8687 1
616.48 627.72 26.569 27.898 3.7241 1
551.7 565.56 27.293 25.665 3.1408 1
417.05 421.24 13.445 0.67807 9.1318 1
193.15 217.93 1.1779 16.528 4.6075 1
302.93 358.25 26.325 37.208 4.5035 1
396.67 325.6 51.436 35.608 5.9508 1
219.08 302.53 14.436 27.566 4.982 1
209.95 357.98 175.57 61.757 8.6745 1
442.72 418.98 14.15 15.655 8.9697 1
212.58 385.25 176.24 235.73 4.4792 1
476.18 485.93 0.85763 11.097 2.0714 1
366.46 394.07 38.336 32.603 5.1497 1
506.71 478.43 88.15 224.97 7.1738 1
400.92 416.2 18.78 9.6552 4.5165 1
521.43 549.27 14.426 17.966 6.3577 1
505.19 410.54 73.887 56.976 5.4957 1
540.29 551.53 19.234 27.996 2.7402 1
548.47 533.96 29.52 19.358 3.2757 1
405.01 393.46 25.057 38.383 5.1017 1
554.32 542.99 14.907 10.104 2.3018 1
497.87 520.38 14.808 14.769 2.5371 1
545.27 567.96 8.2136 15.085 2.8985 1
216.39 189.85 21.969 3.6312 5.2922 1
394.03 374.16 38.528 41.839 4.5209 1
325.34 217.87 35.621 20.439 7.118 1
367.77 397.88 24.841 23 3.5142 1
420.33 401.59 56.801 51.745 7.8543 1
534.22 487.84 20.083 17.123 4.3528 1
376.66 414.29 43.875 49.207 2.8462 1
479.83 378.09 225.56 394.51 9.7877 1
602.97 545.43 107.3 97.565 2.8819 1
489.25 511.66 56.998 60.089 2.8614 1
415.51 416.6 47.882 27.806 6.3088 1
559.16 594.14 96.459 102.8 2.1215 1
393.97 362.65 25.964 33.13 4.3882 1
506.65 486.69 62.694 59.887 1.9721 1
636.94 628.98 9.2892 24.652 4.5202 1
412.9 404.12 28.888 27.968 3.8598 1
536.72 509.14 96.074 91.554 2.4466 1
597.18 609.92 102.65 62.73 4.1798 1
616.52 602.06 61.179 105.11 3.9672 1
461.58 476.76 4.3618 7.1066 2.0153 1
172.91 145.36 3.4342 5.0312 3.0021 1
510.33 534.2 88.103 92.455 1.4606 1
424.09 436.63 22.379 22.161 2.4996 1
384.21 383.37 284.13 295.41 1.6194 1
386.18 384.58 241.67 270.33 2.4961 1
