463.84 431.66 161.33 330.38 5.0865 1
638.98 638.98 412.88 147.88 1.2521 1
136.62 575.37 478.99 478.98 1.2652 1
431.51 306.54 331.36 386.43 5.0812 1
267.65 268.26 1.4693 10.349 3.7413 1
304.74 463.53 75.312 160.25 3.9727 1
305.11 461.76 200.56 160.92 4.8052 1
500.21 639.27 12.37 43.48 5.5402 1
270.33 390.4 9.4215 3.4215 3.435 1
197.75 180.21 243.03 91.5 4.5228 1
384.11 271.6 1.2103 6.0392 3.3393 1
640.29 497.82 56.703 22.851 10.827 1
134.83 136.65 1.0717 11.62 4.9272 1
573.64 566.61 1.1301 25.729 4.4663 1
184.63 304.88 94.79 199.51 4.3197 1
140.12 139.17 11.532 1.5029 2.8408 1
498 499.15 24.25 11.627 4.6396 1
260.29 259.8 12.879 1.5418 2.087 1
146.25 145.79 14.139 1.6098 1.6632 1
549.31 512.78 52.939 47.263 3.7651 1
562.55 569.21 25.285 1.3005 4.4138 1
99.616 98.126 9.2677 1.3428 2.7612 1
94.767 95.589 1.5724 11.607 3.1043 1
42.901 63.05 5.1724 7.7713 4.2385 1
299.73 300.21 300.38 205.37 1.7364 1
511.47 473.7 47.038 32.746 3.4752 1
181.55 304.27 91.051 75.272 4.0916 1
4.0957 12.989 5.5208 7.3085 2.9437 1
473.08 450.31 24.425 19.42 2.5624 1
147.87 148.64 1.6252 10.417 1.7863 1
295.21 201.89 379.59 251.43 6.5824 1
477.46 516.61 31.562 45.416 3.4804 1
545.33 552.97 47.24 47.805 2.6775 1
496.68 456.59 12.168 16.275 2.8388 1
639.56 550.09 77.481 53.967 3.8286 1
290.37 269.13 11.599 11.672 1.2586 1
455.4 471.68 17.746 21.399 2.3149 1
517.7 541.58 45.096 49.351 2.4116 1
302.66 294.92 387.44 376.96 7.7822 1
556.67 639.43 52.702 74.197 3.3005 1
392.65 307.89 205.8 229.2 2.5444 1
302.45 302.13 229.12 329.13 1.5681 1
446.93 455.58 234.18 189.16 2.0274 1
437.79 446.33 283.09 236.8 2.0346 1
374.13 357.88 231.57 231.47 1.9201 1
408.39 381.91 223.35 231.33 3.2157 1
503.28 501.64 1.4451 9.1291 2.5239 1
407.01 384.13 196.82 202.89 2.5887 1
304.09 304.16 382.87 364.13 2.5622 1
450.32 481.65 14.991 10.577 3.1902 1
302.61 302.33 204.12 221.64 1.5106 1
394.73 369.49 320.55 331.24 3.2397 1
303.99 304.34 362.87 336.61 2.3343 1
401.89 376.7 274.84 284.33 2.9467 1
305.78 369.21 226.86 209.43 2.8621 1
202.34 165.01 26.325 39.326 4.1117 1
375.37 354.13 284.16 284.04 1.2646 1
429.31 437.5 327.91 284.06 1.7546 1
457.87 412.96 169.11 180.71 2.3795 1
204.08 255.38 15.837 12.955 2.5801 1
482.83 499.06 11.328 8.6983 2.3023 1
365.38 340.38 7.875 7.875 1.25 1
259.09 206.6 14.922 18.717 2.3283 1
304.35 305.23 330.38 230.37 2.666 1
325.38 296.64 9.1358 10.631 1.8976 1
399.2 414.21 213.9 212.85 2.5814 1
400.29 419.12 186.73 185.29 5.1757 1
456.44 459.1 182.84 170.37 1.5641 1
117.83 67.806 45.762 39.696 3.1971 1
202.59 202.84 1.61 17.876 2.6938 1
390.35 407.94 265.06 263.72 2.8715 1
386.57 402.95 232.69 228.15 1.5822 1
408.84 402.28 265.16 273.67 3.2783 1
298.55 298.67 355.38 330.37 3.7253 1
415.96 407.89 214.72 222.89 2.6789 1
298.44 299.62 329.15 301.59 2.819 1
324.37 307.21 401.21 392.91 6.6429 1
429.23 427.54 343.86 359.09 5.7964 1
298.61 298.57 376.63 356.62 1.2841 1
360.29 373.93 198.94 192.46 4.5172 1
66.761 42.784 39.413 36.017 2.6506 1
420.26 404.08 197.51 202.73 1.685 1
39.493 35.461 28.053 8.1104 2.7116 1
304.86 304.73 222.88 202.87 1.3793 1
386.61 399.14 309.98 309.44 2.4976 1
152.89 141.53 45.413 48.822 2.7539 1
140.41 117.98 48.886 45.843 4.7866 1
134.79 139.31 20.244 43.086 3.18 1
367.84 351.58 329.91 330.99 2.8248 1
301.68 301.17 335.38 377.88 1.5671 1
300.08 280.15 199.45 181.88 1.3188 1
