638.99 638.98 411.63 147.88 1.2601 1
139.12 574.12 479.02 478.97 1.2893 1
410.67 388.23 181.67 336.86 5.2642 1
235.46 208.67 342.64 188.77 5.3719 1
381.88 372.91 10.109 1.5881 3.6246 1
639.33 625.14 42.204 47.203 3.5369 1
385.45 234.11 340.05 344.99 7.9852 1
596.68 580.17 14.366 18.28 3.3604 1
1.6181 120.38 39.767 38.427 5.4649 1
155.3 166.75 10.268 1.7963 3.5389 1
208.56 226.78 190.07 82.901 4.8803 1
626.85 639.65 42.331 38.282 4.0135 1
135.73 154.22 38.691 30.601 3.6503 1
92.87 25.324 41.501 43.966 4.5224 1
376.49 409.9 61.323 185.16 4.2718 1
580.55 605.53 14.019 10.117 2.8559 1
124.08 140.3 38.84 36.182 2.8923 1
156.72 154.95 24.285 11.511 2.9896 1
159.18 139.6 31.729 41.34 3.9985 1
384.09 371.63 12.728 15.415 4.0971 1
352.88 236.62 39.076 39.617 5.2678 1
211.61 407.88 189.3 185.8 4.5971 1
397.16 383.84 6.8168 11.742 10.246 1
121.77 94.058 44.536 42.561 4.8069 1
234.99 228.68 41.566 82.808 3.3294 1
357.92 396.67 18.629 16.129 4.0241 1
143.46 123.4 22.579 31.192 4.2635 1
324.14 292.84 2.1236 3.1055 4.1401 1
618.01 597.95 18.571 13.801 5.0944 1
371.73 352.65 15.758 13.459 3.4682 1
176.71 191.68 13.346 10.667 2.3698 1
604.49 625.63 10.202 15.614 5.0964 1
24.176 1.5529 44.247 43.232 4.4909 1
129.07 153.9 23.888 18.158 3.3729 1
135.26 120.33 43.813 41.957 6.9737 1
194.12 172.88 5.7975 5.8268 8.7603 1
364.07 354.11 3.7315 3.0738 2.4946 1
162.84 135.34 46.093 44.889 3.6371 1
624.16 614.11 29.09 17.886 4.365 1
141.63 172.88 42.428 42.769 1.4408 1
230.46 195.43 41.282 44.701 2.761 1
362.56 376.61 18.782 57.089 2.9722 1
365.29 359.58 37.906 22.705 3.08 1
578.18 577.78 12.864 1.5844 2.7178 1
211.61 235.41 40.275 36.887 2.3034 1
624.09 622.94 45.289 29.032 3.7406 1
185.36 155.36 44.992 46.188 1.3486 1
230.78 211.66 11.566 17.987 2.3604 1
621.65 631.9 14.796 28.929 6.8826 1
562.79 532.95 16.176 22.006 2.0024 1
399.13 426.63 17.875 17.875 1.25 1
491.63 469.13 25.375 25.375 1.25 1
441.63 426.62 22.487 22.482 2.5032 1
