638.97 639 411.62 147.87 1.28 1
139.12 574.12 479.02 478.97 1.2892 1
94.125 111.63 1.625 1.625 1.25 1
116.7 181.67 0.69515 6.1389 4.1475 1
181.9 213.01 7.2221 2.5385 3.9609 1
156.69 76.627 6.4458 2.8223 4.5993 1
218.81 197.25 2.0756 10.694 3.947 1
354.05 201.69 338.48 318.61 8.1916 1
252.39 231.43 13.323 49.009 3.9347 1
203.42 165.01 316.8 160.79 7.0581 1
211.64 161.4 15.254 8.1946 6.5371 1
369.46 356.51 183.94 335.47 8.9748 1
163.75 189.4 161.65 118.79 6.858 1
389.06 252.77 24.957 14.235 5.6839 1
167.79 367.66 161.23 182.36 4.6494 1
377.4 370.13 134.06 184.63 8.4749 1
189.5 222.76 118.62 61.557 4.5913 1
247.81 211.69 17.749 15.558 3.0253 1
462.88 436.58 1.7528 2.518 2.6444 1
375.94 389.9 115.46 25.302 4.0883 1
79.254 57.868 2.8655 1.7684 3.681 1
429.11 462.9 7.449 6.048 3.7986 1
201.63 237.89 11.496 13.969 3.0608 1
425.56 421.88 46.607 7.8504 3.6151 1
426.55 430.32 9.1329 46.631 3.0984 1
382.26 377.9 101.54 133.96 4.7889 1
386.84 382.07 66.655 100.44 2.301 1
406.64 392.87 48.673 48.094 1.6682 1
