638.98 638.99 411.62 149.12 1.2555 1
139.12 572.87 479 478.98 1.2737 1
402.55 383.03 185.17 338.05 5.1955 1
229.29 198.89 342.59 190.17 5.6543 1
198.43 222.9 190.78 82.88 4.5 1
386.97 377.81 9.9993 1.6931 5.4683 1
638.69 635.08 11.344 0.86454 3.9527 1
162.04 160.47 27.84 9.1172 3.4224 1
380.42 229.05 341.24 344.66 8.9453 1
371.78 402.2 50.342 188.72 5.0307 1
1.6286 125.37 38.444 37.658 5.746 1
233.61 225.93 39.277 76.482 3.3807 1
398.77 383.95 9.1612 13.545 10.03 1
131.62 1.6213 42.455 42.818 5.3632 1
376.8 368.33 1.9799 6.2747 3.9405 1
140 161.11 38.348 28.141 4.9345 1
129.18 140.46 37.33 36.517 3.92 1
201.62 399.14 190.14 188.31 5.4389 1
199.12 177.87 5.4978 5.5701 7.5467 1
357.87 234.13 40.124 40.312 6.3184 1
166.6 131.47 46.888 42.992 5.383 1
161.67 171.26 9.1934 2.3654 4.2117 1
330.32 316.54 2.6883 3.2378 4.1954 1
128.86 150.19 25.844 18.569 3.6323 1
164.39 151.24 30.081 39.13 5.0836 1
383.01 377.4 13.346 14.945 3.6066 1
377.16 364.55 58.939 22.726 3.2875 1
368.85 381.01 22.973 56.847 2.803 1
380.26 404.11 20.711 17.744 4.03 1
152.79 132.47 22.606 29.111 3.6658 1
396.5 398.2 207.86 191.66 1.25 1
