203.22 161.44 294.99 123.86 4.8176 1
136.62 574.12 478.99 478.98 1.2664 1
638.99 638.99 412.87 149.12 1.2526 1
506.63 473.85 120.14 296.57 5.1151 1
498.87 506.81 103.63 119.67 4.5281 1
162.88 501.63 123.28 119.78 5.0287 1
485.86 499.73 79.351 98.343 5.5898 1
204.12 474.16 58.607 53.472 4.7277 1
160.66 204.19 123.49 57.49 4.1224 1
474.05 486.36 53.526 78.644 4.0949 1
492.85 212.87 301.08 299.74 9.6241 1
529.13 460.36 3.9754 2.2084 3.3019 1
614.2 530.4 6.3062 2.3407 4.175 1
566.63 579.13 1.625 1.625 1.25 1
635.57 613.18 14.81 6.9969 3.8971 1
595.37 625.54 1.6548 6.9545 3.344 1
582.88 594.17 1.4771 2.238 1.4995 1
625.33 639.29 6.7173 13.803 3.3946 1
639.45 630.63 43.739 36.319 3.674 1
630.62 636.5 32.993 20.921 2.8829 1
166.36 205.66 130.44 291.56 2.0438 1
486.63 526.63 1.625 1.625 1.25 1
470.38 441.63 56.625 56.625 1.25 1
490.14 493.56 156.59 135.49 1.8683 1
491.46 496.99 185.34 155.44 1.548 1
484.52 487.48 189.18 169.07 1.7829 1
392.88 340.38 58.107 59.32 1.7694 1
