638.98 638.98 412.87 147.87 1.2515 1
260.61 268.01 300.43 102.97 6.4328 1
137.87 575.37 479.01 478.97 1.288 1
412.7 260.28 368.25 299.34 7.3741 1
424.97 414.71 339.42 368.45 7.8325 1
479.96 423.89 167.33 338.64 4.8605 1
266.64 404.53 102.9 14.765 4.7257 1
269.83 477.37 103.27 171.91 5.6604 1
380.38 354.11 164.1 157.93 3.2914 1
405.31 547.6 14.363 50.23 4.0252 1
259.76 262.41 327.94 303.09 11.983 1
357.88 374.61 162.87 167.3 3.5538 1
371.62 350.51 196.65 191.13 3.2548 1
547.76 487.21 51.124 216.05 6.0596 1
400.38 384.1 200.36 199.62 2.554 1
407.85 391.62 168.59 168.04 2.5833 1
267.5 266.26 194.08 244.12 2.3747 1
351.71 369.16 195.08 200.26 2.883 1
265.64 264.13 247.84 294.13 2.0109 1
360.24 339.05 255.82 249.37 2.7555 1
485.9 428.38 219.44 340.62 4.1902 1
270.08 268.44 137.87 189.14 1.7417 1
386.62 371.62 258.45 258.2 2.5843 1
472.98 376.69 180.06 147.68 2.5215 1
525.75 481.58 89.339 167.31 3.2259 1
271.31 270.45 106.66 127.88 2.1011 1
463.01 322.81 202.47 154.31 2.6434 1
353.97 334.02 305.85 299.44 2.4234 1
389.1 399.14 203.21 203.85 1.7272 1
334.92 325.51 147.51 142.61 2.2159 1
603.34 561.68 23.224 1.5109 3.9501 1
331.8 320.45 181.39 172.77 3.0255 1
394.13 406.72 170.37 172.25 1.9207 1
636.63 604.12 22.977 23.896 3.8191 1
259.59 259.98 337.99 327.96 8.938 1
364.27 393.17 146.24 157.09 2.3404 1
409.84 407.23 373.31 385.23 7.5939 1
319.03 271.64 153.16 136.58 2.3598 1
275.1 297.84 133.64 141.73 2.0952 1
300.45 321.57 142.67 150.52 1.607 1
327.87 349.17 139.16 141.08 2.0285 1
