638.98 638.98 414.12 147.87 1.2515 1
137.87 574.12 479 478.98 1.2649 1
224.4 198.72 253.03 86.495 5.0341 1
332.29 602.39 36.803 147.81 4.9284 1
230.79 221.26 260.11 252.05 3.7401 1
52.809 62.847 38.246 37.497 6.2327 1
424.87 230.36 434.69 261.64 9.4619 1
602.56 530.84 148.51 332.57 5.643 1
70.87 52.863 38.091 49.662 10.288 1
530.68 425.99 331.94 433.43 7.7764 1
197.08 332.2 80.535 37.035 6.5525 1
200.06 468.53 82.154 243.86 4.0371 1
87.388 93.647 1.3906 21.772 3.9517 1
91.48 83.848 26.669 1.332 2.9847 1
102.89 94.167 29.432 29.902 5.1945 1
75.413 69.067 25.746 25.471 5.1036 1
63.741 56.805 22.997 1.1706 3.8416 1
193.91 131.93 80.778 47.318 4.0204 1
148.47 197.81 51.59 77.992 3.9257 1
471.28 427.04 244.04 428.27 6.4222 1
133.91 145.09 43.243 49.631 3.2553 1
1.4 30.48 44.027 46.751 5.6777 1
31.614 55.394 32.749 30.587 3.2819 1
233.3 226.77 277.72 260.32 4.0961 1
44.136 1.6255 52.682 50.366 4.672 1
98.849 96.124 11.698 1.4262 3.0573 1
32.922 47.088 48.089 45.001 4.0865 1
208.9 211.16 125.41 140.45 2.2869 1
154.17 192.78 95.516 82.577 2.7807 1
211.36 228.24 141.48 254.26 2.9097 1
203.14 209.12 90.329 125.16 2.9611 1
250.1 205.33 117.06 89.192 1.8412 1
196.34 169.08 85.793 95.248 3.1813 1
291.78 274.03 14.513 21.386 2.4464 1
310.56 292.69 3.1875 13.817 1.496 1
151.56 134.16 101.45 107.96 2.3416 1
