638.99 638.98 411.63 149.13 1.2534 1
139.12 572.87 479.04 478.96 1.3081 1
481.78 456.74 120.4 255.16 4.5794 1
486.37 481.55 97.585 122.62 4.2468 1
185.19 140.9 330.09 161.16 4.6824 1
458.87 299.69 256.38 414.7 8.304 1
493.1 488.03 1.1191 36.467 6.7022 1
462.02 469.8 36.436 1.2223 8.1327 1
278.28 486.91 243.46 97.566 7.6793 1
551.11 547.27 22.504 40.774 4.1204 1
557.57 552.05 1.2141 22.069 3.8742 1
294.58 185.35 417 329.16 7.1489 1
537.72 540.97 40.339 26.188 5.1529 1
142.15 359.99 161.63 58.448 7.7861 1
507.98 505.59 5.6688 16.671 6.0533 1
437.08 448.19 47.065 35.678 2.8155 1
446.65 432.99 44.058 56.753 4.3198 1
608.16 626.89 61.763 57.935 6.8743 1
540.67 545.52 26.918 1.4147 3.9729 1
626.76 639.53 57.067 59.191 11.713 1
590.67 596.88 19.229 1.7143 2.6991 1
356.8 298.98 47.182 32.17 5.5955 1
394.58 357.58 59.066 46.214 4.6238 1
314.33 372.24 30.745 43.944 5.5382 1
258.49 314.37 15.423 29.386 6.0642 1
448.43 461.43 36.019 31.116 3.7968 1
298.95 258.95 31.172 22.436 4.3936 1
403.84 434.27 54.782 50.094 5.132 1
599.05 592.13 8.4736 22.509 2.8412 1
432.06 406.32 56.489 61.189 4.5767 1
488.09 468.85 38.007 34.301 9.3014 1
406.14 393.82 62.138 57.417 6.6334 1
639.48 619.2 68.787 67.031 7.9627 1
538.82 530.25 1.2914 9.1054 4.6196 1
457.47 460.38 59.047 44.126 6.1035 1
258.8 245.4 20.748 6.599 3.1085 1
247.34 258.9 1.0142 14.491 4.2052 1
458.42 451.67 38.308 40.508 3.593 1
372.19 395.15 45.017 52.324 5.4687 1
146.28 160.42 168.89 222.86 2.0159 1
244.49 236.27 6.8895 3.818 3.0753 1
359.59 420.05 59.207 77.688 6.6762 1
639.55 631.28 134.36 148.93 3.114 1
194.17 276.97 192.8 241.03 3.8806 1
235.54 211.65 3.5577 1.4019 3.5102 1
431.59 402.84 46.227 48.763 3.6624 1
549.19 583.07 42.309 46.077 4.4178 1
112.98 30.314 19.993 29.865 3.4092 1
452.88 406.43 76.592 64.884 3.0453 1
625.45 639.44 145.42 124.33 3.476 1
403.94 425.37 43.176 39.091 2.8044 1
29.253 1.549 30.207 33.483 2.923 1
583.61 605.14 47.057 53.647 5.1469 1
76.55 111.59 18.563 13.872 2.312 1
182.61 114.03 2.9562 18.729 3.118 1
562.96 549.12 51 49.126 2.4774 1
419.37 450.67 61.826 69.126 2.6371 1
455.4 444.15 50.129 48.906 2.4854 1
482.35 454.8 95.808 87.203 6.1886 1
112.7 158.89 13.414 1.9429 2.7603 1
24.229 75.456 23.897 18.665 2.5876 1
473.77 477.06 146.56 127.95 1.3752 1
204.15 182.91 1.9566 3.4184 1.0965 1
1.5556 21.686 27.38 24.557 2.3021 1
512.87 520.38 7.1335 7.135 3.751 1
561.65 564.45 70.587 53.763 3.9045 1
