535.32 508.78 148.77 247.21 4.4723 1
543.26 536.69 119.77 142.89 4.8244 1
136.62 575.37 478.99 478.98 1.2552 1
638.98 638.98 412.87 147.87 1.251 1
169.19 450.53 89.649 54.121 4.9395 1
612.71 639.28 82.64 86.931 4.2621 1
543.02 577.84 47.557 62.958 3.6935 1
508.86 496.33 247.47 294.05 5.6597 1
451.03 542.15 53.709 118.89 4.7386 1
226.08 168.76 362.46 89.925 6.3453 1
501.95 222.67 296.65 367.06 9.8508 1
577.95 602.4 63.997 78.671 3.8569 1
489.04 527.13 20.569 36.669 3.858 1
519.13 486.13 36.624 22.811 3.8347 1
584.65 526.8 70.487 43.738 4.7942 1
525.59 543.32 36.975 48.443 3.457 1
190.51 540.32 178.68 120.04 4.7755 1
585.83 577.38 74.797 68.16 2.8791 1
639.34 617.81 90.426 88.574 5.1549 1
482.81 480.4 18.144 6.3643 3.1716 1
616.65 639.32 91.574 102.47 3.4235 1
639.44 604.84 107.33 87.552 4.8026 1
639.13 612.76 75.456 77.821 3.1769 1
614.14 639.19 74.283 72.442 3.5928 1
526.93 514.77 42.332 35.484 4.9703 1
107.88 1.6115 1.7174 2.8146 2.9774 1
593.47 586.23 81.103 74.559 3.333 1
605.31 594.19 87.994 81.507 2.4271 1
511.59 524.59 225.37 176.75 1.6765 1
533.87 538.1 141.56 125.43 0.90092 1
