638.99 638.97 412.88 147.88 1.2666 1
136.62 575.37 479 478.97 1.2785 1
602.3 525.36 107.04 274.79 4.8169 1
526.63 289.84 276.63 352.6 11.387 1
231.08 228.37 242.86 89.116 4.6067 1
228.11 228.12 92.876 64.125 2.5093 1
243.94 244.5 117.87 101.64 2.7586 1
244.2 244.69 144.18 132.9 2.6065 1
303.02 600.72 157.51 107.45 6.2407 1
245.2 243.79 212.95 186.64 3.5433 1
247.12 246.8 190.33 205.38 2.4725 1
246.47 248.86 139.15 152.92 2.6772 1
243.26 244.32 254.08 234.14 3.4779 1
286.94 230.22 350.21 241.76 5.3163 1
230.23 489.32 62.439 40.126 6.7152 1
246.53 246.85 237.88 252.87 2.6057 1
248.26 243.91 158.53 144.58 4.1043 1
488.92 602.41 40.737 106.18 5.8476 1
247.58 255.63 187.25 191.1 3.3344 1
247.41 255.69 132.4 137.35 2.7872 1
313.18 300.48 164.15 300.38 3.0784 1
255.46 243.83 133.8 119.1 4.4473 1
299.45 310.52 285.41 164.14 2.623 1
293.35 302.79 272.81 157.87 3.635 1
264.31 249.04 116.28 108.03 4.3107 1
522.91 550.43 272.89 212.9 2.032 1
262.25 249.09 146.96 137.92 3.2358 1
217.63 231.14 257.45 249.55 8.4467 1
262.08 246.27 227.44 212.02 4.5883 1
247.54 256.36 253.11 265.56 2.5901 1
251.86 266.56 212.58 224.21 3.3506 1
264.92 248.07 171 158.85 4.3853 1
300.38 296.15 301.63 344.08 1.8627 1
248.73 264.35 152.16 166.5 4.076 1
252.6 244.71 266.8 254.55 2.4041 1
249.34 260.74 118.73 132.58 3.0658 1
274.81 282.14 120.61 138.18 3.0793 1
521.26 521.79 284.03 296.62 5.1535 1
232.65 233.35 164.13 199.14 1.3244 1
292.97 280.17 354.21 355.17 6.3261 1
263.94 274.89 109.28 122.22 3.0086 1
299.23 282.66 189.05 166.78 2.2622 1
555.07 570.36 202.74 169.12 1.4533 1
571.51 580.59 166.57 146.72 1.25 1
275.17 263.6 133.02 116.63 4.3269 1
300.8 282.45 165.04 141.97 2.0004 1
288.02 300.76 144.01 160.07 1.25 1
239.49 232.96 108.88 99.067 2.4259 1
249.14 235.42 230.37 205.35 1.9437 1
238.55 245.53 204.97 216.53 1.9386 1
241.14 232.63 78.239 66.809 2.7744 1
292.26 293.53 291.67 275.33 1.6237 1
