638.97 639.01 411.62 149.12 1.2798 1
137.87 574.12 479.01 478.98 1.2787 1
329.98 443.16 8.2153 139.96 5.7715 1
1.4845 21.627 56.82 54.138 3.3061 1
422.82 283.96 292.71 334.84 9.1808 1
442.37 422.13 139.22 292.61 7.2719 1
24.37 39.176 52.705 49.351 3.543 1
44.134 12.655 55.435 60.16 6.8602 1
282.06 275.92 332.78 304.55 7.8602 1
37.882 54.034 49.96 40.224 4.5174 1
255.78 403.09 184.59 150.04 5.1099 1
277.9 257.38 303.91 184.81 5.7823 1
260.44 195.64 19.512 30.681 4.1604 1
87.875 65.375 6.7682 6.8205 11.267 1
13.103 1.4925 60.365 61.428 4.9792 1
56.436 42.354 43.196 52.704 4.454 1
141.72 87.993 37.036 49.63 3.0805 1
19.217 26.05 39.259 34.542 3.0861 1
26.529 45.465 33.866 26.867 2.9059 1
97.987 131.53 44.576 36.238 2.7209 1
196.19 223.65 32.048 100.56 5.3263 1
228.89 202.37 178.21 61.456 4.7102 1
66.654 44.027 54.368 57.047 3.2176 1
272.45 231.25 305.09 185.5 3.8841 1
35.637 18.969 33.262 44.548 4.4419 1
230.85 228.79 187.51 177.68 4.6951 1
121.81 103.18 9.57 17.345 2.2156 1
75.25 61.61 18.728 16.726 2.292 1
50.406 36.161 29.219 33.991 2.7617 1
103.98 122.84 13.797 5.2964 1.9907 1
37.946 65.362 54.729 51.511 1.97 1
282.61 273.12 13.089 1.4293 2.7983 1
278.1 287.48 1.4238 11.976 1.9725 1
405.44 437.79 149.38 141.28 1.8285 1
