638.97 639.01 411.62 150.37 1.2818 1
136.62 574.12 479.01 478.97 1.2815 1
399.73 381.85 161.41 315.4 5.2225 1
87.737 105.66 36.355 27.187 4.579 1
232 202.75 335.06 186.4 5.9882 1
202 201.52 186.64 94.126 4.9999 1
109.36 89.803 28.224 41.383 3.8476 1
311.66 204.23 23.394 30.625 5.3365 1
364.46 399.17 82.022 162.31 6.1416 1
379.57 231.16 318.5 339.59 10.579 1
90.555 70.643 20.724 30.965 4.0652 1
141.69 124.04 2.0627 4.8682 2.8614 1
310.35 324.07 2.0503 2.6969 4.0989 1
322.74 340.32 2.7833 1.0361 2.4877 1
125.3 144.03 8.8575 3.7727 2.2928 1
202.2 202.54 34.111 76.628 5.2261 1
76.254 101.36 23.02 14.581 3.2165 1
1.5299 86.695 40.808 36.888 5.3238 1
205.14 395.55 183.14 163.34 6.6044 1
111.63 1.5446 43.176 46.156 6.8547 1
182.9 161.56 2.9364 11.472 2.3221 1
166.55 182.93 33.754 30.647 2.2231 1
189.2 160.27 33.287 38.571 2.6839 1
318.83 325.74 6.7752 20.188 2.2558 1
399.12 366.61 2.6022 3.4004 3.0208 1
430.37 410.37 3.7122 3.8513 1.3456 1
386.75 388.27 244.14 226.66 1.25 1
