469.43 450.29 107.76 270.22 5.1154 1
638.99 638.98 411.63 146.63 1.2569 1
135.37 575.37 478.99 478.98 1.2536 1
211.43 182.81 225.16 81.39 4.4213 1
76.586 72.727 14.137 1.2938 3.3555 1
71.116 74.595 10.059 18.208 3.5372 1
76.439 79.661 1.333 13.071 2.8599 1
27.471 46.55 18.828 29.262 3.6843 1
350.99 469.27 158.92 107.32 6.422 1
67.835 71.414 1.1221 9.7324 6.5361 1
450.66 356.48 267.64 331.41 7.1986 1
82.793 79.576 15.394 1.5204 2.347 1
186.23 349.67 83.733 159.19 6.3755 1
23.641 28.325 5.1077 18.532 3.7064 1
32.092 27.182 18.106 1.4607 3.6748 1
579.32 582.56 8.1944 18.842 4.4208 1
32.391 37.408 7.5487 19.324 3.7698 1
6.8463 0.94845 18.47 8.2661 4.16 1
2.956 12.06 5.3204 18.832 3.1545 1
23.301 20.7 19.505 5.3154 4.4675 1
583 639.34 17.162 20.657 10.6 1
184.27 291.34 82.154 53.067 4.6442 1
493.04 461.59 9.6139 7.0865 4.4833 1
44.14 32.896 3.4919 3.761 4.9388 1
363.03 217 341.84 233.19 9.8383 1
569.03 579.19 7.1202 6.6133 8.9259 1
566.58 546.59 3.8239 3.3839 7.5807 1
460.49 417.86 8.387 1.7395 3.8515 1
603.94 514.37 28.925 12.758 4.423 1
639.22 604.09 33.232 29.488 3.8614 1
639.21 589.06 26.996 22.327 2.5192 1
515.24 494.02 13.936 11.237 2.9317 1
291.17 464 53.107 105.79 4.6399 1
458.26 463.47 176.67 134.2 2.0499 1
348.07 344.07 325.37 164.1 2.9118 1
625.42 591.57 6.7463 5.5394 4.1931 1
452.07 457.91 229.18 179.13 2.2993 1
430.38 472.86 1.5998 5.5845 2.9561 1
210.37 213.69 240.37 230.65 3.9802 1
508.11 575.48 8.9362 19.714 3.1591 1
487.67 507.76 6.669 9.8299 2.5389 1
137.61 107.74 23.555 37.587 4.1839 1
350.38 350.38 291.63 325.38 1.25 1
419.02 433.01 162.24 159.96 2.8698 1
347.91 349.27 204.12 274.12 2.4026 1
639.15 625.3 7.4962 6.5739 2.7436 1
449.81 449.25 279.22 297.8 5.5566 1
135.02 136.29 1.5116 11.51 2.7935 1
195 197.88 126.69 142.87 1.6685 1
61.635 1.6128 53.339 52.553 3.0568 1
385.39 363.99 341.49 338.99 5.7721 1
420.48 436.84 138.24 133.63 3.2709 1
606.6 636.58 26.897 29.603 1.5913 1
73.294 79.805 25.238 45.153 4.3412 1
151.66 190.3 9.345 2.4369 2.461 1
88.017 70.172 51.533 53.719 4.507 1
415.44 425.48 251.18 250.31 2.5985 1
68.979 73.04 17.962 24.772 2.9941 1
450.17 451.84 245.35 232.9 1.5716 1
352.28 352.08 164.13 181.63 1.4213 1
186.52 167.96 6.0711 9.5748 1.9929 1
101.3 87.457 43.518 50.833 3.4408 1
