531.5 525.42 66.316 93.445 5.1314 1
525.21 494.69 95.082 242.73 5.0046 1
137.87 575.37 478.99 478.98 1.2628 1
638.99 638.98 412.88 146.63 1.2579 1
226.26 529.52 171.83 66.515 5.0288 1
541.53 573.03 35.978 31.463 3.8936 1
584.1 605.03 21.528 15.451 3.6014 1
604.16 585.25 19.249 24.974 3.5891 1
576.68 552.57 33.101 39.162 3.6502 1
496.71 532.2 52.643 65.934 3.946 1
153.53 417.03 89.052 18.123 5.3322 1
192.24 153.54 233.05 89.858 4.7287 1
495.15 261.26 246.17 363.39 9.0892 1
263 258.05 362.43 346.97 8.2862 1
448.79 497.13 7.7294 22.468 3.616 1
493.24 436.82 24.147 7.2109 4.3082 1
527.8 540.4 33.376 35.221 2.8358 1
555.46 534.14 38.013 39.321 3.743 1
201.06 192.21 264.64 233.42 4.2562 1
574.58 585.82 27.459 21.383 3.9823 1
259.95 223.97 345.72 169.41 4.2745 1
625.58 604.05 17.451 19.598 4.3555 1
223.4 155.62 169.93 91.415 4.4722 1
541.58 554.15 22.827 22.347 2.6411 1
508.31 493.76 31.973 24.875 2.8503 1
436.84 422.15 6.0668 0.29051 4.6534 1
434.5 448.17 0.82209 7.2488 3.2589 1
583.11 574.25 28.476 31.947 4.6553 1
605.75 615.61 14.382 0.063773 10.751 1
572.88 534.12 26.625 26.649 3.7469 1
255.45 201.29 348.27 263.89 5.1329 1
555.29 576.54 22.359 24.863 3.4315 1
417.25 479.14 18.035 45.347 4.7785 1
497.47 520.15 23.978 32.252 3.2225 1
639.42 620.69 20.723 18.113 7.4283 1
534.05 540.81 25.126 23.038 2.846 1
570.04 515.45 57.541 37.657 4.5045 1
534.06 602.74 41.841 63.305 3.7285 1
612.86 570.55 69.181 57.242 4.2586 1
606.6 635.39 26.944 28.865 2.4945 1
61.422 1.3575 0.35298 9.9512 4.3903 1
596.54 582.88 33.275 30.331 3.6658 1
16.626 1.5231 1.6333 2.765 2.7732 1
586.64 600.41 27.776 30.164 3.2676 1
639.14 609.09 31.284 30.125 2.4018 1
1.6205 36.492 6.5976 0.82182 3.0868 1
520.36 509.07 34.202 31.887 2.4547 1
594.32 598.44 58.725 35.039 9.0489 1
501.66 521.39 192.88 97.825 2.0094 1
159.44 168 99.042 131.59 2.2244 1
634.05 614.04 70.996 68.551 2.6332 1
495.37 500.83 224.12 197.97 1.6815 1
511.54 485.32 76.37 85.217 1.2581 1
