135.37 574.12 478.99 478.98 1.2546 1
638.98 638.98 412.87 146.62 1.2529 1
204.08 162.92 348.85 166.33 4.9585 1
529.99 490.77 164.94 312.98 4.5447 1
537.78 530.08 136.25 163.84 6.2169 1
162.72 175.29 166.42 81.798 4.8962 1
175.46 465.52 81.829 63.92 5.0056 1
496.67 207.02 316.97 353.5 9.9463 1
465.57 537.1 63.929 134.91 4.808 1
500.39 370.37 3.551 2.6386 3.6622 1
598.51 640.2 64.157 85.797 4.8452 1
571.92 597.85 44.973 64.164 3.9408 1
639.89 618.96 91.698 78.135 5.6145 1
618.99 589.64 79.386 64.37 4.7888 1
546.18 572.11 33.744 46.91 4.03 1
577.02 556.5 53.322 43.129 3.9146 1
557.26 541.45 44.359 34.398 3.9977 1
165.35 534.18 166.38 136.02 4.4296 1
540.38 521.78 15.37 7.5014 4.4713 1
542.47 542.04 34.172 19.078 4.0682 1
524.12 546.98 4.1253 15.937 3.8681 1
400.38 435.38 1.625 1.625 1.25 1
521.46 501.57 7.6364 4.4439 3.55 1
504.14 524.41 1.5247 4.9805 3.668 1
589.73 576.62 63.726 53.744 5.2553 1
172.94 198.13 195.36 307.82 1.7952 1
513.7 526.78 214.01 165.42 1.906 1
166.64 172.17 167.87 192.75 1.6257 1
325.38 305.38 76.625 76.625 1.25 1
261.63 244.13 80.375 80.375 1.25 1
44.125 26.625 1.625 1.625 1.25 1
356.6 331.63 73.732 75.474 1.4209 1
296.6 271.62 77.496 79.117 1.4092 1
