469.04 452.92 81.371 245.26 6.2613 1
136.63 574.13 478.98 478.98 1.25 1
638.98 638.98 412.88 147.88 1.2545 1
209.83 176.57 212.71 67.602 4.8214 1
357.27 468.69 135.38 80.784 4.6368 1
453.12 363.95 244.45 311.39 5.0257 1
179.19 356.85 67.717 136.04 5.8313 1
43.646 51.511 3.5293 9.2809 4.6756 1
7.0671 19.321 14.152 18.583 4.4762 1
373.91 215.42 322.63 219.63 8.2206 1
176.89 281.99 66.244 34.059 3.9517 1
426.81 410.36 149.55 156.59 2.9559 1
399.22 358.05 141.81 163.21 2.1309 1
430.14 409.28 196.17 206.92 2.9335 1
639.17 556.61 8.6044 1.8436 4.6341 1
111.41 94.308 13.682 22.001 3.4332 1
282.56 465.14 34.115 80.044 4.6907 1
360.3 406.55 158.98 135.23 2.3445 1
421.56 436.8 138.87 134.76 3.0652 1
419.07 433.11 187.67 183.7 2.9275 1
354.04 353.49 252.9 226.61 2.3953 1
417.69 437.92 114.7 109.29 3.9457 1
380.67 368.89 319.13 316.37 3.9365 1
412.66 428.07 230.44 227.7 4.349 1
426.64 416.44 122.91 127.45 2.2837 1
422.57 401.75 129.79 140.62 2.3065 1
353.58 350.37 225.4 141.63 3.3175 1
356.37 356.72 215.38 252.87 1.3412 1
453.04 452.6 255.26 264.17 4.4299 1
454.07 455.95 199.26 182.94 1.5727 1
639.13 622.88 1.625 1.625 1.25 1
455.68 425.5 94.759 109.39 2.1474 1
354.28 355.25 162.87 205.38 1.8191 1
418.17 396.44 246.25 253.57 3.2055 1
62.909 1.619 44.099 44.932 3.6986 1
356.28 354.1 305.39 252.88 2.1872 1
450.29 452.01 241.62 226.67 1.3846 1
357.98 358.46 280.37 305.39 1.6058 1
94.857 80.49 22.107 31.795 3.4705 1
394.02 411.73 243.98 231.78 2.0589 1
46.138 54.501 11.832 31.465 4.1102 1
391.75 378 320.23 318.97 5.6661 1
77.597 63.778 33.68 42.321 2.7824 1
