136.62 574.12 479 478.97 1.2722 1
183.78 141.73 277.34 107.54 5.1995 1
142.8 470.36 106.74 125.59 5.0825 1
638.98 638.98 411.62 147.87 1.2525 1
470.22 467.12 155.13 173.18 4.5423 1
475.99 469.65 128.02 154.25 6.1151 1
472.59 476.11 115.12 128.35 4.5879 1
465.48 459.96 184.96 216.77 5.0355 1
471.14 481.06 90.775 99.753 4.545 1
214.13 466.56 49.035 58.469 4.5981 1
467.98 466.43 173.97 185.68 5.7745 1
466.85 470.37 59.241 90.375 4.8036 1
470.98 472.65 96.418 111.37 4.6941 1
480.88 474.23 106.52 116.69 5.2328 1
460.59 445.97 217.7 302.55 5.0561 1
479.13 450.42 4.0314 1.1975 2.7498 1
550.45 477.95 13.542 4.7245 3.7734 1
480.33 554.08 1.9988 10.773 3.6922 1
555.36 639.17 9.5117 13.059 3.1454 1
639.2 551.59 15.902 12.565 3.807 1
463.81 192.92 308.64 282.43 9.5517 1
171.2 175.75 211.72 231.54 1.7774 1
160.95 170.4 170.54 209.12 1.6362 1
221.63 209.13 114.13 114.13 1.25 1
236.62 222.89 115.43 114.01 1.7562 1
156.66 160.03 152.87 167.95 1.25 1
161.27 177.65 87.519 71.399 1.8236 1
187.88 162.86 112.19 112.38 2.481 1
456.63 420.38 60.375 60.375 1.25 1
458.7 462.27 162.81 140.48 2.0733 1
410.38 385.38 59.125 59.125 1.25 1
454.9 457.89 190.32 166.63 1.8661 1
286.63 264.13 54.125 54.125 1.25 1
