638.98 638.97 412.88 146.63 1.2594 1
137.87 575.37 479 478.97 1.2802 1
593.6 512.53 127.76 307.16 5.9478 1
512.87 295.21 307.84 319.93 11.093 1
201.5 204.31 123.85 135.33 3.0497 1
207.18 206.45 136.69 115.47 4.2683 1
211.75 210.08 190.48 171.76 3.6238 1
213.07 211.89 211.72 198.98 4.7759 1
198.29 205.91 93.92 109.47 4.4451 1
196.95 202.66 124.78 111.02 4.8119 1
202 208.83 180.01 163.49 5.697 1
205.5 211.74 229.17 211.67 5.3871 1
211.23 201.55 198.8 181.67 5.4415 1
208.93 206.97 162.99 137.85 4.8881 1
202.89 192.69 111.12 94.235 4.7435 1
194.12 199.33 94.124 80.952 5.5435 1
204.66 198.17 81.937 93.048 5.7594 1
205.73 196.23 142.68 124.92 5.2305 1
198.89 208.13 82.454 74.25 4.9863 1
211.13 210.99 219.12 231.63 1.3802 1
215.26 214.25 236.7 217.94 3.5425 1
209.12 591.63 127.39 127.78 4.1036 1
208.62 210.37 75.296 36.625 4.6574 1
211.58 511.66 35.82 44.001 5.9084 1
207.47 208.04 107.84 82.85 4.2026 1
512.17 594.85 43.571 127.14 4.055 1
210.83 207.53 241.52 226.99 4.0998 1
221.71 215.47 320.27 241.72 4.6287 1
295.12 230.11 319.4 322.88 11.635 1
509.42 500.4 309.95 330.39 5.956 1
511.55 526.74 301.59 267.93 1.4983 1
198.94 204.56 227.36 225.35 4.037 1
570.38 536.63 130.38 130.38 1.25 1
410.38 382.88 44.125 44.125 1.25 1
