466.56 441.33 165.15 314.08 4.2762 1
638.99 638.98 411.63 147.88 1.2566 1
137.87 574.12 478.99 478.99 1.2576 1
338.36 466.99 39.879 165.03 5.4501 1
441.25 307.68 315.58 363.57 7.9897 1
266.08 259.08 4.6919 10.319 3.5149 1
282.52 273.08 13.252 17.127 3.2624 1
292.76 281.77 5.246 12.489 9.3698 1
209.86 251.98 66.235 145.78 4.1581 1
214.71 199.55 10.413 17.322 8.0628 1
16.437 1.3495 0.77918 4.137 3.932 1
43.986 41.603 41.483 22.878 4.1962 1
272.9 250.47 18.438 19.628 3.4799 1
199.84 183.26 16.421 21.601 2.9695 1
39.941 56.311 14.344 46.783 3.4205 1
236.65 210.38 204.12 71.377 3.9844 1
38.375 53.118 86.298 74.427 4.3245 1
76.072 81.302 13.59 32.62 7.1402 1
56.894 45.303 73.087 87.818 3.8648 1
250.37 270.37 21.89 22.087 1.3978 1
21.99 38.888 90.444 85.768 3.743 1
305.04 302.01 360.76 348.39 6.6882 1
58.22 56.486 39.28 29.149 6.7931 1
269.98 294.03 21.652 13.822 3.5935 1
304.55 289.83 346.72 215.3 3.5877 1
1.5118 19.139 94.71 91.709 3.487 1
120.36 131.64 22.558 22.163 2.5859 1
15.296 31.392 77.752 67.508 3.5477 1
129.27 169.19 20.947 10.633 6.5662 1
158.93 125.57 17.133 26.105 3.4801 1
260.34 336.95 55.196 39.44 3.9249 1
49.843 46.19 13.745 6.8556 3.8987 1
53.318 41.869 33.299 11.497 2.8502 1
66.258 75.295 0.20324 13.762 5.5457 1
53.996 48.213 45.237 50.651 2.9666 1
259.14 246.62 8.6631 8.9687 2.6213 1
75.277 67.787 46.335 48.865 2.8777 1
289.37 396.44 215.04 185.95 4.3784 1
32.625 38.453 1.0901 11.985 3.0248 1
111.96 94.888 20.01 16.483 4.6031 1
51.636 42.51 69.117 56.009 3.5713 1
242.96 236.96 220.8 204.46 6.178 1
174.13 159.13 6.722 7.0404 1.4886 1
42.825 12.779 92.555 97.263 7.4096 1
161.62 204.13 3.8478 3.7554 2.5679 1
300.18 243.71 349.76 221.26 4.0227 1
12.713 1.3372 97.984 99.602 5.3074 1
43.499 21.264 66.556 77.116 3.0476 1
251.73 210.58 57.137 65.195 3.9203 1
181.79 159.16 19.01 16.311 3.2793 1
142.03 90.497 70.618 84.577 3.6688 1
112.1 113.52 1.5611 12.047 6.9275 1
96.748 129.01 79.597 71.173 2.4728 1
107.67 102.11 12.345 1.3797 3.3766 1
438.45 463.08 312.97 167.91 2.0926 1
265.97 286.55 25.989 47.943 2.6218 1
120.72 93.374 43.698 55.301 2.7549 1
282.01 262.48 48.703 28.257 3.0901 1
35.918 0.87467 19.637 30.441 6.7988 1
56.618 44.09 92.764 93.605 1.6659 1
95.691 116.4 51.121 42.354 2.3023 1
441.36 401.93 144.4 106.31 1.3359 1
414.21 445.41 180.69 171.74 1.8998 1
1.6091 27.99 8.0717 10.205 3.7378 1
257.81 266.61 157.91 175.38 1.25 1
16.633 1.5555 15.177 14.552 4.0574 1
2.8727 19.24 24.119 18.192 2.6749 1
