466.67 446.99 85.231 249.02 5.191 1
135.37 574.12 479 478.97 1.2699 1
638.98 638.98 412.87 147.87 1.2504 1
202.2 171.25 214.01 66.442 4.4399 1
446.85 358.87 249 315.03 4.7754 1
355.27 466.35 138.91 86.174 6.4102 1
173.74 355.72 67.612 139.49 6.6534 1
1.2823 9.182 12.719 15.193 4.3257 1
370.99 207.23 328.25 220.76 8.7255 1
171.9 278.19 66.347 36.481 4.923 1
554.05 639.27 3.4206 6.7974 9.2876 1
430 426.06 190.23 200.15 3.2459 1
446.2 459.67 231.57 119.19 2.1312 1
426.43 421.69 232.8 244.15 3.08 1
350.52 348.69 307.87 145.37 2.5562 1
417.67 428.01 190.52 188.62 3.1349 1
389.17 365.3 325.12 320.79 6.3727 1
601.91 508.91 17.25 3.0368 6.9172 1
399.26 356.4 144.39 166.18 2.3381 1
278.85 461.39 36.406 85.023 5.2733 1
407.79 424.34 235 231.36 2.5877 1
352.35 352.64 216.63 260.38 1.5252 1
417.96 435.51 118.2 113.35 3.2821 1
357.55 399.01 162.23 141.39 1.7617 1
446.88 446.25 260.34 277.86 2.9453 1
418.17 404.25 156.29 160.77 2.0386 1
356.05 356.67 144.1 160.37 2.7836 1
639.26 602.59 22.105 15.796 7.0471 1
36.891 44.606 10.261 28.206 3.7668 1
352.88 352.88 267.88 295.38 1.25 1
105.32 87.722 12.717 18.673 3.5885 1
507.89 495.36 2.5399 1.8122 1.7552 1
352.23 352.34 187.88 215.38 1.3501 1
391.56 406.34 246.53 236.22 2.0507 1
25.37 1.5563 42.976 41.914 2.4975 1
49.062 30.369 42.094 42.674 4.0585 1
86.901 79.431 19.453 25.738 3.6742 1
