236.18 207.65 308.76 149.97 5.0083 1
638.97 639 411.62 147.87 1.2699 1
139.12 572.87 479.02 478.97 1.296 1
411.65 457.9 161.64 36.634 4.2903 1
537.17 528.37 13.708 2.2062 4.6687 1
207.32 292.38 150.96 51.018 4.8801 1
192.92 239.21 0.96875 4.1734 3.482 1
305.45 283.18 6.852 13.836 4.559 1
280.62 301.59 10.182 5.2334 3.8688 1
240.58 170.43 7.927 2.16 4.521 1
240.2 268 5.2277 9.6114 3.8327 1
527.94 517.83 3.0685 6.4925 4.3348 1
271.92 241.38 15.114 9.1443 5.6265 1
271.63 280.39 9.4435 9.3497 2.5667 1
403.49 398.96 189.04 224.1 3.8794 1
388.9 383.18 316.83 345.19 8.5877 1
398.85 386.85 224.25 315.57 4.0794 1
380.49 235.5 347.45 308.66 9.4526 1
321.23 306.23 17.299 36.31 3.7716 1
456.51 321.52 35.029 17.436 5.71 1
458.21 440.13 37.48 136.58 4.4519 1
542.87 535.41 16.603 17.157 6.418 1
555.46 542.77 16.608 17.433 4.3098 1
516.62 556.61 21.512 21.807 3.8513 1
306.65 276.51 21.514 16.027 4.3577 1
502.44 515.68 15.103 20.935 2.3996 1
535.54 524.06 17.371 18.335 4.0505 1
440.41 430.46 136.86 191.64 3.9201 1
519.03 526.45 10.78 9.9846 3.1527 1
285.4 316.67 15.192 18.742 3.4441 1
552.9 536.63 10.703 11.748 5.3105 1
430.21 392.53 191.95 317.39 4.1874 1
524.92 505.16 18.515 13.787 3.8852 1
210.16 401.56 151.44 189.47 5.1477 1
506.08 508.36 61.669 25.327 3.4362 1
513.17 510.97 21.641 62.84 3.6937 1
212.61 224.31 159.17 224.09 1.9179 1
224.94 228.09 226.69 246.59 2.0157 1
510.43 475.36 64.795 61.767 2.9667 1
