194.64 153 292.47 112.56 4.7671 1
136.62 574.12 479 478.97 1.2716 1
638.97 639 410.37 146.62 1.2737 1
508.83 469.69 108.79 288.7 4.9929 1
191.62 466.64 45.238 41.851 4.6117 1
467.53 508.84 41.84 108.82 4.6124 1
152.82 189.92 113.41 45.811 3.9546 1
155.38 502.89 113.53 109.26 4.1079 1
607.4 639.58 27.526 44.523 4.296 1
639.54 606.76 48.314 31.373 3.7203 1
486.7 204.07 292.38 297.17 10.083 1
606.86 591.11 7.3805 0.049599 4.1614 1
602.67 607.02 25.759 12.151 5.0949 1
188.75 196.81 252.96 288.12 2.0811 1
158.67 188.2 122.98 250.3 2.0828 1
611.35 607.54 11.968 22.757 3.468 1
226.63 191.63 47.875 47.875 1.25 1
395.38 305.38 46.625 46.625 1.25 1
491.9 495.19 172.93 155.34 1.25 1
