638.98 638.98 412.87 147.87 1.2516 1
135.37 575.37 479 478.97 1.2828 1
302.21 309.14 153.42 159.11 3.9666 1
189.95 187.32 94.276 65.199 5.0884 1
289.25 200.46 352.76 251.55 4.237 1
282.46 301.66 138.07 153.16 4.1411 1
553.19 489.65 77.033 242.12 5.3075 1
201.57 189.77 251.72 93.983 5.4282 1
309.3 550.96 158.4 77.114 6.2899 1
187.04 429.12 65.053 19.074 4.9262 1
490.16 481.9 242.23 244.95 4.3435 1
275.91 282.19 133.35 137.63 3.8022 1
428.6 553.59 19.044 75.312 3.9874 1
266.53 230.29 145.61 131.85 3.343 1
266.82 233.69 177.32 165.32 3.1002 1
249.07 275.66 113.28 134.36 8.1104 1
223.86 218.82 155.45 136.37 3.5578 1
224.1 216.87 125.85 106.53 2.7829 1
241.58 265.38 139.26 147.86 3.1021 1
482.36 281.18 248.5 361.8 11.855 1
224.81 220.6 210.21 192.82 3.0943 1
194.68 218.37 96.205 116.03 2.6017 1
243.12 248.66 107.57 113.46 6.2632 1
244.06 265.24 171.81 179.5 2.0286 1
226.51 222.68 260.4 242.92 2.8606 1
262.79 235.95 283.06 270.59 2.8289 1
222.36 241.59 192.93 200.46 3.4917 1
219.88 237.73 136.74 143.27 3.9512 1
216.15 193.17 118.21 98.773 2.5687 1
238.34 224.97 226.23 210.72 3.4928 1
224.99 236.84 241.33 246.09 3.024 1
629.29 602.93 10.615 6.2807 3.9362 1
220.14 232.99 105.93 111.34 4.426 1
193.07 242.89 68.88 107.49 3.9524 1
250.39 262.86 231.59 236.66 2.0987 1
241.63 261.54 276.6 285.56 2.2798 1
231.9 249.74 215.58 227.58 3.0928 1
225.33 231.76 202.9 215.3 2.342 1
229.97 223.54 130.68 122.06 3.0054 1
227.04 242.59 153.86 166.96 2.9187 1
239.33 226.29 204.95 198.56 2.8175 1
304.06 245.43 191.7 142.81 2.5701 1
239.06 223.75 149.26 142.48 3.054 1
235.67 225.3 167.63 155.44 3.2863 1
306.48 267.43 168.06 137.19 2.7584 1
192.73 204.12 266.42 258.55 9.1645 1
262.46 297.37 153.38 182.24 2.5944 1
234.33 202.68 241.42 209.31 2.5556 1
229.71 247.31 126.57 136.39 2.5372 1
264.22 240.63 134 115.06 2.3481 1
274.27 304.26 138.94 162.71 2.0722 1
486.62 486.72 250.35 259.11 6.3078 1
201.19 241.6 203.3 245.4 2.2771 1
236.92 228.84 250.98 247.24 2.7938 1
316.19 313.23 175.33 202.91 3.1947 1
229.81 239.8 258.38 269.63 1.8657 1
227.83 209.02 105.43 90.512 2.365 1
284.37 268.9 238.86 224.36 1.8239 1
219.24 247.97 95.226 117.75 1.9416 1
215.95 200.14 174.78 159.37 1.79 1
197.51 217.96 153.26 172.78 1.5198 1
313.48 306.82 204.06 271.64 2.4708 1
220.38 243.22 175.37 196.25 1.3717 1
257.88 281.69 210.37 232.81 1.7146 1
