135.37 575.37 478.99 478.98 1.2543 1
638.99 638.98 412.88 147.88 1.2535 1
189.3 147.75 288.78 118.85 5.4285 1
485.1 454.81 128.86 304.03 5.3067 1
150.3 481.62 118.61 130.41 5.5538 1
466.29 475.82 62.039 98.683 5.4186 1
480.84 484.68 116.15 129.87 5.683 1
476.86 486.12 96.368 105.87 5.415 1
201.6 466.56 57.659 63.494 6.1435 1
467.71 197.91 309.41 293.48 9.9916 1
184.32 200.96 75.555 57.15 3.0502 1
509.23 404.07 14.464 2.1041 3.9469 1
404.19 377.89 2.3337 1.3487 2.4515 1
569.16 510.35 16.856 14.958 3.3853 1
423.07 505.36 -0.11712 9.2658 3.7696 1
511.6 555.4 10.471 11.265 3.5682 1
639.37 602.77 23.535 18.658 3.6354 1
601.74 570.29 18.742 16.576 3.5693 1
556.59 633.02 10.893 15.472 4.0706 1
474.06 460.7 302.66 306.5 4.9859 1
150.38 173.08 114.13 88.058 1.9748 1
181.62 151.65 122.88 122.06 1.7592 1
