136.62 574.12 478.99 478.98 1.2567 1
638.99 638.97 412.88 149.13 1.2658 1
535.13 507.72 96.114 243.63 5.5137 1
540.76 535.39 67.449 94.128 5.4023 1
433.6 472.69 9.9614 19.859 3.589 1
251.88 538.23 186 68.752 4.7011 1
524.22 560.5 36.111 31.361 4.4259 1
473.22 434.28 22.683 13.466 4.1309 1
165.61 418.98 106.11 24.923 4.6572 1
564.99 593.98 24.432 12.519 4.7675 1
565.44 529.11 33.194 40.301 3.947 1
434.4 392.15 11.904 -0.20738 4.7987 1
411.75 433.16 1.2491 8.2565 3.2184 1
473.09 512.46 19.733 32.879 3.1739 1
594.12 574.34 16.604 23.5 4.007 1
518.9 541.05 59.703 68.138 5.6738 1
498.78 474.27 32.466 22.514 3.6923 1
617.9 604.11 15.487 15.725 5.0858 1
509.86 286.93 245.41 373.73 9.3848 1
214.63 166.21 274.34 107.27 6.003 1
287.64 281.45 373.17 358.48 9.0339 1
172.73 40.366 0.61973 20.314 3.9012 1
539.01 519.03 38.137 36.631 3.4324 1
630.23 627.09 1.3094 15.197 3.6575 1
572.9 562.01 26.667 32.359 4.4815 1
522.83 566.61 23.472 22.346 3.7166 1
117.9 136.64 5.5566 3.0221 2.9451 1
1.4378 117.61 24.244 5.0175 3.7685 1
601.74 528.97 64.953 45.986 3.4104 1
0.85911 67.529 15.14 2.3262 11.995 1
524.25 594.23 41.155 59.977 3.2051 1
556.6 530.29 24.848 26.121 3.504 1
529.24 517.25 46.393 40.382 3.3606 1
624.23 618.41 17.295 16.221 6.5997 1
595.35 609.16 23.85 24.231 3.9889 1
530.66 517.68 26.098 31.125 3.4967 1
278.82 214.3 359.66 274.3 5.5883 1
40.137 1.238 20.471 28.5 4.0605 1
135.42 151.63 2.5728 1.7287 2.6266 1
587.72 572.8 31.172 28.233 3.4375 1
80.151 30.174 4.39 15.741 5.9294 1
29.219 1.3838 15.814 21.743 3.328 1
249.36 167.72 185.2 108.03 4.4276 1
575.58 595.56 25.577 29.436 3.2079 1
122.85 112.71 1.4697 3.1602 2.6716 1
489.12 518.08 50.387 59.728 3.569 1
418.98 453.07 24.52 37.368 3.5268 1
106.59 84.175 4.708 3.3159 5.9202 1
284.38 249.46 356.83 185.05 4.9459 1
585.5 589 55.392 30.357 8.8652 1
634.92 623.84 25.013 28.117 3.6111 1
620.37 600.35 28.053 27.653 1.8995 1
617.85 601.51 65.685 64.155 2.5678 1
513.5 520.93 192.99 154.23 1.83 1
521.13 527.14 151.53 119.22 1.7187 1
527.55 530.76 116.56 100.45 1.474 1
