139.12 574.12 479.02 478.97 1.2909 1
638.98 638.99 411.62 150.37 1.2582 1
202.28 154.18 288.93 125.87 5.4256 1
344.17 201.83 337.74 289.76 8.8664 1
352.26 450.77 162.48 8.5806 6.8231 1
154.18 289.38 125.6 5.6648 5.6248 1
450.23 395.51 7.7252 0.58466 3.8258 1
156.61 346.45 126.67 174.8 4.2009 1
420.67 343.66 180.51 343.9 6.6472 1
446.15 426.66 35.113 163.94 5.9505 1
426.82 420.9 163.31 180.12 5.8945 1
451.24 445.1 12.771 35.636 5.712 1
346.46 345.77 176.62 332.88 3.2241 1
516.65 502.82 40.225 38.303 2.3041 1
535.43 516.5 42.224 40.532 2.9352 1
487.93 449.18 36.209 31.186 1.9052 1
495.38 526.72 34.068 38.422 2.3042 1
541.47 534.65 11.588 40.201 3.592 1
530.18 531.09 37.857 27.827 3.0537 1
531.36 537.31 26.561 1.4903 3.0711 1
