483.53 432.41 118.96 300.24 5.4886 1
638.98 638.98 412.88 146.63 1.2507 1
137.87 574.12 478.99 478.98 1.2594 1
206.84 198.86 189.11 26.577 4.7876 1
432.87 298.15 297.87 337.56 8.2442 1
623.81 619.34 1.037 12.954 3.9501 1
210.22 207.63 192.36 187.41 5.5892 1
614.26 618.96 15.82 1.1714 4.3794 1
306.4 483.47 142.37 120.12 8.9934 1
292.38 210.67 338.48 197.91 8.2723 1
295.19 306.87 335.45 174.14 3.1987 1
310.39 292.72 351.9 337.5 9.1523 1
290.22 303.38 329.11 145.32 3.0178 1
571.64 612.71 1.5359 9.926 10.522 1
224.33 308.53 53.929 141.04 6.4096 1
622.33 640.21 12.167 18.59 11.706 1
444.4 469.44 246.7 157.96 1.9124 1
301.06 298.15 212.84 256.64 1.9934 1
431.17 443.67 294 249.35 1.5906 1
200.45 330.44 28.605 25.466 7.2564 1
640.6 548.71 30.285 3.7236 14.194 1
297.63 296.28 262.86 282.85 1.25 1
304.09 301.54 174.12 209.12 1.8807 1
307.12 308.53 165.41 145.33 2.5814 1
429.24 425.17 310.07 325.32 6.3609 1
330.33 479.06 25.449 117.5 7.6481 1
377.87 366.59 181.62 182.24 2.8408 1
202.88 202.88 37.875 62.875 1.25 1
415.4 431.67 140.96 140.29 2.4458 1
309.12 321.53 169.12 167.26 1.9165 1
325.35 336.6 166.39 165.18 1.6461 1
364.13 351.62 286.02 285.99 1.2704 1
