638.98 638.98 412.88 147.88 1.2532 1
136.62 575.37 479 478.97 1.2722 1
570.61 486.82 175.58 356.81 5.1031 1
518.17 571.25 78.389 176.83 4.3483 1
485.34 246.98 359.45 336.69 10.686 1
200.23 517.82 42.95 78.397 4.7762 1
175.34 147.28 326.45 131.35 6.0252 1
162.52 182.7 98.598 73.75 5.9416 1
182.19 199.8 72.708 43.277 3.8941 1
147 162.1 131.35 106.16 4.7263 1
161.25 163.78 105.64 97.387 4.6838 1
185.46 172.76 327.82 328.71 4.8141 1
150.26 567.88 131.46 176.6 4.9035 1
246.89 193.18 336.48 331.11 8.5839 1
172.27 166.02 91.191 99.94 2.4705 1
465.35 397.85 75.565 68.143 2.1013 1
507.82 542.27 304.1 229.42 1.7465 1
485.22 504.29 352.8 311.7 1.6171 1
497.86 469.19 79.261 76.018 1.641 1
622.66 616.98 0.81999 11.132 7.1717 1
554.12 566.38 202.87 177.76 1.1503 1
616.05 609.52 15.821 25.636 9.0139 1
200.36 184.48 341.67 335.69 2.4927 1
