638.97 639 411.62 149.12 1.2748 1
211.91 178.24 323.8 166.28 4.6015 1
140.37 572.87 479.03 478.97 1.3019 1
383.24 366.18 185.13 331.72 5.0834 1
382.21 384.02 84.114 184.15 4.2009 1
169.19 188.23 11.814 5.1539 4.0104 1
178.18 215.09 166.22 79.534 4.1778 1
187.37 175.4 9.177 14.188 3.7541 1
379.07 244.03 23.994 17.203 4.6723 1
124.12 59.122 12.438 12.009 4.7524 1
365.33 213.95 334.93 325.87 9.0437 1
49.08 124.15 7.5383 9.0909 3.9133 1
416.62 395.37 1.8165 1.7074 1.3206 1
180.3 381.63 166.68 177.73 4.8011 1
124.03 167.86 10.293 11.994 4.4632 1
389.17 406.82 1.4449 5.8641 3.0325 1
242.34 222.2 18.182 65.085 4.9254 1
181.84 122.81 19.553 13.517 6.2737 1
1.5978 48.057 2.0042 5.3415 5.1592 1
164.96 156.57 0.99856 6.5444 3.4466 1
63.042 1.5336 12.467 6.2838 5.4816 1
406.63 444.11 4.6976 4.1335 3.5991 1
174.13 209.12 16.591 18.02 2.5999 1
237.87 182.84 21.836 20.5 2.6206 1
379.83 380.44 67.885 24.109 3.924 1
194.96 200.37 229.21 255.38 1.6876 1
185.04 194.26 181.69 226.6 1.8247 1
286.63 320.37 16.572 18.051 1.7962 1
401.77 394.84 44.35 10.23 3.4808 1
407.88 384.12 47.607 47.354 1.4756 1
376.69 380.08 215.38 182.84 1.5019 1
400.34 406.91 11.391 45.561 2.6428 1
