638.98 638.98 412.87 147.87 1.2507 1
209.95 288.74 45.708 146.93 4.809 1
136.62 575.37 479 478.98 1.2678 1
70.511 48.824 66.295 57.356 4.3493 1
280.32 209.4 32.504 43.397 4.4656 1
542.51 487.45 149.89 334.37 5.8267 1
354.89 543.01 21.084 149.51 4.4686 1
79.596 84.964 22.468 45.177 4.7105 1
232.32 213.27 209.21 79.067 4.3733 1
486.23 335.16 336.91 398.59 8.6489 1
191.58 169.35 13.952 19.967 8.3465 1
84.839 83.876 44.083 56.509 3.932 1
212.1 208.4 69.25 46.338 4.2996 1
80.1 70.644 64.697 68.537 6.9487 1
238.23 232.4 220.85 209.96 4.2049 1
48.849 38.111 57.593 68.115 5.303 1
71.403 46.122 69.811 79.771 4.0886 1
144.17 182.92 4.7058 7.0742 3.743 1
142.81 158.16 14.431 17.812 5.1518 1
91.422 132.43 23.276 13.494 6.4367 1
50.477 44.064 46.727 39.177 4.1896 1
212.96 211.94 78.966 70.338 3.5763 1
132.89 142.99 14.191 12.186 4.9042 1
130.42 95.519 18.068 26.007 3.4369 1
214.71 205.24 7.0184 3.2082 3.7188 1
15.082 0.89746 57.638 60.434 13.697 1
54.966 90.994 80.644 65.609 3.9241 1
166.64 131.58 21.511 16.99 3.6378 1
1.4926 25.374 67.855 65.366 4.9731 1
29.15 54.144 82.008 81.625 2.8633 1
292.88 354.22 30.39 20.983 3.8961 1
146.64 134.15 8.7161 8.3589 1.4996 1
49.115 55.672 69.207 63.102 5.2546 1
1.8483 11.458 80.644 72.674 2.5669 1
20.633 5.7671 34.712 0.90297 4.8531 1
30.426 45.44 49.332 45.641 2.4482 1
79.903 80.064 1.6084 9.1583 6.2752 1
331.87 237.5 395.92 221.15 5.9176 1
34.162 40.287 1.1863 19.155 4.356 1
45.433 29.088 79.575 78.388 3.1272 1
135.2 121.74 8.2298 1.4052 2.2771 1
130.22 142.91 3.5368 6.4778 2.8063 1
83.384 69.455 54.964 63.418 6.22 1
44.618 31.017 41.629 36.252 4.691 1
19.501 1.2458 70.601 86.181 5.1719 1
44.041 31.487 43.642 45.834 2.4037 1
23.215 13.185 51.81 54.184 7.5862 1
28.047 16.273 58.784 61.017 3.8539 1
397.96 366.63 9.506 16.631 2.4378 1
375.51 404.31 12.167 4.8724 2.164 1
234.47 233.89 241.62 215.35 3.9704 1
288.33 333.72 147.52 205.69 2.8363 1
335.66 537.9 208.89 151.72 3.6898 1
1.714 12.192 3.5136 22.563 4.7641 1
140.51 157.89 11.457 9.2163 2.7993 1
93.014 114.05 73.3 66.39 2.3751 1
233.9 212.62 81.8 54.324 1.7537 1
110.39 94.21 71.669 75.715 2.1225 1
315.38 336.61 17.948 17.395 1.5103 1
419.09 399.08 1.5359 9.0169 2.0565 1
89.552 69.496 70.291 77.638 1.9201 1
359.11 317.9 17.677 20.704 2.1622 1
483.49 490.62 334.32 311.7 1.8796 1
334.62 335.91 319.13 214.12 3.2937 1
292.85 309.12 19.935 18.975 1.6901 1
210.58 194 77.588 81.051 2.0454 1
192.96 209.24 78.254 74.649 1.7703 1
40.595 41.229 20.359 29.154 1.696 1
334.13 334.13 352.88 334.13 1.25 1
