639 638.97 411.63 147.88 1.2727 1
139.12 574.12 479.01 478.98 1.2795 1
393.14 377.22 164.02 314.06 4.6682 1
229.44 196.96 341.28 192.53 5.1346 1
40.646 64.11 46.63 41.554 3.2363 1
197.24 186.13 194.33 90.428 4.3933 1
63.38 75.737 41.072 32.126 3.3857 1
110.37 87.82 6.9807 6.6536 10.198 1
181.95 187.41 38.958 90.424 3.9931 1
341.69 392.43 70.341 164.94 4.8368 1
375.6 230.11 316.58 343.96 8.9211 1
1.5651 39.101 49.065 47.348 4.0889 1
69.994 79.024 12.545 4.0184 4.6456 1
275.3 295.41 3.4026 6.3597 2.4376 1
36.642 1.612 53.015 52.48 5.2091 1
199.03 388.05 192.2 166.68 4.7609 1
92.727 109.05 14.67 11.252 2.4469 1
75.383 59.619 37.348 47.399 5.0719 1
252.92 180.62 32.212 38.291 5.2139 1
300.38 277.88 2.0217 2.1615 1.3664 1
34.674 54.097 36.675 25.327 4.414 1
57.943 32.938 51.393 50.243 6.6452 1
281.65 252.69 29.432 32.087 3.7344 1
294.23 319.1 4.9071 1.4797 3.5004 1
47.44 38.675 32.263 38.492 3.3514 1
70.45 47.311 25.645 32.104 3.5269 1
87.876 59.089 50.395 52.352 3.5968 1
55.261 69.192 26.072 23.199 2.4868 1
163 115.47 38.58 47.14 3.0497 1
288.74 299.93 8.1052 26.892 2.8113 1
121.72 155.35 43.353 36.497 2.4735 1
295.3 286.06 26.671 11.215 2.8002 1
60.366 85.362 48.959 47.63 1.9122 1
150.79 132.78 8.8545 16.396 2.2272 1
134.11 145.49 12.839 8.1445 2.1091 1
382.38 389.13 232.82 171.63 2.0645 1
378.65 382.14 267.82 235.43 1.6818 1
372.87 336.64 3.9778 5.6197 1.5882 1
