638.97 639.01 411.62 147.87 1.2834 1
212.65 182.6 320.42 162.45 4.8667 1
139.12 574.12 479.02 478.97 1.2979 1
387.35 366.51 181.38 334.28 4.3909 1
182.28 223.35 163.23 78.105 4.4326 1
184.19 205.49 9.3024 1.9732 4.4723 1
390.75 387.34 84.094 181.69 3.704 1
209.18 186.57 2.9851 14.006 4.0317 1
254.76 230.74 14.426 64.954 3.812 1
364.05 211.66 337.44 322.54 8.736 1
450.38 409.17 1.896 3.1695 3.1937 1
185.24 385.3 163.24 180 4.9246 1
416.59 450.39 6.9625 5.8344 3.7479 1
390.32 255.19 24.868 15.518 5.9289 1
171.61 182.94 8.6237 8.1796 3.7961 1
132.94 61.539 9.2087 7.2607 5.7363 1
181.9 133.89 15.566 9.8729 5.7012 1
85.375 124.12 4.2075 4.4193 3.7704 1
124.11 169.25 4.2848 9.2046 4.859 1
60.531 1.6153 4.9381 1.8084 5.6444 1
52.875 86.585 1.6227 3.5721 4.1046 1
390.97 391.74 41.712 25.322 4.2749 1
388.95 390.76 76.682 42.762 3.944 1
227.84 189.07 19.77 17.603 3.4652 1
194.84 204.23 209.23 259.1 1.7935 1
191.64 216.62 13.941 15.391 2.713 1
187.52 194.3 170.44 206.59 1.5398 1
364.79 380.42 322.8 207.88 1.7541 1
381.18 383.43 205.33 185.3 1.5082 1
415.35 409.86 46.823 11.511 3.4614 1
365.25 359.86 344.1 367.76 2.3298 1
420.38 399.12 49.643 49.365 2.6959 1
414.57 420.09 11.554 46.669 2.6811 1
385.38 385.38 169.13 144.13 1.25 1
387.83 387.84 105.37 79.125 1.2539 1
