595.11 520.62 108.48 282.45 4.9296 1
638.97 638.99 412.87 146.62 1.2629 1
135.37 575.37 479 478.97 1.275 1
520.75 511.84 281.15 282.8 5.6016 1
225.84 223.79 247.96 227.91 6.4726 1
227.03 224.89 185.43 200.31 3.7119 1
224.81 221.13 130.21 143.09 3.0909 1
216.13 210.4 132.91 59.026 4.695 1
222.76 218.86 221.73 169.14 6.4624 1
216.5 221.61 107.82 95.367 3.6784 1
217.84 216.84 161.67 134.03 6.2006 1
223.1 218.29 100.02 113.84 3.1313 1
211.67 489.21 58.573 40.505 6.2505 1
222.94 227.05 189.97 178.02 3.177 1
258.94 593.19 151.36 110.47 6.268 1
222.64 222.54 227.88 222.83 3.7493 1
513.23 449.97 285.66 300.27 12.742 1
218.15 218.14 169.12 162.87 2.5093 1
228.99 238.18 179.44 183.43 2.6085 1
489.45 594.53 40.546 109.18 4.9813 1
449.81 248.73 300.39 346.14 11.594 1
259.99 256.08 337.91 154.11 4.7612 1
225.52 238.92 201.14 216.8 5.2757 1
221.91 226.79 143.31 154.05 4.241 1
241.56 226.12 286.9 248.33 5.5687 1
232.34 223.87 108.14 101.98 4.2276 1
227.94 235.49 242.18 258.4 3.6347 1
219.71 222.73 113.11 121.68 3.1873 1
224.01 218.83 158.66 146.01 3.4706 1
221.86 216.32 126.48 117.6 4.2412 1
231.55 224.08 217.92 205.4 4.7279 1
241.15 224.1 169.28 157.17 5.3376 1
259.45 241 340.26 287.28 4.7303 1
230 212.4 96.812 61.867 3.9286 1
515.54 517.95 286.57 293.3 5.217 1
227.66 237.91 153.98 161.58 4.2762 1
233.96 226.62 138.06 131.63 6.3473 1
199.9 222.43 254.62 240.4 6.6733 1
243.7 231.12 224.29 214.79 5.0074 1
521.5 538.04 272.82 234.19 1.644 1
224.44 236.91 123.61 131.15 5.7956 1
539.13 558.26 231.63 186.79 1.8697 1
242.98 235.33 122.82 106.64 3.513 1
245.34 240.35 129.69 140.36 3.8082 1
256.48 247.47 149.86 130.56 4.0016 1
559.22 566.92 184.17 166.76 1.6486 1
244 237.93 213.75 195.36 1.8002 1
268.21 268.32 157.87 199.12 2.5413 1
514.68 509.95 298.66 309.48 5.7263 1
267.8 268.65 209.13 221.66 1.6729 1
