216.37 188.05 297.92 137.62 4.5754 1
638.99 638.98 411.63 149.13 1.2583 1
139.12 572.87 479.01 478.98 1.2788 1
187.61 265.94 137.65 45.853 4.806 1
436.38 301.35 24.536 4.7413 5.9703 1
362.03 215.63 336.28 299.38 8.5338 1
366.58 363.02 325.12 343.15 5.3898 1
385.65 381.97 177.74 205.25 4.2145 1
381.88 368.82 205.41 301.75 4.0519 1
273.02 247.03 8.5019 2.3925 3.8639 1
373.15 366.46 298.83 320.71 9.1699 1
391.74 437.8 154.16 26.148 5.0787 1
482.7 505.45 9.9022 15.043 3.9746 1
301.46 282.64 5.0266 27.678 4.4959 1
294.1 274.06 10.582 8.5435 2.7611 1
504.17 485.18 11.377 7.6048 3.6697 1
521.65 508.88 8.0576 10.15 8.412 1
264.13 294.11 4.1006 7.9581 3.0814 1
190.36 383.89 137.94 176.55 4.6468 1
433.04 409.83 51.431 180.5 3.8731 1
506.58 531.64 14.181 14.955 4.1344 1
531.64 516.62 3.7134 3.0787 2.656 1
496.56 506.6 3.0901 2.4932 3.0891 1
246.54 231.68 3.4539 1.2443 2.8406 1
409.64 375.35 180.88 300.01 4.1331 1
438.05 432.86 34.175 51.984 2.7025 1
192.96 211.98 146.61 255.31 2.0933 1
483.23 485.12 54.143 16.675 3.431 1
487.83 435.36 56.962 50.526 2.6102 1
489.9 488.25 17.854 55.282 4.0206 1
455.3 471.57 49.616 52.007 1.6003 1
