135.37 574.12 479 478.98 1.2714 1
180.09 147.83 222.67 70.12 4.6491 1
638.97 638.99 411.62 149.12 1.2738 1
460.82 437.24 85.258 246.72 5.517 1
149.71 369.22 69.894 142.6 5.147 1
368.97 407.28 141.37 117.68 4.1394 1
407.68 420.53 117.58 109.36 6.2327 1
420.92 458.2 109.24 85.899 4.2648 1
437.09 362.06 247.06 319.58 4.8811 1
516.62 560.38 1.7396 5.2708 5.5869 1
620.58 620.2 6.6355 14.116 5.1854 1
578.03 501.52 11.555 2.4862 3.2825 1
250.92 460.24 34.348 84.705 4.1567 1
584.33 505.42 18.993 7.5512 3.6738 1
557.64 610.6 4.642 8.6959 10.543 1
614.28 579 15.1 11.629 4.0992 1
522.77 571.66 7.4348 13.854 2.2537 1
505.24 471.78 7.3428 0.82458 3.2343 1
613.12 612.09 11.6 1.327 5.5877 1
622.84 633.16 13.891 12.532 3.7179 1
572.84 639.45 14.284 27.486 3.4681 1
639.3 584.04 30.776 19.552 3.5598 1
367.86 186.17 327.91 229.78 8.3472 1
150.71 251.89 67.675 34.957 3.846 1
427.44 424.38 190.27 202.94 3.3107 1
626.18 615.1 18.217 15.129 3.2312 1
422.68 418.96 231.57 245.66 3.0547 1
639.84 626.67 19.772 17.596 9.4479 1
415.23 431.74 143.51 139.61 3.6497 1
437.15 432.14 115.07 126.84 2.8252 1
433.78 430.04 140.27 153.14 3.098 1
422.97 435.57 116.97 113.59 3.299 1
410.24 425.81 192.35 188.31 3.3618 1
369.83 413.11 165.81 136.98 2.7653 1
418.06 401.93 207.01 214.75 2.2988 1
623.57 633.11 6.7191 2.1036 6.6784 1
417.98 398.51 246.8 258.9 2.2389 1
406.37 420.54 235.91 230.84 3.2813 1
405.49 378.22 145.56 163.4 2.2112 1
355.2 359.83 287.87 147.86 2.9222 1
421.84 411.57 193.38 197.75 2.484 1
423.14 403.1 131.24 137.37 1.9546 1
451.84 437.94 114.42 124.22 1.9275 1
365.48 200.29 145.06 90.62 2.8189 1
368.36 368.38 146.62 164.13 2.5157 1
361.15 360.1 184.11 231.62 1.8588 1
396.62 369.12 326.71 326.62 5.0418 1
367.97 363.82 171.63 261.61 3.3433 1
440.54 446.66 204.15 164.13 1.8027 1
160.96 166.35 116.76 142.93 1.6918 1
454.03 434.89 96.465 108.34 1.9363 1
29.024 12.786 7.614 13.894 3.4975 1
362.52 362.2 146.62 164.14 1.5286 1
388.94 371.8 132.58 143.16 1.25 1
359.19 358.22 242.88 266.64 1.8105 1
358.53 358.02 271.6 282.88 1.5847 1
366.59 396.66 271.59 245.42 2.0082 1
182.29 182.81 244.1 234.06 2.6858 1
