465.05 460.9 1.528 69.08 4.0064 1
638.98 638.99 411.62 147.87 1.2573 1
346.89 346.02 1.5626 15.337 3.8213 1
335.24 333.13 1.497 24.265 4.6568 1
495.72 468.94 238.8 416.22 5.8068 1
499.15 496.16 215.18 234.25 4.8222 1
137.87 574.12 479.01 478.98 1.2737 1
282.39 275.93 341.72 221.53 4.6661 1
253.09 252.75 55.371 37.877 2.672 1
292.36 292.73 62.865 42.849 2.5461 1
202.01 203.91 42.83 59.15 2.7721 1
184.62 182.28 64.266 51.737 3.4565 1
469.13 290.55 417.89 439.34 7.0635 1
289.83 288.89 51.673 65.444 2.7494 1
207.01 205.9 60.509 42.921 3.5848 1
209.23 210.77 42.866 60.34 3.2948 1
328.78 328.93 47.866 62.877 2.599 1
192.71 190.2 44.103 63.018 3.6277 1
201.6 196.64 59.132 41.981 4.8035 1
395.75 501.53 110.09 205.48 4.5503 1
173.46 174.93 54.223 64.191 2.6553 1
342.41 341.18 17.815 1.564 5.4599 1
500.78 464.37 1.1343 63.541 3.5099 1
166.93 168.97 54.071 65.403 3.57 1
248.89 251 39.011 57.805 2.903 1
350.29 352.65 63.892 50.335 2.5185 1
331.44 332.7 64.201 46.523 2.7622 1
363.98 365.45 59.107 47.724 2.3198 1
295.15 294.36 51.672 69.192 3.5186 1
165.55 163.85 65.535 54.165 3.2101 1
179.32 180.88 52.847 64.055 2.6483 1
275.13 274.41 61.676 40.408 2.4137 1
464.4 468.72 65.394 1.5131 3.3857 1
321.39 321.39 42.875 77.875 5.0006 1
451.35 451.54 64.15 56.623 2.6255 1
325.33 325.81 61.66 45.351 2.7925 1
284.45 282.44 394.21 342.79 8.5487 1
134.44 139.56 52.353 67.731 4.7444 1
238.13 238.68 45.364 57.839 2.095 1
286.94 284.7 429.1 395.17 5.8333 1
285.73 284.89 15.353 1.5782 3.1802 1
288.49 287.28 439.06 427.55 5.6973 1
467.69 505.18 64.018 0.7691 3.4253 1
230.92 231.27 46.608 57.846 2.6179 1
331.66 301.65 27.533 26.874 6.6052 1
303.15 314.13 0.29119 12.868 8.9382 1
276.41 279.02 50.422 62.629 2.2702 1
277.82 497.94 219.55 205.15 4.7483 1
175.46 167.91 51.322 52.018 4.5203 1
109.67 112.47 46.48 57.062 3.945 1
604.53 595.4 1.4988 62.879 3.7935 1
294.17 288.49 450.35 438.17 9.4388 1
157.94 161.35 10.401 1.5195 3.7732 1
260.11 274.29 59.655 61.746 4.2571 1
119.2 116.19 62.862 45.449 4.1206 1
347.5 350.09 20.96 11.547 2.9086 1
95.335 97.909 44.134 55.367 2.4368 1
345.32 344.54 61.63 51.69 1.8294 1
161.83 155.41 52.609 53.204 3.9593 1
98.803 104.03 9.2414 23.71 3.6248 1
326.5 346.84 33.906 22 5.4978 1
91.406 92.882 58.167 46.626 5.9108 1
152.92 132.85 10.917 12.617 3.0186 1
282.33 282.62 1.6086 14.131 1.4808 1
246.26 243.07 66.098 53.136 3.5952 1
189.19 200.01 12.933 1.2834 3.8589 1
103.12 105.29 45.146 59.329 1.8872 1
88.744 79.957 47.711 1.2314 6.0067 1
388.62 388.2 51.64 37.865 1.6687 1
247.81 272.95 10.065 11.753 3.1554 1
568.85 591.99 1.2422 60.233 3.9229 1
603.22 604.43 61.667 51.661 2.7806 1
274.37 273.77 214.11 206.55 2.9875 1
177.2 193.08 5.7851 2.6425 6.3613 1
270.96 269.92 189.21 181.52 2.9777 1
283.01 294.19 20.145 26.514 3.7258 1
356.26 358.48 8.1655 1.4125 3.5463 1
134.1 158.03 16.499 12.557 5.1508 1
301.63 321.7 31.545 33.099 3.5459 1
273.33 271.21 206.4 190.27 3.1955 1
401.65 385.38 270.91 271.79 1.7213 1
455.06 459.08 60.183 1.4507 9.5823 1
173.97 187.95 11.263 13.661 3.5203 1
467.88 502.89 67.889 67.419 2.8694 1
595.87 573.95 58.455 1.2127 5.1656 1
261.66 395.44 116.16 110.79 4.2985 1
1.5928 91.599 70.335 68.09 5.1854 1
163.2 173.07 1.3078 11.431 2.7724 1
365.31 382.89 10.976 9.3305 3.3046 1
169.46 177.77 1.0195 5.5632 3.8902 1
369.13 401.63 274.13 274.13 1.25 1
190.56 177.99 7.754 9.8407 3.6946 1
222.78 231.55 10.885 9.7698 3.2684 1
112.19 108.49 21.823 8.9486 3.2593 1
385.4 350.46 237.67 233.41 2.6975 1
386.65 411.62 239.97 241.74 2.8485 1
94.055 101.73 59.446 61.133 3.2466 1
122.42 133.38 27.37 52.494 5.1008 1
135.23 153.47 8.225 5.2663 7.5706 1
402.92 365.41 334.4 335.46 2.4283 1
417.71 402.64 328.61 333.4 2.3823 1
264.29 260.59 152.72 117.85 5.3679 1
267.13 265.01 185.26 151.65 7.7073 1
406.68 387.88 235.91 237.95 2.3185 1
425.64 402.75 263.67 271.23 3.2017 1
433.8 406.6 229.17 236.52 2.8727 1
245.25 241.71 45.486 1.6178 2.7329 1
504.12 594.12 67.466 65.291 3.3145 1
610.43 600.83 1.6343 59.201 3.9066 1
605.45 639.31 49.582 48.015 6.6831 1
491.65 280.39 238.25 253.06 2.741 1
270.55 264.82 275.36 186.58 4.2249 1
367.88 395.37 337.81 337.9 1.2621 1
449.1 326.66 217.52 224.8 2.5087 1
599.08 603.44 57.868 26.704 1.7824 1
639.8 630.27 9.305 45.346 2.4532 1
418.26 391.6 381.39 391.55 3.0054 1
118.44 122.67 16.394 26.708 3.0556 1
320.51 320.91 79.084 92.896 2.5724 1
391.17 390.16 56.597 72.939 2.8033 1
391.62 392.56 50.375 39.099 2.9062 1
459.16 452.85 67.488 67.401 6.3356 1
590.35 471.61 61.016 62.911 4.9395 1
627.6 639.21 44.05 1.6486 2.512 1
176.86 150.24 97.183 100.6 4.9593 1
604.65 607.77 20.462 1.608 1.6486 1
461.5 468.53 420.45 431.99 7.706 1
260.35 271.65 3.7186 3.5436 3.9044 1
351.68 381.58 236.22 240.65 2.2452 1
134.95 121.42 46.276 14.212 3.6344 1
376.64 361.61 391.4 390.66 1.7399 1
388.73 356.31 80.957 87.598 5.3109 1
278.92 269.95 367.77 279.17 3.7152 1
126.95 136.65 18.368 36.613 2.6545 1
272.91 257.8 8.6903 7.6329 2.0573 1
315.36 387.89 247.61 243.1 2.5728 1
301.87 261.54 93.913 87.157 3.905 1
466.93 463.24 431.45 451.69 5.5909 1
382.98 366.66 6.2592 8.1482 1.8166 1
319.47 319.12 35.325 41.694 2.8424 1
393.37 391.96 14.16 34.061 2.9485 1
494.16 450.34 214.8 217.2 2.5429 1
281.61 310.37 250.26 247.83 2.5963 1
319.35 302.52 96.587 93.655 6.1572 1
445.38 427.85 305.42 306 1.667 1
242.21 242.95 60.344 74.121 1.5867 1
368.9 379.18 3.2499 2.1858 4.245 1
382.86 392.89 393.73 393.42 1.5254 1
391.67 387.07 74.153 81.08 5.8991 1
454.17 491.62 238.39 235.26 1.9797 1
483.52 489.46 296.53 257.93 1.7103 1
323.63 323.51 89.128 70.371 1.3608 1
362.86 416.6 225.11 222.3 2.5717 1
467.86 489.21 51.613 15.422 1.766 1
261.44 246.58 86.622 84.399 2.6575 1
305.41 294.06 459.08 450.12 6.2481 1
341.39 320.29 91.987 97.566 4.8338 1
207.81 175.21 91.241 96.93 2.3058 1
279.4 280.7 229.11 249.1 1.3285 1
400.38 384.1 309.13 309.98 1.7712 1
395.38 415.4 218.06 217.15 1.5888 1
409 425.31 320.08 322.16 1.7038 1
412.85 430.27 258.13 260.07 2.3457 1
282.87 282.87 280.38 301.63 1.25 1
315.39 295.38 225.61 226.7 1.858 1
432.87 394.11 73.919 74.586 1.3573 1
280.59 282.01 254.11 272.85 1.25 1
331.63 350.38 226.62 226.62 1.25 1
