638.98 638.98 411.63 147.88 1.2512 1
139.12 574.12 479.01 478.97 1.282 1
409.66 387.34 181.52 335.3 4.7296 1
234.05 207.06 339.14 186.33 4.8505 1
206.94 227.31 186.45 79.255 4.4559 1
597.99 629.19 8.5604 3.2381 3.7842 1
639.19 619.09 9.9642 6.8454 4.3658 1
629.14 639.43 4.0684 6.6393 3.9424 1
385.44 235.38 337.78 341.74 7.93 1
141.04 154.02 34.726 30.081 3.617 1
620.28 597.57 7.467 12.828 4.0726 1
386.58 374.07 10.127 12.619 2.9405 1
377.4 409.5 57.679 184.65 5.0123 1
157.51 167.56 8.6276 1.1966 3.4535 1
400.82 386.65 4.1255 9.1885 9.6701 1
151.59 159.82 30.762 24.635 3.7321 1
15.403 90.378 38.55 35.456 3.8616 1
87.838 124.12 36.003 36.719 3.552 1
126.82 140.42 36.007 34.595 3.2612 1
158.88 142.25 31.128 39.171 3.4868 1
159.97 158.25 24.171 8.9416 4.2882 1
209.11 406.64 186.56 183.65 4.4491 1
85.435 21.649 39.148 42.129 4.3174 1
135.42 86.558 41.5 39.751 6.0251 1
355.38 237.88 36.336 37.007 5.3138 1
373.95 355.23 12.851 10.117 3.1686 1
367.97 401.71 16.215 12.339 3.7255 1
148.84 126.05 19.675 28.975 3.8503 1
1.5498 20.364 36.285 36.939 3.7912 1
196.63 175.38 4.8423 4.9004 6.2773 1
127.43 146.3 24.208 17.02 3.3376 1
235.87 229.71 38.993 74.008 3.4766 1
356.62 367.98 12.899 16.278 2.3444 1
179.03 194.2 11.105 8.3037 2.3261 1
22.989 1.5357 41.954 40.831 4.2092 1
175.31 136.53 44.146 42.062 3.7446 1
145.25 156.53 18.532 16.169 2.7032 1
368.63 363.18 35.551 20.265 3.194 1
230.47 207.86 38.66 41.484 2.9444 1
145.37 167.87 39.895 39.768 1.3627 1
366.35 380.57 17.981 54.534 2.9777 1
230.4 210.6 10.458 16.164 2.2184 1
211.66 234.07 38.113 35.004 2.3046 1
218.73 222.08 232.94 252.8 1.6486 1
384.64 404.92 331.7 191.56 1.9531 1
226.93 230.21 280.33 300.4 1.8394 1
486.62 462.87 21.816 21.732 1.3029 1
455.38 424.12 20.329 19.397 1.8454 1
206.63 182.88 41.625 41.625 1.25 1
