262.16 234.62 345.06 190.06 4.271 1
638.99 638.98 411.63 149.13 1.254 1
406.53 429.1 56.174 51.495 3.7169 1
137.87 574.12 479 478.98 1.2692 1
301.67 252.84 38.782 31.855 3.8969 1
252.77 303.02 28.641 35.596 3.6374 1
432.99 406.85 53.314 60.01 4.4735 1
303.81 405.3 37.085 55.758 4.8591 1
437.76 454.74 37.651 29.105 4.5046 1
366.52 299.24 51.055 40.875 4.9848 1
14 1.3974 1.9848 3.75 3.8871 1
1.2912 51.348 14.141 0.60123 4.7277 1
453.53 440.3 33.032 40.242 3.2927 1
409.12 541.35 250.53 98.887 5.0275 1
609.94 632.37 43.627 46.652 10.412 1
235.37 402.17 187.87 69.892 4.2539 1
231 255.67 11.982 29.243 4.7092 1
392.2 261.7 418.36 345.24 8.3906 1
483.88 480.34 1.5961 31.767 5.7702 1
391.86 366.55 59.594 51.856 5.048 1
253.43 241.71 31.65 25.221 3.2876 1
631.66 610.35 53.668 54.057 8.7485 1
535.1 515.56 123.77 206.67 4.5799 1
155.42 83.041 19.255 42.151 3.5883 1
109.14 173.98 30.426 11.142 3.7859 1
202.86 230.32 7.966 11.994 3.3145 1
541.73 535.66 1.3535 26.988 4.4486 1
219.08 170.33 12.048 14.472 4.1869 1
397.92 426.65 45.63 40.491 4.3914 1
480.4 456.65 34.303 34.065 8.7997 1
594.29 610.83 51.12 47.409 4.8787 1
515.43 503.67 208.83 256.51 4.2557 1
82.622 1.372 41.503 56.505 3.4989 1
1.5091 109.31 53.529 32.566 4.3281 1
541.25 534.56 101.15 124.25 4.9929 1
492.94 486.19 9.2063 14.854 4.0323 1
425.31 401.2 43.729 47.947 4.2177 1
170.29 156.36 16.223 19.107 2.7875 1
175.23 202.78 11.645 8.3056 3.1587 1
448.9 402.61 71.61 63.05 3.78 1
572.91 535.32 40.931 38.767 3.3845 1
455.38 461.99 30.261 1.1401 10.8 1
611.63 595.37 53.145 53.19 5.0137 1
66.33 1.3333 0.52941 18.042 4.221 1
456.62 475.39 40.406 40.832 1.6187 1
236.41 405.15 189.65 258.43 3.9306 1
498.51 396.69 263.3 416.25 5.1247 1
504.12 498.61 250.96 262.63 4.5836 1
407.95 455.53 61.17 69.517 3.1755 1
403.9 392.86 60.291 59.252 5.7536 1
539.06 569.11 36.021 36.98 4.2669 1
539.07 441.8 98.121 77.085 4.4597 1
451.63 440.35 46.486 45.792 1.7846 1
569.16 592.94 37.47 39.623 5.7738 1
522.89 504.32 36.679 42.272 2.5093 1
525.55 499.46 44.771 51.648 2.6806 1
441.66 451.64 43.367 43.788 1.6171 1
499.13 521.62 35.658 35.361 2.4503 1
492.2 489.35 13.033 23.284 5.1521 1
498.13 520.53 48.923 43.501 2.5066 1
550.38 516.65 85.343 80.205 2.4958 1
486.63 507.88 24.999 25.142 2.4747 1
525.41 556.61 78.866 83.02 2.7239 1
239.11 260.08 196.63 316.68 2.4038 1
598.95 583.98 37.284 33.42 2.4207 1
511.62 522.88 6.7814 6.7396 2.5325 1
453.85 452.96 43.059 35.666 4.1621 1
586.47 573.6 50.602 41.82 3.0498 1
450.31 453.73 66.402 46.345 6.3431 1
514.74 504.67 25.946 14.762 2.7865 1
589.08 602.78 31.84 34.586 2.4537 1
580.72 585.87 41.698 45.227 3.0938 1
639.1 579.26 133.01 120.96 2.7212 1
405.18 393.89 260.36 415.36 3.1956 1
580.35 632.94 117.99 128.79 2.0764 1
260.86 263.8 320.3 339.18 1.6203 1
512.92 497.9 77.293 76.244 1.6945 1
576.6 541.55 120.5 113.26 1.982 1
541.46 574.11 109.9 116.69 1.9386 1
520.52 512.82 11.826 10.744 2.8116 1
513.23 521.35 18.773 26.899 2.0267 1
634.89 639.49 128.97 114.24 3.2074 1
496.59 467.84 77.02 74.584 1.9634 1
621.62 585.23 25.402 21.9 3.7328 1
