183.93 143.2 272.33 98.756 5.1666 1
470.83 467.72 149 168.05 4.0767 1
136.62 574.12 478.99 478.98 1.2589 1
478.61 470.07 124.73 148.22 6.0871 1
464.05 460.1 188.07 211.79 3.9049 1
638.98 638.99 412.87 149.12 1.2588 1
467.54 469.93 168.89 177.99 4.2625 1
481.63 483.57 94.405 103 4.7216 1
145.16 474.13 99.692 122.83 5.5032 1
472.82 481.25 86.603 94.52 5.1326 1
472.64 478.63 112.99 125.61 3.9818 1
470.79 472.73 55.427 86.634 4.3622 1
460.21 461.97 212.69 223.03 3.6973 1
221.63 470.27 42.875 55.071 4.6503 1
483.32 475.37 103.54 114.46 5.054 1
473.1 474.48 92.785 115.43 3.6674 1
469.43 464.3 177.33 188.64 6.1026 1
459.21 452.41 224.15 253.06 5.0104 1
452.84 444.84 253.9 300.28 4.2026 1
460.21 255.34 306.92 284.43 10.669 1
562.86 596.65 7.1344 8.1794 2.4988 1
562.96 495.27 10.941 2.5019 3.7112 1
511.58 561.68 2.0295 7.4042 3.4671 1
639.17 564.09 12.754 10.135 3.2249 1
255.25 193.02 283.97 276.67 8.399 1
590.33 639.14 7.4919 10.097 2.8295 1
162.69 186.01 166.67 266.77 1.9153 1
148.9 161.97 109.18 164.04 1.6808 1
456.6 463.56 174.12 130.29 2.1922 1
469.13 469.13 85.375 66.625 1.25 1
452.88 425.38 56.625 56.625 1.25 1
210.38 180.34 107.87 105.91 1.5193 1
446.51 451.97 239.11 202.93 1.9309 1
152.98 182.9 90.486 62.9 2.1834 1
465.03 466.82 172.85 151.64 1.25 1
442.47 445.97 262.8 242.98 1.8089 1
452.48 455.85 201.57 177.94 1.5929 1
231.63 211.64 109.1 107.69 1.7727 1
415.37 390.4 55.416 53.74 1.25 1
320.38 304.13 50.375 50.375 1.25 1
