135.37 574.12 478.99 478.98 1.256 1
638.99 638.97 412.88 149.13 1.2681 1
202.6 163.33 287.93 103.76 5.9959 1
556.58 490.39 239.11 409.13 6.7393 1
599.7 558.11 102.29 239.2 8.5836 1
162.49 275.89 103.02 32.448 4.9276 1
276.33 598.79 32.978 103.14 5.6435 1
416.41 197.58 382.53 288.15 11.164 1
487.33 416.37 411.71 382.91 10.289 1
36.641 17.775 12.774 9.7499 4.1456 1
166.28 560.5 104.05 219.94 4.385 1
75.195 1.2553 104.77 84.204 3.6928 1
1.2942 81.424 80.328 102.36 3.7018 1
82.344 31.436 103.2 132.55 3.8732 1
1.4154 70.92 145.01 105.39 3.4525 1
23.839 67.653 59.596 43.52 2.744 1
93.015 126.89 36.977 23.533 2.7491 1
153.51 125.85 8.823 27.333 2.4605 1
29.165 1.4756 134.2 150.12 3.0886 1
68.17 91.981 43.838 36.536 2.2147 1
127.83 150.3 22.801 7.7676 2.4423 1
121.91 87.926 28.625 41.758 2.5448 1
1.4723 23.091 71.31 60.821 1.8701 1
63.968 18.965 47.472 64.963 2.3254 1
