638.97 638.99 412.87 146.62 1.2601 1
137.87 575.37 479 478.97 1.2767 1
569.9 485.22 177.07 358.47 5.2066 1
173.5 145.77 325.29 130.14 4.6737 1
484.02 165.62 360.17 327.94 10.858 1
201.42 518.95 42.196 78.143 4.7575 1
519.27 570.98 78.456 176.96 5.532 1
160.68 176.55 98.17 81.549 5.178 1
145.76 162.17 130.14 103.69 4.249 1
160.35 163.47 104.67 97.587 3.1757 1
176.2 200.2 80.89 42.293 4.1876 1
148.96 567.84 130.58 176.96 4.7644 1
483.89 510.73 354.02 296.79 1.6625 1
523.73 562.24 268.94 185.66 1.73 1
501.61 399.14 79.245 67.742 1.8256 1
153.52 162.45 164.03 224.19 1.8845 1
625.82 610.67 0.64173 32.362 8.4345 1
151.13 152.74 141.56 159.14 1.3472 1
