196.07 154.87 297.41 126.44 4.7892 1
135.37 575.37 478.99 478.98 1.2651 1
495.32 464.22 128.89 305.17 5.0692 1
638.97 638.99 411.62 147.87 1.2632 1
481.89 491.93 95.106 105.07 4.4616 1
489.2 495.25 113.59 128.67 3.9457 1
469.95 482.2 62.259 94.687 4.2102 1
204.12 470.37 62.169 62.21 3.7895 1
156.6 406.63 125.66 128.95 5.7226 1
456.75 385.46 6.3682 0.62719 2.9187 1
475.3 514.11 6.4347 9.2762 2.7981 1
434.14 474.22 1.4456 5.7733 2.9527 1
542.83 457.79 13.5 7.9387 4.2792 1
481.56 205.43 310.25 302.35 8.9638 1
515.35 546.65 8.545 9.5991 3.0035 1
550.32 614.16 8.9473 12.14 3.1215 1
639.43 596.75 21.184 13.432 3.9159 1
156.44 203.59 121.48 60.932 3.5085 1
597.85 544.11 13.651 11.944 3.2718 1
614.46 639.32 12.635 18.239 3.2977 1
194.94 198.25 279.23 292.78 1.8347 1
407.87 492.88 128.35 129.05 2.7999 1
158.87 194.32 129.19 276.58 2.0161 1
117.88 81.625 1.625 1.625 1.25 1
476.64 483.31 180.38 139.2 1.8684 1
479.96 483.34 197.8 179.21 1.3421 1
184.13 161.63 130.37 130.37 1.25 1
