266.15 265.98 132.88 105.36 3.8741 1
638.98 638.98 412.87 147.87 1.2533 1
261.59 265.89 302.91 137.92 5.0839 1
136.62 574.12 479 478.97 1.2798 1
265.63 400.85 107.64 17.337 5.9428 1
415.35 260.45 372.92 303.96 6.4373 1
267.13 476.3 107.69 175.13 5.798 1
479.66 428.71 171.79 333.14 6.2735 1
430.63 416.64 332.48 372.83 10.314 1
525.95 486.9 104.77 215.91 4.0475 1
344.09 376.65 162.98 172.8 3.5901 1
542.8 529.27 54.922 94.601 5.5392 1
375.26 352.9 167.09 161.53 3.3517 1
529.51 523.55 95.017 109.41 3.5453 1
370.22 349.32 200.89 194.7 3.2414 1
260.82 262.97 349.28 307.75 12.097 1
352.99 365.53 199.99 203.59 2.748 1
269.16 269.16 111.62 134.12 1.253 1
341.73 356.62 257.58 262.9 2.3543 1
487.4 457.56 216.41 283.29 5.7258 1
399.18 385.41 205.04 202.66 3.2698 1
401.02 542.65 17.736 52.527 5.6869 1
269.17 266.26 142.88 250.37 2.1609 1
360.34 338.95 260.47 253.42 2.7915 1
386.76 375.39 263.24 261.51 3.1423 1
266.03 265.02 259.11 301.62 1.9076 1
531.76 480.23 75.445 172.8 3.77 1
316.52 308.09 292.97 283.92 2.8058 1
332.8 350.36 306.83 312.93 2.0008 1
354.07 332.73 310.55 303.29 2.7441 1
326.91 314.2 247.58 235.3 2.7874 1
336.45 322.91 154.38 145.33 2.7731 1
406.64 392.89 172.66 171.49 2.8108 1
335.64 319.85 188.76 177.35 3.9414 1
376.67 365.3 312.58 310.92 2.6541 1
457.2 435.08 283.69 333.44 4.6976 1
471.86 460.37 183.52 179.15 1.8923 1
458 379.14 178.74 152.82 2.7006 1
412.63 410.01 373.94 385.57 9.0854 1
465.26 394.21 206.97 182.62 2.6335 1
375.32 272.63 176.78 142.34 2.5161 1
605.25 597.97 2.8138 17.92 2.8762 1
275.4 309.39 139.06 150.87 2.3616 1
355.3 386.39 148.1 158.56 1.6649 1
629.09 599.14 24.465 25.643 2.9607 1
565.54 550.45 8.7091 2.6968 1.7713 1
386.74 395.49 195.21 201.46 2.9065 1
