135.37 575.37 479 478.98 1.2684 1
536.19 511.26 137.44 234.67 4.6881 1
544 536.41 107.2 136.89 5.1256 1
638.98 638.99 412.87 147.87 1.2576 1
609.07 636.62 72.494 74.151 3.3213 1
169.43 446.89 89.787 45.808 5.0239 1
208.05 204.71 223.11 207.75 4.0398 1
204.26 200.99 204.36 188.99 4.0086 1
639.14 604.13 76.737 77.1 5.2589 1
214.23 211.39 253.13 240.15 3.9306 1
200.81 197.13 187.77 173.06 3.9413 1
211.4 208.1 239.44 223.81 4.2509 1
217.6 215.55 270.67 260.1 4.3966 1
511.25 499.19 234.96 282.58 5.7986 1
235.64 227 360.04 321.26 7.4531 1
447.11 544.06 45.321 107.43 5.1805 1
515.25 558.04 31.925 49.977 4.1752 1
223.45 221.91 300.28 290.53 3.9662 1
215.46 214.15 259.4 253.83 3.3673 1
179.13 169.07 124.87 91.267 7.5436 1
221.57 217.84 290.38 271.39 4.1621 1
226.98 222.44 320.98 300.75 9.2085 1
564.71 518.07 56.433 37.392 4.6291 1
200.33 540.4 177.65 107.99 4.677 1
507.59 236.11 283.6 364.89 9.3085 1
473.75 508.95 12.614 25.849 3.51 1
505.64 472.08 28.439 15.458 4.2573 1
629.1 639.21 72.04 72.655 3.8189 1
558.6 588.22 50.048 66.964 3.7242 1
197.08 180.89 172.72 125.2 4.1634 1
600.37 639.13 61.002 60.545 4.1039 1
578.1 564.81 67.58 57.357 4.6492 1
639.18 615.39 64.762 62.752 3.3332 1
616.36 597.82 62.761 66.339 2.6915 1
601.87 639.34 78.569 94.872 3.4903 1
507.08 515.92 25.766 30.456 3.8309 1
639.43 577.9 99.771 69.066 4.4943 1
110.38 1.5867 1.7551 7.0948 4.0519 1
200.49 176.33 236.87 126.42 3.7784 1
517.63 505.64 37.017 29.436 4.894 1
217.71 199.95 302.58 237.65 4.0859 1
1.5951 65.367 2.9682 1.3207 2.6606 1
466.81 464.25 10.675 1.5891 3.0835 1
508.9 516.95 231.57 200.46 1.6073 1
517.53 527.05 197.79 160.48 1.8043 1
214.07 191.62 86.225 89.052 1.5525 1
275.32 256.62 76.265 79.124 1.8026 1
