197.85 157.9 302.6 122.59 4.633 1
136.62 574.12 478.99 478.98 1.2658 1
638.97 638.99 411.62 146.62 1.2644 1
517.67 512.39 116.3 140.27 4.7384 1
511.26 476.23 145 296.24 4.6117 1
191.65 470.41 51.867 47.401 4.8161 1
471.63 518.49 47.476 115.81 4.3343 1
490.42 197.93 299.76 306.64 9.2829 1
157.42 191.95 122.04 51.14 4.329 1
160.36 512.88 122.17 115.58 4.2984 1
604.48 632.41 33.432 47.552 2.8444 1
593.02 564.54 7.2902 -0.0031299 3.7209 1
627.87 607.23 49.134 39.126 3.544 1
632.15 640.13 47.269 54.218 3.3144 1
607.02 595.85 39.06 30.965 3.9475 1
640.66 625.52 61.169 47.571 5.5794 1
600.52 592.34 12.629 7.8902 3.4165 1
580.94 601.89 0.18901 8.4534 3.5203 1
596.63 600.98 30.734 15.548 4.2936 1
605.4 601.48 13.751 26.581 4.2161 1
162.67 200.04 129.17 297.95 2.0667 1
496.35 470.7 89.309 51.404 1.7045 1
375.37 314.13 52.754 52.928 1.2678 1
242.88 201.63 54.125 54.125 1.25 1
