638.99 638.97 412.88 147.88 1.2658 1
410.82 405.75 1.567 71.652 3.8304 1
137.87 574.12 479 478.98 1.2714 1
285.5 283.87 1.513 17.85 4.2278 1
297.15 296.7 1.5241 10.379 3.7451 1
330.1 330.54 51.616 37.88 2.3415 1
493.97 451.67 190.1 403.89 6.5503 1
279.25 279.09 40.376 57.875 2.6012 1
222.94 222.34 54.156 31.639 2.9647 1
238.77 238.08 35.402 57.92 2.6139 1
195.74 196.99 30.267 49.1 2.9948 1
200.99 198.54 49.342 28.086 3.9662 1
333.89 333.04 34.178 50.449 1.8699 1
151.59 149.93 51.72 29.158 3.5058 1
136.32 133.2 29.257 51.671 3.7142 1
447.34 409.5 1.3046 64.854 3.3776 1
204.11 205.04 32.876 49.072 2.6398 1
292.35 293.06 36.601 57.869 1.4147 1
212.52 212.51 51.625 34.125 1.2563 1
284.83 284.24 45.408 57.88 1.7215 1
281.91 282.74 56.697 39.06 3.0374 1
145.99 147.67 29.066 46.645 2.8445 1
187.76 187.17 46.689 34.099 4.5808 1
272.44 271.06 46.59 64.178 4.8869 1
412.2 451.5 66.73 0.80715 3.8805 1
234.17 236.59 56.428 41.619 2.6437 1
121.96 123.35 40.338 52.822 2.9002 1
292.55 292.59 11.629 1.6182 5.0165 1
244.58 243.16 45.415 61.759 3.4112 1
409.73 414.54 65.421 1.5622 3.7815 1
126.98 125.61 54.207 39.104 4.0741 1
240.75 241.75 56.584 35.322 3.8632 1
275.6 275.98 59.104 40.362 2.7814 1
153.38 155.11 27.836 50.3 3.1639 1
280.56 251.59 20.696 18.234 7.0245 1
183.09 184.61 34.103 49.076 2.9926 1
108.4 110.43 37.805 52.868 2.9782 1
397.9 405.64 71.902 1.38 10.137 1
107.15 104.81 54.221 36.7 3.4708 1
74.612 78.177 38.331 54.057 4.4862 1
367.79 493.25 99.252 187.34 5.4201 1
224.44 226.87 41.57 55.332 2.5351 1
145.37 140.63 47.877 28.113 4.2293 1
540.26 531.19 1.439 67.816 4.2232 1
158.08 156.69 47.947 27.871 2.6669 1
174.15 174.3 47.892 36.627 2.6156 1
80.037 79.253 50.393 35.368 2.6268 1
272.98 272.83 434.14 419.14 6.313 1
237.04 231.41 267.95 100.38 4.3087 1
451.83 276.64 404.09 432.99 8.0153 1
275.45 272.92 229.21 192.7 5.1609 1
81.304 83.047 39.169 51.774 2.0227 1
180.79 179.84 50.428 35.408 3.2006 1
298.01 300.32 16.36 6.6119 3.615 1
273.67 273.82 397.89 380.36 5.1434 1
273.52 274.49 380.39 225.39 6.8932 1
27.484 30.266 25.215 40.163 2.9152 1
636.04 639.9 61.783 45.56 3.9376 1
503.65 527.52 1.3415 66.755 3.8873 1
530.88 525 66.102 46.364 5.2759 1
55.028 51.701 47.93 26.81 4.0933 1
274.64 274.62 417.88 399.12 1.2696 1
272.34 276.41 7.5565 0.74822 5.5746 1
36.732 38.85 27.86 43.087 3.542 1
93.355 91.741 50.306 39.108 3.7117 1
270.31 261.49 421.04 384.46 6.7054 1
44.378 47.025 27.834 44.06 2.8699 1
87.747 84.691 54.428 40.525 3.0046 1
274.25 491.6 199.27 188.69 7.4541 1
231.58 232.6 1.5175 12.9 3.6246 1
337.05 340.87 51.741 37.67 4.9277 1
625.06 640.39 60.271 13.287 6.1431 1
277.84 292.85 27.81 20.329 5.0362 1
125.5 110.39 35.716 36.879 5.7531 1
537.08 538.83 70.234 60.323 2.8975 1
19.988 12.814 32.963 1.3551 5.4897 1
256.49 266.8 2.2226 4.6379 5.6905 1
101.4 102.52 42.746 51.669 2.3208 1
261.63 236.77 384.12 267.84 4.8972 1
314.12 331.64 7.7445 7.3266 2.7378 1
82.733 90.664 56.097 57.657 4.115 1
524.41 508.63 46.081 1.3597 4.2987 1
190.86 189.09 35.35 1.5615 3.2214 1
43.183 39.947 44.289 25.667 3.7473 1
251.68 271.7 24.905 27.206 4.1966 1
537.88 624.12 59.131 58.944 6.4017 1
25.806 23.291 37.767 27.77 3.6367 1
191.3 190.71 67.884 46.616 2.5337 1
233.48 252.02 12.655 24.245 4.9022 1
407.85 507.84 69.907 72.847 4.2632 1
60.469 69.307 44.985 47.121 3.6451 1
269.94 270.22 64.115 86.627 3.8404 1
56.057 73.296 1.317 39.499 5.3306 1
197.89 221.69 1.3853 3.2996 3.1935 1
525.42 416.62 67.225 64.409 4.1045 1
572.86 560.23 1.6207 55.341 2.5067 1
24.738 19.744 54.284 34.283 4.851 1
339.64 338.03 54.066 74.237 3.1879 1
545.95 537.06 1.3294 59.192 3.8923 1
443.03 452.02 407.76 420.08 6.5217 1
639.46 631.21 30.474 58.123 3.8251 1
557.28 569.91 55.529 1.5153 2.6394 1
70.292 60.145 39.681 38.169 3.709 1
1.4401 22.912 50.982 52.26 7.6353 1
37.699 46.382 3.4376 6.1534 3.2058 1
341.18 340.51 20.351 32.882 4.0091 1
270.98 270.8 409.14 397.87 1.4089 1
72.974 61.257 28.546 1.2463 3.9441 1
187.74 188.73 51.516 61.663 2.488 1
270.15 249.01 191.72 140.42 2.1717 1
234.13 366.63 99.971 100.07 5.0805 1
392.97 384.08 373.11 376.5 2.4345 1
612.61 600.52 94.975 91.162 4.3922 1
413.95 443.89 51.52 1.4836 1.8987 1
340.65 334.96 73.301 80.027 5.2848 1
65.731 77.073 1.4348 22.636 2.5627 1
400.36 412.89 222.64 221.96 1.7231 1
273.35 274.08 85.392 65.373 2.9051 1
635.48 624 111.47 103.65 4.4598 1
334.93 303.9 78.902 84.007 7.0263 1
448.62 448.1 426.54 436.64 4.0001 1
269.53 252.92 91.942 88.887 7.3762 1
288.81 277.6 449.51 440.42 5.6431 1
621.8 613.04 97.247 94.783 2.0681 1
319.11 294.15 232.71 234.42 1.418 1
630.53 614.18 66.93 65.787 4.9006 1
379.12 392.89 222.99 223.91 1.7463 1
639.14 620.37 88.343 88.932 1.6804 1
127.95 111.63 86.042 87.948 3.3534 1
404.09 411.63 305.7 306.58 2.7745 1
290.35 273.78 87.746 91.277 6.5533 1
410.36 422.88 241.78 242.87 1.7871 1
