638.98 638.99 411.62 149.12 1.2571 1
139.12 572.87 479 478.98 1.2728 1
417.48 395.57 158.88 308.97 4.5598 1
396.59 251.64 310.19 339.18 8.0911 1
249.92 224.7 336.7 188.81 4.7847 1
44.703 69.164 43.996 38.036 4.2044 1
355.88 416.82 60.835 159.48 5.128 1
1.5677 41.594 46.713 44.741 4.133 1
52.902 1.594 49.869 50.554 4.9161 1
196.11 206.36 33.975 84.179 3.7754 1
226.53 414.24 188.5 161.14 4.7166 1
68.866 78.613 37.568 27.328 3.7959 1
71.477 80.545 10.235 0.60764 4.2852 1
77.084 71.445 25.694 11.698 3.4954 1
38.904 60.67 32.454 21.052 4.3235 1
112.93 90.427 4.0911 5.1928 6.8537 1
223.91 205.25 184.41 89.149 4.2982 1
76.259 61.972 37.186 44.778 4.4846 1
86.622 51.631 48.735 48.609 3.7816 1
281.62 197.93 26.531 34.643 4.9704 1
66.607 47.602 24.074 30.861 3.4475 1
98.834 111.49 10.439 7.3326 1.803 1
161.76 116.82 36.165 44.001 2.7785 1
292.31 305.04 3.2346 23.092 2.7794 1
130.3 159.09 38.788 32.725 2.4463 1
299.56 289.58 22.139 6.3349 2.9466 1
66.593 81.618 45.954 45.238 1.5461 1
340.27 331.27 36.689 21.843 2.558 1
392.64 413.43 306.59 164.21 1.9224 1
146.69 129.27 8.043 14.509 2.0776 1
