638.98 638.98 411.63 149.13 1.2502 1
124.06 171.69 2.5441 5.6974 4.0806 1
164.19 131.58 8.2803 5.9435 3.651 1
137.87 574.12 479.02 478.97 1.2895 1
217.46 183.5 316.44 161.21 4.9986 1
399.06 370.51 70.504 334.28 5.2212 1
81.614 125.39 1.8794 3.7067 3.5404 1
132.89 87.885 6.5375 5.9219 3.081 1
190.54 216.7 7.6448 3.3196 3.9133 1
367.72 217.8 336.62 318.48 8.2042 1
172.83 186.67 6.3309 7.03 3.0013 1
225.41 204.31 1.7173 10.8 4.1127 1
301.54 271.68 16.585 14.589 4.4084 1
425.37 466.63 2.3077 2.7895 2.8647 1
94.161 11.642 4.4652 1.1961 5.0456 1
263.04 243.38 14.215 50.645 3.8061 1
211.85 170.34 14.918 9.3918 6.2759 1
182.95 234.62 161.57 65.64 5.0797 1
169.22 160.35 9.4509 10.014 3.9798 1
400.28 301.48 23.031 16.264 6.0304 1
185.4 385.29 161.38 180.04 4.581 1
271.63 264.12 14.03 14.038 2.5065 1
259.08 212.87 17.671 15.532 2.4395 1
206.59 247.86 12.207 14.39 2.5625 1
399.32 400.29 40.388 25.289 3.422 1
393.11 399 95.4 40.496 3.862 1
369.63 365.75 337.72 356.7 2.9768 1
431.56 436.61 6.796 45.54 3.0217 1
431.66 427.39 44.267 7.7851 3.3541 1
435.4 401.62 46.486 45.756 2.5264 1
200.97 205.65 224.26 247.82 1.4841 1
404.13 429.12 42.79 44.158 1.863 1
391.23 392.66 114.09 96.608 1.25 1
188.79 194.19 170.45 194.11 1.6032 1
194.91 199.79 196.72 220.49 1.6934 1
572.86 537.85 19.373 16.961 2.2364 1
370.75 371.97 304.15 287.9 1.25 1
374.84 378.3 264.07 232.92 1.6555 1
372.62 374.26 284.09 270.39 1.5381 1
606.62 582.85 18.913 19.7 1.4562 1
524.13 505.41 14.108 12.434 2.2673 1
