638.98 638.98 411.62 147.87 1.2535 1
136.62 574.12 479 478.98 1.2661 1
502.85 466.24 176.18 385.09 6.5508 1
340.04 364.52 35.139 29.622 4.6375 1
466.52 297.9 385.57 403.08 7.4194 1
291.09 289.41 406.91 388.86 5.8375 1
285.48 277.39 291.69 153.93 8.073 1
390.43 368.55 10.639 14.894 4.976 1
375.29 410.42 27.446 20.622 4.6346 1
368.05 351.43 15.13 18.039 3.9715 1
313.83 334.83 38.527 28.043 4.4776 1
365.33 375.35 28.449 28.226 6.3597 1
289.22 284.58 387.99 291.48 8.0197 1
410.73 398.72 0.70148 5.6275 4.0011 1
282.84 501.73 189.77 177.29 5.9826 1
213.81 236.92 29.827 25.785 4.9864 1
483.56 479.84 1.3027 36.7 7.5234 1
198.2 181.13 15.607 19.403 4.7457 1
170.05 201.62 36.093 30.329 5.154 1
407.34 503.47 80.916 177.28 7.0075 1
256.41 242.83 5.571 15.308 4.7921 1
617.87 485.37 28.823 31.343 3.7357 1
485.37 559.14 34.861 33.699 3.7102 1
502.6 487.95 0.69093 24.656 3.8515 1
488.39 508.22 31.522 1.0383 4.557 1
200.83 199.85 29.193 17.813 3.9501 1
207.04 203.52 13.689 30.511 6.9408 1
269.33 270.98 17.902 5.2903 2.8025 1
1.5971 105.38 36.178 34.473 6.4954 1
119.05 131.57 29.408 28.46 5.4575 1
274.12 407.92 85.291 80.454 4.5606 1
469.97 476.95 37.032 1.2006 8.7636 1
137.84 149.19 27.168 26.595 3.9345 1
560.36 631.69 33.779 30.695 3.6528 1
631.58 639.52 16.46 14.417 4.2547 1
416.57 397.9 348.99 356.7 2.5115 1
423.78 400.49 295.57 303.23 2.4207 1
487.47 490.11 21.735 1.5899 3.5556 1
431.66 410.41 201.78 206.76 2.643 1
459.94 465.95 387.14 403.92 7.4824 1
408.99 410.26 17.858 7.5533 4.0328 1
425.72 404.41 235.33 241.39 2.5912 1
276.52 271.4 154.32 87.7 6.5208 1
404 389.08 240.63 242.49 2.9497 1
406.35 358.82 47.966 59.091 4.9982 1
134.33 132.75 25.206 11.639 5.7751 1
298.94 292.35 420.46 406.19 10.478 1
462.58 460.19 400.33 417.85 4.1122 1
351.69 333.87 61.991 65.258 4.3648 1
406.58 389.19 207.29 208.67 2.4921 1
198.08 162.75 62.959 68.292 4.5242 1
409.11 459.11 38.685 37.464 1.9804 1
107.82 105.95 24.133 12.78 3.6999 1
221.71 199.05 58.365 62.433 2.1454 1
387.87 404.21 212.87 211.21 2.6134 1
620.76 618.58 13.035 1.2633 3.6877 1
495.37 410.42 186.58 191.13 2.2294 1
628.8 626.29 3.6647 19.07 8.0051 1
399.16 386.64 303.22 304.34 1.6899 1
607.21 615.32 1.4285 25.394 3.608 1
333.23 307.98 64.812 59.831 7.0994 1
396.78 384.18 356.48 358.24 2.6495 1
382.87 419.13 195.19 194.31 2.3172 1
408.77 406.97 24.083 39.314 5.1123 1
477.87 450.36 211.46 212.45 1.6966 1
449.12 417.83 212.78 214.58 1.4875 1
307.86 289.12 59.282 57.908 4.1055 1
407.87 387.85 191.48 191.95 1.2795 1
375.41 299.08 217.21 222.2 2.3318 1
414.1 377.89 214.92 216.92 2.0142 1
286.62 286.62 224.13 245.38 1.25 1
306.81 300.2 421.35 416.88 4.2189 1
