638.98 638.98 412.87 146.62 1.2568 1
137.87 575.37 478.99 478.98 1.2643 1
506.71 201.62 308.38 322.77 10.99 1
199.08 502.87 35.861 44.331 4.7982 1
181.26 196.48 87.602 73.833 5.0317 1
581.21 505.43 127.36 305.59 7.9347 1
190.38 579.12 125.8 127.59 4.6492 1
198.85 200.4 235.42 200.32 8.4661 1
194.22 193.59 186.62 134.13 8.6439 1
183.38 193.09 123.27 110.82 5.4809 1
502.77 583.07 44.18 127.64 5.7594 1
200.23 194.47 199.72 186.3 8.7019 1
191.1 185.1 138.93 121.79 8.4377 1
191.47 179.66 112.2 95.005 6.4453 1
180.8 183.15 94.677 87.553 5.1399 1
186.89 188.54 93.038 102.97 4.5171 1
195.91 199.43 74.293 36.771 6.5325 1
193.45 195.46 103.94 82.647 6.1048 1
212.3 202.83 318.91 235.38 8.7333 1
498.64 494.6 316.89 325.6 5.5877 1
412.89 366.63 44.47 43.955 1.3474 1
347.88 319.13 42.875 42.875 1.25 1
574.13 534.13 130.37 130.37 1.25 1
265.38 244.13 40.375 40.375 1.25 1
