136.62 574.12 478.99 478.98 1.2615 1
527.88 495.03 92.6 241.27 5.0808 1
638.98 638.98 412.87 146.62 1.2543 1
534.47 528.12 64.853 91.041 5.6259 1
487.58 450.46 17.587 6.3524 4.0616 1
448.95 502.71 2.1566 19.619 3.8006 1
225.05 532.05 163.13 64.2 5.1155 1
155.55 421.88 79.831 13.893 4.8839 1
512.55 488.25 28.378 17.062 3.7887 1
482.76 534.02 41.897 63.121 3.4647 1
193.14 155.57 226.88 81.253 5.115 1
498.16 268.49 242.22 351.79 9.7404 1
260.57 255.36 354.05 339.49 7.9038 1
502.79 528.53 20.603 30.659 3.2925 1
536.71 580.52 34.19 31.445 5.3779 1
422.35 481.94 14.038 40.936 4.0751 1
257.47 222.59 338.2 161.68 4.2376 1
203.92 194.94 262.13 235.95 5.2735 1
575.53 546.59 35.479 38.782 4.86 1
195.3 193.3 235.4 227.45 3.9416 1
556.39 520.54 49.659 33.743 4.0583 1
592.58 573.54 27.284 36.688 5.618 1
596.48 556.95 62.08 49.378 3.4029 1
639.28 627.82 18.58 18.16 8.6527 1
541.92 611.42 40.726 63.501 3.5233 1
592.85 613.71 20.281 14.983 4.289 1
616.78 593.02 18.488 24.684 4.8383 1
451.43 438.06 5.9118 1.1127 4.7062 1
252.68 205.15 340.01 262.25 5.0949 1
221.89 157.33 161.41 82.071 4.6472 1
626.63 617.88 18.469 18.442 3.75 1
541.62 577.87 21.984 22.107 3.7246 1
576.38 590.34 22.894 25.57 3.7335 1
579.12 537.87 25.327 25.614 3.7325 1
605.4 591.51 32.764 29.638 3.5369 1
595.67 611.69 26.83 31.383 3.2654 1
615.16 639.17 25.998 28.748 3.4025 1
638.77 593.06 71.997 62.046 3.7143 1
601.67 606.89 57.886 35.149 10.306 1
513.21 523.18 142.95 99.194 2.052 1
502.93 512.78 190.39 146.6 1.8906 1
161.68 168.19 91.611 117.8 2.1176 1
629.75 619 32.598 29.555 3.6643 1
