136.62 574.12 478.99 478.98 1.2606 1
638.98 638.99 411.62 147.87 1.2539 1
174.69 143.18 213.01 56.313 4.9498 1
144.57 370.78 57.787 132.91 5.8668 1
459.92 432.77 76.341 238.9 5.1553 1
432.73 359.76 237.73 309.77 4.888 1
370.29 457.66 132 77.026 6.5521 1
355.28 182.52 313.2 221.2 8.1999 1
438.86 458.53 70.064 75.535 4.8171 1
143.7 249.69 56.752 23.42 6.0675 1
380.03 354.17 319.23 312.7 7.8717 1
572.9 602.94 1.2311 3.1856 2.9006 1
614.09 638.07 6.3697 3.021 5.9892 1
549.37 639.28 2.9582 22.163 3.4176 1
636.79 617.64 9.7362 11.382 5.4776 1
609.03 549.16 8.6406 1.3672 4.4413 1
425.85 423.25 178.96 191.44 2.9067 1
419.26 415.67 223.82 237.04 3.1881 1
639.31 548.2 25.771 6.3668 3.623 1
416.42 430.55 133.29 129.83 3.6428 1
547.92 501.69 6.2646 1.0227 4.2382 1
406.71 416.98 224.44 221.71 2.0704 1
410.17 424.27 182.09 178.42 3.365 1
425.39 434.51 106.69 104.42 3.6389 1
622.89 615.46 14.092 10.205 4.4817 1
352.68 360.79 289.11 137.9 3.0086 1
370.01 369.01 135.36 155.43 2.8707 1
249.88 437.94 23.636 70.115 4.2818 1
368.65 363.1 161.59 245.39 3.8891 1
362.57 360.08 159.18 204.11 1.938 1
639.27 621.69 18.357 15.038 3.1524 1
390.2 368 146.36 160.56 2.5247 1
360.18 255.41 133.47 99.033 2.3416 1
178.12 177.02 235.46 223.06 4.1767 1
351.55 352.63 304.12 291.6 1.7806 1
371.23 395.78 154.78 138.48 2.0828 1
359.14 357.89 217.88 245.38 1.9312 1
