638.99 638.99 411.63 149.13 1.2504 1
483.07 458.8 112.68 244.06 4.3823 1
140.37 572.87 479.02 478.97 1.2953 1
488.04 484.26 86.188 106.42 4.9946 1
277.87 323.27 10.413 21.236 5.0332 1
186.05 139.87 317.69 151.07 4.9162 1
323.12 369.47 22.923 32.421 3.8946 1
318.18 277.05 24.184 13.699 5.3663 1
260.28 277.1 5.6477 11.393 4.0412 1
370.41 318.07 36.437 25.683 4.0432 1
275.33 488.59 231.56 85.167 6.1047 1
277.26 261.43 14.788 9.7263 4.236 1
139.88 359.93 150.73 47.09 5.3774 1
369.92 399 33.117 42.044 4.1297 1
397.57 367.27 47.45 36.147 5.1215 1
460.74 299.86 245.75 402.35 7.5642 1
261.39 253.62 9.4488 0.94135 2.9306 1
415.7 443.13 44.247 37.68 4.7088 1
560.2 554 1.232 23.747 4.8541 1
445.6 420.3 41.268 47.583 4.2472 1
467.18 470.99 24.216 1.1078 8.4181 1
443.05 459.1 33.119 21.59 4.9188 1
1.4884 110.28 20.517 7.1001 3.2832 1
449.83 440.42 33.496 41.672 3.7747 1
125.66 66.769 7.2452 16.311 4.1796 1
496.36 492.74 1.5821 24.103 7.6033 1
461.88 450.51 25.994 30.705 3.9429 1
616.64 634.13 49.209 45.392 7.439 1
108.91 135.22 6.9471 0.95548 2.9322 1
146.47 125.02 1.0091 6.4888 3.0677 1
294.58 185.94 404.49 317.47 6.8541 1
421.72 410.46 46.333 47.489 2.6146 1
543.9 547.42 26.297 10.551 5.6963 1
488.29 474.2 26.322 20.973 11.849 1
66.509 1.4437 15.706 23.943 3.7045 1
405.3 415.45 42.225 43.577 3.4684 1
413.92 394.29 53.298 43.775 5.6229 1
440.2 403.9 32.77 37.35 4.7928 1
359.88 433.88 47.074 68.711 4.7991 1
403.88 434.14 33.734 29.236 4.6783 1
639.31 616.59 54.623 53.682 7.5453 1
460.33 414.23 64.313 53.666 3.3726 1
530.29 541.4 12.944 27.07 3.301 1
414.26 459.16 49.791 60.237 3.538 1
461.89 463.13 59.067 37.744 6.4574 1
435.27 444.06 30.568 31.237 2.5876 1
554.09 593.06 30.722 34.916 4.3026 1
530.93 521.23 19.708 8.2044 3.2229 1
460.36 449.2 37.94 36.18 3.1209 1
192.74 274.89 181.86 229.05 3.5515 1
485.16 458.03 83.662 76.083 4.3379 1
570.26 546.45 37.469 34.172 3.7528 1
467.89 486.68 31.533 33.624 2.6247 1
593.66 601.6 36.267 37.981 7.0675 1
145.11 158.18 157.95 205.29 1.8699 1
631.29 639.51 133.52 121.9 2.8856 1
623.8 639.28 34.92 41.234 4.2028 1
452.86 461.64 33.393 33.692 1.5463 1
467.87 473.22 179.12 147.93 1.7279 1
473.92 479.27 145.34 115.4 1.6705 1
526.66 551.57 103.99 110.57 2.4859 1
559.13 537.92 84.112 80.152 1.9986 1
539.07 562.78 75.674 79.705 2.4646 1
550.41 525.35 115.26 107.95 2.4001 1
606.44 594.41 54.314 42.586 2.7541 1
615.55 605.22 54.26 52.599 2.2701 1
602.59 614.09 36.627 39.274 3.0939 1
278.65 277.95 254.15 240.37 1.6911 1
286.78 286.14 339.12 322.89 1.3972 1
280.38 280.38 279.13 259.13 1.25 1
284.57 284.04 317.86 301.63 1.4125 1
616.92 608.99 21.406 19.806 3.686 1
