136.62 574.12 478.99 478.98 1.2632 1
166.56 159.09 191.37 156.9 5.2536 1
202.72 166.82 346.66 191.58 4.8022 1
535.96 528.48 127.36 154.97 5.7051 1
528.2 488.51 156.05 306.13 4.8451 1
638.99 638.98 412.88 147.88 1.2602 1
169.27 460.47 76.153 55.43 4.7914 1
493.76 202.04 309.12 351.96 9.8078 1
611.57 634.92 65.458 80.377 4.5353 1
160.3 168.95 158.13 76.739 4.7616 1
460.72 535.71 55.077 126.34 4.5307 1
579.33 611.53 49.977 66.803 3.7526 1
535.43 580.54 24.026 47.563 4.8664 1
635.19 606.5 86.315 66.805 5.8291 1
567.45 550.2 43.781 35.758 3.4005 1
549.51 531.68 35.99 25.277 4.0801 1
601.83 576.1 66.246 52.614 4.295 1
530.77 517.29 7.0874 0.29845 3.895 1
162.95 532.92 162.4 127.1 4.2767 1
532.13 532.02 24.144 12.871 3.7498 1
535.41 535.84 7.8312 20.402 2.8831 1
579.01 566.19 53.04 44.194 5.4634 1
640.07 634.07 94.538 87.786 3.5294 1
164.89 178.24 169.24 226.54 2.0329 1
198.78 205.66 315.45 345.31 1.7795 1
178.86 198.13 229.19 312.82 2.06 1
304.11 279.1 70.034 71.153 1.4165 1
505.42 510.94 230.39 209.27 1.4707 1
515.38 524.57 192.88 157.99 1.6493 1
360.33 309.13 65.94 69.23 1.8887 1
247.88 230.38 74.125 74.125 1.25 1
271.65 256.63 72.154 72.881 1.6712 1
493.04 459.04 90.205 57.969 1.5319 1
499.37 492.76 301.9 307.88 4.458 1
381.6 362.9 63.885 65.616 1.475 1
