136.62 574.12 478.99 478.98 1.2597 1
531.32 502.53 98.822 246.31 5.2231 1
638.98 638.98 411.62 146.62 1.2525 1
537.27 531.61 69.984 96.884 4.8291 1
444.07 489.18 13.062 25.185 3.4399 1
242.02 534.41 182.66 71.115 4.9677 1
431.63 401.57 10.351 1.8154 4.4834 1
408.13 433.11 0.60518 6.9491 3.3075 1
489.07 433.16 28.065 13.053 4.0021 1
161.91 418.18 101.32 25.166 4.7326 1
532.91 561.61 38.241 35.194 4.3667 1
569.16 535.31 36.828 42.51 4.3281 1
208.62 161.13 270.52 102.31 4.8163 1
489.16 537.13 52.766 69.945 4.445 1
560.1 566.72 34.761 31.851 2.7917 1
603.09 577.92 19.905 26.789 3.9469 1
580.5 597.76 22.101 17.463 3.8556 1
505.06 278.09 247.3 370.97 9.1751 1
239.19 162.41 181.56 103.36 4.3951 1
489.35 506.66 26.048 32.787 2.6499 1
433.44 443.68 8.1825 12.653 3.1473 1
500.98 488.05 34.357 28.728 3.1417 1
522.77 532.8 36.414 37.418 2.9856 1
622.88 604.12 19.903 19.889 6.2518 1
577.46 564.71 29.63 36.67 4.3773 1
568.61 581.25 29.151 21.894 5.1193 1
277.53 272.7 370.49 355.85 8.3098 1
635.86 631.26 1.4349 19.976 4.5417 1
31.547 128.94 13.552 0.25358 3.5962 1
599.47 606.99 19.26 0.28237 9.9983 1
22.551 52.966 7.1369 2.1825 8.2063 1
147.78 31.636 0.95511 16.704 4.094 1
551.58 517.59 55.5 42.373 4.0291 1
269.89 208.58 357.33 271.12 5.6361 1
565.34 525.31 28.406 30.151 4.5596 1
31.469 1.4637 17.124 23.347 3.7172 1
523.78 547.88 28.389 24.148 4.206 1
606.5 552.66 69.575 54.9 3.5033 1
549.05 569.12 24.958 26.693 3.4596 1
536.33 522.94 41.726 38.815 3.6644 1
1.527 30.61 19.887 14.045 2.7077 1
0.8352 22.523 10.466 5.7846 11.982 1
85.088 31.388 0.12491 10.385 5.2707 1
529.37 595.22 44.519 63.416 3.2809 1
633.14 623.4 23.197 20.46 8.2349 1
417.31 460.73 24.259 41.995 3.8954 1
30.683 1.3345 10.729 16.362 3.348 1
600.36 624.15 28.096 30.077 3.0111 1
591.45 576.56 35 31.969 3.4253 1
274.93 239.63 354.96 181.78 5.1163 1
579.31 593.06 29.35 31.854 3.2414 1
588.73 591.93 59.252 37.734 8.7052 1
639.09 626.61 30.192 32.79 3.4165 1
513.89 516.33 171.59 156.78 1.8412 1
166.79 174.18 110.33 136.61 1.7716 1
617.86 601.53 33.008 31.335 1.8672 1
503.97 475.48 86.215 96.915 1.25 1
626.55 607.76 71.038 68.947 2.8992 1
516.64 527.45 156.63 101.54 2.1895 1
503.72 508.72 224.05 196.78 1.7819 1
