288.47 297.57 340.48 172.72 5.1725 1
297.72 298.46 170.44 142.89 3.9177 1
638.97 638.99 412.87 149.12 1.2645 1
527.92 458.49 191.21 392.22 5.1106 1
136.62 575.37 479.01 478.97 1.2836 1
298.65 386.58 142.46 42.688 3.9739 1
456.56 287.68 391.83 342.3 6.2508 1
531.28 527.94 66.582 191.66 4.4145 1
300.49 525.4 143.59 191.52 4.5089 1
410.28 380.45 193.19 183.87 3.0577 1
404.01 383.88 225.78 219.98 2.9328 1
385.33 401.86 224.34 228.12 2.437 1
387.76 530.21 42.329 66.338 3.947 1
389.25 422.87 191.11 199.14 4.2477 1
429.13 394.13 287.26 287.29 2.5247 1
451.63 412.79 196.59 194.45 3.1254 1
444.12 406.62 227.99 227.66 2.6532 1
416.63 387.88 337.29 337.5 1.4485 1
415.38 357.87 5.8628 5.9199 3.7724 1
300.16 294.36 177.86 287.89 2.2939 1
287.71 291.16 362.84 344.04 8.6063 1
390.2 376.43 284.78 281.13 2.49 1
474.14 301.58 215.31 175.58 2.6891 1
402.88 427.89 290.56 289.62 1.7181 1
293.84 291.9 290.36 337.89 1.5041 1
424.12 446.63 198.31 198.48 1.4203 1
300.91 300.52 152.86 170.38 1.5879 1
386.63 456.63 3.6175 3.801 2.5852 1
483.02 319.15 192.21 155.26 2.3818 1
626.6 565.3 30.992 33.487 4.4367 1
380.39 366.42 335.34 331.05 2.1158 1
389.12 416.62 340.1 339.71 1.6062 1
422.89 444.13 230.92 230.42 1.5478 1
301.39 385.27 172.64 192.08 2.6136 1
362.87 447.81 167.89 186.91 2.4973 1
520.37 487.84 200.38 193.05 2.13 1
455.34 451.13 392.87 413.29 6.6625 1
516.94 471.6 29.637 10.436 3.1547 1
292.86 291.97 361.75 352.97 2.6133 1
539.14 523.12 36.548 33.022 4.7608 1
540.37 534.4 1.3104 25.129 3.3413 1
560.32 540.32 34.538 35.739 2.4206 1
286.7 287.14 377.88 362.89 1.5458 1
292.9 293.21 377.9 361.58 6.3931 1
