167.81 448.87 97.059 137.15 4.8066 1
136.62 572.87 478.99 478.98 1.262 1
199.4 165.86 256.3 97.508 5.7357 1
473.19 468.67 150.15 193.95 6.3842 1
638.98 638.99 411.62 147.87 1.2517 1
463.13 463.46 216.62 237.89 5.1163 1
476.55 476.94 125.38 144.17 5.206 1
479.93 480.85 100.4 120.47 6.5866 1
463.11 453.64 235.51 251.87 4.3846 1
165.06 235.55 97.016 56.926 4.0474 1
469.48 460.19 194.07 206.48 4.7519 1
459.96 459.64 236.64 225.36 3.2301 1
330.41 482.87 60.027 75.42 5.2258 1
447.67 430.81 165.35 312.64 4.2102 1
450.02 448.2 142.75 165.3 5.2854 1
451.22 334.91 322.09 294.86 9.6361 1
334.7 207.23 294.38 261.76 7.6044 1
484.43 481.62 76.365 100.08 5.3402 1
391.63 496.66 1.3244 3.0685 3.708 1
466.7 464.34 200.19 215.6 4.1862 1
454.21 431 252.91 313.89 3.515 1
370.41 315.4 3.3311 1.1145 2.8503 1
480.46 370.42 12.989 4.7609 4.5087 1
510.38 527.97 4.1687 2.7793 4.9197 1
511.77 492.85 9.1129 6.8634 4.6089 1
532.55 567.9 9.336 4.2769 9.193 1
486.66 426.61 6.9678 4.384 3.1425 1
365.41 387.88 1.1757 2.7893 1.3363 1
639.29 481.61 36.81 12.974 3.8666 1
528.25 512.65 12.537 8.8067 6.0256 1
531.57 586.59 17.057 24.356 3.3258 1
639.13 572.86 3.8943 2.7997 3.5224 1
439.25 504.16 6.5514 12.444 2.7084 1
306.62 170.37 120.39 101.63 4.0722 1
502.76 530.52 12.301 17.04 2.7047 1
586.69 639.13 24.926 32.817 3.3904 1
425.38 399.13 4.113 3.9103 1.3561 1
201.54 202.71 279 266.49 5.211 1
344.11 307.87 125.52 120.43 2.4758 1
564.07 529.19 12.161 14.936 4.2768 1
461.25 469.28 153.58 148.11 2.1888 1
176.62 224 105.38 112.46 2.3439 1
470.53 458.4 153.13 160.41 5.1455 1
432.63 437.68 214.1 164.11 2.3857 1
246.67 310.36 51.245 58.057 2.838 1
426.86 427.8 274.14 257.87 1.8245 1
430.83 432.12 234.16 215.32 1.9828 1
477.79 469.86 86.579 102 2.8853 1
428.8 430.08 252.85 236.6 1.25 1
