638.99 638.98 411.63 147.88 1.2522 1
198.49 287.75 62.29 155.49 4.4375 1
136.62 574.12 479 478.98 1.2725 1
554.45 496.53 158.84 344.1 4.6157 1
145.43 155.46 25.622 23.212 4.2768 1
223.81 201.08 231.67 89.012 4.2053 1
497.39 353.35 344.45 420.15 8.3952 1
343.32 554.24 32.996 157.3 4.4632 1
29.431 7.9054 81.983 78.912 5.1264 1
201.41 196.59 88.139 61.406 4.4594 1
237.99 198.15 53.523 60.656 4.1319 1
57.808 67.944 39.973 38.289 2.6711 1
161.56 144.45 26.41 34.724 8.8999 1
191.61 182.82 19.984 20.348 3.902 1
349.14 223.01 418.7 230.29 6.6538 1
19.022 55.415 103.96 81.691 4.679 1
95.2 54.41 34.621 44.1 3.3953 1
53.295 24.795 74.657 97.14 4.438 1
42.015 31.505 37.933 34.491 2.6821 1
158.31 156.8 14.222 1.4565 3.724 1
99.128 147.88 20.711 20.334 2.7706 1
113.97 126.74 31.542 33.282 2.8146 1
88.291 111.8 31.606 27.665 5.9644 1
245.4 343.1 51.729 32.767 3.9195 1
122.87 100.34 35.386 33.277 2.8385 1
25.723 1.7375 96.995 102.15 4.0097 1
67.286 88.861 36.901 31.765 6.601 1
9.1056 1.325 68.524 63.324 5.1962 1
24.872 30.666 34.441 39.074 4.0208 1
33.611 46.85 42.499 68.399 7.3711 1
139.13 122.9 35.46 36.926 3.5099 1
111.54 93.997 24.819 22.662 2.9593 1
9.5924 9.3621 76.678 67.902 5.1294 1
0.57352 27.186 2.5344 33.302 8.1257 1
49.791 32.698 92.498 98.633 4.2838 1
230.16 218.31 53.182 44.758 2.9191 1
9.0174 3.2935 81.083 89.413 5.859 1
1.7007 18.032 104.84 103.1 3.3328 1
37.133 34.978 74.934 79.617 5.1555 1
222.41 235 43.55 52.167 3.1494 1
35.544 29.263 26.898 17.78 3.6138 1
37.292 43.406 6.4468 29.317 6.6836 1
92.87 80.278 21.632 13.574 4.1271 1
206.29 219.68 101.68 186.54 2.2126 1
244.16 268.97 35.555 30.795 1.2595 1
55.306 84.368 95.182 84.807 2.1872 1
271.63 309.06 30.462 27.176 1.9011 1
111.39 125.28 26.835 23.692 2.8747 1
220.73 201.48 90.021 70.519 1.25 1
76.676 59.091 3.4607 4.9782 2.916 1
287.95 358.02 156.55 227.73 2.1571 1
511.49 548.33 285.33 168.02 1.9812 1
199.24 167.74 89.595 97.336 2.4483 1
380.33 447.94 222.75 198.05 2.6197 1
84.257 61.784 88.265 95.848 2.4124 1
341.81 373.03 22.263 13.424 2.2022 1
359.28 379.32 229.62 223.52 3.015 1
167.83 198.91 93.917 86.907 2.0445 1
449.07 548.38 197.73 160.48 3.0723 1
493.28 505.21 343 305.32 1.7068 1
358.1 326.73 223.9 191.52 2.2166 1
506.2 510.57 302.75 287.93 1.6909 1
377.9 356.5 14.197 21.245 2.3604 1
226.13 226.05 251.63 241.61 5.0298 1
16.605 30.461 69.299 70.86 1.942 1
310.39 276.59 29.294 32.495 2.0694 1
112.91 90.355 10.625 13.992 2.6571 1
375.23 362.6 221.23 225.89 1.656 1
312.99 293.69 177.76 158.31 1.7974 1
405.08 381.88 1.0203 12.152 1.9428 1
22.888 1.6202 109.55 110.22 3.7482 1
