452.83 439.21 20.271 190.28 4.4328 1
638.98 639 411.62 149.12 1.264 1
139.12 572.87 479.01 478.98 1.2737 1
164.47 89.532 285.9 119.63 4.7508 1
89.46 304.6 119.73 0.23665 6.3145 1
281.29 271.88 360.44 363.1 7.5573 1
322.98 454.5 119.27 19.153 8.9962 1
438.95 279.55 196.45 360.71 8.1887 1
271.51 164.68 362.54 285.86 5.5197 1
224.14 322.64 191.65 119.25 4.8379 1
271.52 225.88 360.4 192.4 3.9747 1
444.08 445.72 95.371 74.152 1.4394 1
437.41 443.52 176.69 96.674 2.0077 1
366.58 393.08 3.1208 7.9942 5.4688 1
393.39 404.17 7.2447 11.505 6.9463 1
445.17 447.24 72.853 54.056 2.074 1
201.84 222.75 178.7 189.36 2.7733 1
406.52 426.49 12.172 16.064 2.2147 1
633.44 627.48 53.723 63.894 2.1572 1
