136.62 574.12 479 478.97 1.2692 1
638.98 638.99 411.62 147.87 1.2584 1
163.31 127.4 215.27 58.948 4.6412 1
129.78 362.98 59.883 128.77 5.2821 1
446.91 423.94 70.238 231.6 4.6381 1
369.77 418.08 123.26 89.42 5.0206 1
362.97 369.36 128 123.19 4.4998 1
128.06 231.91 58.407 22.456 4.1346 1
423.82 355.72 231.45 305.79 5.9764 1
417.8 423.12 89.524 85.722 4.6513 1
232.69 446.29 22.466 69.398 3.9309 1
549.3 639.33 0.79182 19.393 3.7328 1
422.87 444.33 86.14 70.661 5.1193 1
639.17 533.1 22.638 0.56748 3.5315 1
341.32 172.8 304.65 224.29 8.1187 1
604.06 639.22 5.9707 2.6434 5.8022 1
415.9 415.6 174.1 184.09 2.7264 1
422.59 418.8 125.3 140.29 3.0472 1
639.26 604.16 7.6818 9.7667 4.979 1
425.68 421.83 100.09 112.94 3.347 1
366.06 340.86 314.19 303.41 9.1989 1
410.9 408.51 217.75 231.73 3.0957 1
402.88 414.26 176.63 173.35 3.4415 1
405.17 420.51 128.23 124.73 3.2713 1
596.88 584.15 4.1793 1.5028 5.922 1
362.52 362.2 130.37 151.63 3.8612 1
362.09 357.1 157.83 255.4 4.0002 1
397.73 408.24 219.92 216.48 2.7852 1
358.8 150.26 131.46 69.515 3.0147 1
349.13 353.74 262.88 134.16 2.6327 1
355.47 353.82 156.59 211.62 2.1237 1
386.47 366.44 138.91 153.88 2.037 1
363.46 392.85 151.97 130.33 2.4423 1
392.91 366.69 312.91 312.11 5.3435 1
347.69 348.71 300.37 265.36 1.6485 1
161.12 164.25 190.48 205.35 1.25 1
352.99 352.49 225.38 255.37 1.3752 1
440.42 419.14 81.686 96.64 1.9351 1
