638.99 638.99 411.62 149.12 1.2503 1
137.87 572.87 479 478.98 1.2642 1
480.24 450.75 170.1 316.7 4.4801 1
450.61 315.8 318.49 369.44 7.743 1
345.47 480.2 46.647 169.44 4.3245 1
265.05 257.79 11.179 16.505 4.5024 1
286.92 278.66 17.628 20.024 6.544 1
278.24 255.46 22.062 27.024 3.7124 1
247.82 269.14 27.734 28.833 3.2945 1
219.22 260.68 72.816 142.7 4.6472 1
25.56 1.2776 3.8111 8.6212 5.1358 1
209.16 191.74 19.251 24.51 7.6541 1
22.071 41.571 96.713 90.212 3.5575 1
161.52 121.83 22.462 32.426 3.0677 1
292.49 290.73 1.3965 13.999 5.8186 1
42.027 40.297 46.582 30.251 4.8406 1
1.4669 21.7 100.77 97.028 3.4602 1
286.69 344.35 58.216 46.491 3.9857 1
121.76 132.99 28.925 27.48 2.3569 1
42.095 51.329 89.644 81.298 3.7984 1
242.42 219.01 209.2 75.177 4.1686 1
317.21 241.2 365.7 207.48 4.8713 1
72.177 80.936 13.514 39.359 7.1628 1
28.366 36.464 0.77413 17.343 3.9935 1
256.63 286.53 64.163 58.595 3.6866 1
40.193 11.487 98.13 103.37 6.9292 1
57.255 54.317 47.782 27.847 6.1832 1
257.88 245.38 15.425 15.507 2.5576 1
54.377 43.248 83.149 93.389 4.3054 1
44.269 50.995 30.855 46.356 3.8948 1
132.31 168.6 25.032 17.772 7.6003 1
67.804 79.029 57.667 53.842 2.0158 1
269.93 294.14 27.633 20.424 3.8229 1
46.093 30.177 92.379 97.224 3.431 1
52.32 43.84 51.021 58.815 3.5324 1
40.947 44.521 60.612 52.002 3.8472 1
28.385 24.546 11.334 4.5976 3.9979 1
159.12 205.38 10.291 10.255 2.5296 1
50.025 45.231 21.131 12.39 3.9952 1
190.24 162.87 26.413 22.88 3.239 1
12.741 26.733 85.19 75.049 2.5941 1
170.31 190.25 20.812 23.726 2.8068 1
308.24 375.4 220.44 201.7 3.6693 1
318.12 308.15 364.2 221.61 3.5134 1
63.256 70.29 2.1547 13.689 6.4034 1
242.81 243.63 226.62 214.09 2.6577 1
11.357 1.4338 103.81 105.51 5.5604 1
132.96 85.298 79.478 91.316 2.7593 1
53.216 50.749 27.741 21.478 3.9472 1
29.874 15.43 77.17 87.445 3.9377 1
247.9 219.33 66.785 71.581 3.4825 1
50.746 38.786 36.435 13.048 2.7696 1
47.761 62.977 4.396 3.6152 7.5542 1
112.14 107.7 33.366 26.743 3.1164 1
40.115 33.024 11.242 1.5165 6.2494 1
73.296 60.287 45.031 48.825 8.2003 1
92.88 117.81 86.644 80.12 2.4186 1
94.749 84.352 21.697 16.195 2.3625 1
157.48 142.93 12.23 2.7852 2.8878 1
118.23 140.47 80.238 73.166 2.3277 1
283.9 261.37 56.846 34.376 2.6896 1
108.64 111.93 1.236 18.298 5.4264 1
262.1 288.52 29.893 55.992 1.9689 1
106.27 99.813 19.294 5.6404 2.9181 1
116.96 90.371 51.228 61.615 2.892 1
33.18 11.468 25.021 32.414 7.5535 1
70.341 41.56 95.172 99.988 2.2643 1
11.184 1.3391 31.965 33.976 4.1745 1
381.78 430.47 199.68 185.72 2.2354 1
448.13 470.85 314.18 200.47 1.9684 1
1.5176 25.414 14.141 16.168 3.4418 1
464.18 402.67 159.06 103.1 1.5988 1
471.58 475.47 197.87 176.64 1.2527 1
85.339 104.05 30.131 27.385 1.5662 1
445.24 474.39 181.17 172.5 2.0402 1
14.182 1.5611 20.946 19.884 3.1196 1
