638.97 638.98 412.87 147.87 1.2589 1
137.87 575.37 479.01 478.97 1.2847 1
173.98 151.86 319.28 125.21 5.4067 1
152.38 161.76 126.38 107.33 5.1392 1
160.94 161.03 106.63 95.36 5.0721 1
160.17 177.79 95.109 76.394 7.2284 1
558.18 561.33 155.26 163.47 6.7308 1
502.81 557.98 71.233 155.74 4.7251 1
177.1 193.39 75.668 41.212 5.7115 1
192.65 503.15 41.384 72.676 7.2406 1
559.88 477.55 163.23 339.73 9.1386 1
479.21 250.16 340.04 328.4 14.386 1
249.42 174.26 328.62 323.44 12.772 1
155.33 455.43 127.15 154.75 5.794 1
456.52 556.61 154.19 161.84 7.5651 1
158.77 160.14 156.66 171.65 1.4727 1
161.11 164.28 176.68 206.61 1.6375 1
156.55 158.82 137.88 155.41 1.5608 1
584.39 578.94 0.62446 12.794 7.1161 1
579.25 573.31 15.486 22.022 4.5173 1
