638.97 639.01 411.62 149.12 1.2776 1
137.87 574.12 479.01 478.98 1.2757 1
207.36 172.4 318.96 162.42 4.9736 1
174.32 129.16 9.7451 5.0464 4.5563 1
117.91 185.46 1.2364 6.7958 4.0761 1
380.96 360.1 145.17 337.98 5.982 1
171.81 229.53 162.46 63.109 4.8366 1
189.25 216.69 7.4574 3.2816 4.1907 1
360.07 357.42 338.83 352.79 2.5933 1
357.75 205.22 341.27 320.22 8.3293 1
127.93 87.896 5.9947 4.7221 3.9467 1
87.877 116.64 1.5488 2.3066 1.7104 1
223.98 203.48 2.5217 10.654 4.4467 1
209.2 174.61 14.895 9.6507 6.6302 1
394.14 257.73 25.171 14.726 5.8615 1
257.82 237.83 14.8 50.347 4.4941 1
90.384 67.9 3.9914 2.5027 3.907 1
252.86 209.17 18.181 15.771 3.1161 1
175.28 374.14 162.5 184 4.5349 1
466.62 440.36 1.4172 2.2958 1.6254 1
393.43 395.55 42.785 26.486 4.0412 1
205.43 252.87 12.109 15.453 2.5817 1
426.39 436.68 3.7992 6.4268 2.699 1
388.94 381.94 94.1 144.34 3.8574 1
437.87 466.64 5.9107 5.5124 3.9572 1
382.75 393.3 116.61 42.579 3.7189 1
67.866 24.129 2.16 1.417 1.4621 1
429.89 426.06 46.671 6.6788 3.2038 1
430.67 434.92 7.8436 47.923 3.0297 1
188.79 204.16 220.45 290.37 1.8632 1
178.97 188.16 176.66 217.81 1.7892 1
392.02 388.95 70.426 94.263 2.1595 1
420.44 395.38 49.173 47.737 2.2098 1
358.8 360.44 320.34 302.88 1.25 1
366.26 368.39 247.84 227.93 1.9532 1
