457.96 440.19 77.75 242.85 5.4853 1
638.98 639 411.62 149.12 1.2721 1
139.12 574.12 479.01 478.98 1.2744 1
99.692 331.12 155.34 46.976 6.8712 1
164.74 99.683 321.12 157.16 7.5441 1
484.57 482.6 1.2096 22.85 8.3733 1
251.6 236.15 14.155 -0.51063 4.3039 1
1.4718 107.9 31.879 15.508 3.6119 1
243.3 254.32 1.2114 12.602 4.5798 1
284.25 456.43 193.73 81.406 9.7861 1
335.13 252.49 35.165 15.755 5.3743 1
455.5 458.97 25.213 1.0637 8.8388 1
440.86 270.76 242.21 406.98 7.9815 1
547.39 542.66 4.0428 31.802 5.714 1
106.61 21.71 19.045 32.178 3.6791 1
364.29 335.55 40.888 34.568 4.1745 1
254.08 387.38 11.846 40.615 8.07 1
21.487 1.4192 32.048 35.389 3.2903 1
227.52 285.11 231.09 193.12 4.8393 1
393.13 361.87 49.322 41.854 5.3902 1
534.91 537.76 26.573 1.47 6.0695 1
175.05 106.73 0.39939 18.293 3.4262 1
271.31 164.05 401.2 320.08 10.263 1
107.95 156.48 14.406 1.104 3.2861 1
444.05 451.28 179.12 111.59 2.1762 1
450.94 454.66 60.293 29.04 7.5053 1
479.22 470.17 18.241 17.242 3.5903 1
426.37 441.9 35.192 20.674 4.4467 1
375.2 413.08 58.469 69.685 6.9705 1
404.14 392.86 50.111 50.202 6.3204 1
434.43 418.94 41.128 47.428 4.3762 1
417.96 402.82 47.022 50.122 3.4528 1
331.3 377.33 46.576 59.039 7.4658 1
615.21 639.54 33.916 37.79 9.3177 1
395.37 409.1 44.162 45.648 1.6711 1
441.62 431.97 32.873 40.791 5.1035 1
447.78 401.76 64.581 54.753 2.3746 1
639.15 617.87 49.746 49.627 8.7569 1
402.9 420.38 40.518 37.877 2.4719 1
413.8 431.98 70.3 75.339 3.0045 1
236.93 231.06 257.77 240.15 3.1579 1
