638.97 638.99 412.87 147.87 1.2609 1
136.62 574.12 479.01 478.97 1.2872 1
484.25 425.44 134.67 333.4 6.3608 1
426.62 258.84 335.41 309.75 6.3857 1
256.18 258.86 307.91 134.08 6.307 1
258.87 258.6 135.36 104.12 6.4407 1
453.63 484.16 24.601 136.27 5.6023 1
257.7 312.83 104.73 6.0481 4.841 1
261.38 481.59 104.61 135.63 5.4567 1
392.92 356.71 237.56 239.44 3.5369 1
314.09 452.83 5.6208 24.477 4.4371 1
365.47 346.63 177.33 174.1 2.4992 1
409.13 367.85 146.29 145.71 3.4719 1
381.74 349.13 288.25 290.5 3.2236 1
405.39 367.89 178.63 179.54 3.0452 1
352.01 365.61 145.46 147.65 5.1351 1
366.64 333.16 144.06 134.4 3.4412 1
257.21 257.87 330.39 310.37 8.7868 1
349.14 374.13 292.46 292.08 1.6278 1
354.22 341.6 237.16 235.56 2.7949 1
369.12 396.63 182.34 182.14 1.415 1
351.61 362.89 179.32 180.21 1.8372 1
345.27 330.36 288.38 285.44 2.4527 1
372.84 390.3 242.65 239.88 2.0775 1
354.26 264.22 150.71 137.21 2.7189 1
340.36 352.11 140.41 143.61 3.2897 1
389.12 402.89 150.36 149.28 1.8365 1
421.18 419.53 336.39 356.66 9.3293 1
370.39 382.85 148.9 149.55 3.0553 1
292.92 272.79 258.77 255.99 1.4959 1
476.65 430.47 143.95 137.21 1.9868 1
267.82 291.57 134.45 138.22 1.9399 1
446.64 425.4 2.0632 2.6566 2.8133 1
