197.47 155.14 298.92 128.87 4.8006 1
136.62 574.12 479 478.97 1.2697 1
638.98 638.99 412.87 149.12 1.257 1
496.28 466.26 128.85 305.1 5.0576 1
474.14 197.8 309.85 303.69 9.5078 1
480.02 492.51 91.922 106.93 5.1251 1
202.86 467.89 65.064 62.933 4.4796 1
156.62 491.62 129 129.55 4.7202 1
469.34 480.59 63.295 91.031 4.0103 1
489.84 496 113.35 128.88 4.4461 1
399.13 412.88 1.625 1.625 1.25 1
444.22 360.42 6.4656 0.9396 3.0433 1
504.13 445.33 12.849 7.1032 3.096 1
414.14 509.15 1.4501 10.045 3.6098 1
156.6 201.74 125.36 65.149 3.5013 1
639.73 610.8 23.199 15.099 4.3824 1
610.4 504.12 14.245 11.931 4.4818 1
510.35 594.14 9.1888 10.523 3.3118 1
595.3 610.4 11.116 12.642 2.7387 1
607.01 639.38 11.312 19.352 3.6472 1
532.88 549.08 7.772 8.7104 1.5371 1
131.61 87.83 2.7165 6.0294 3.3213 1
167.87 131.62 2.0717 2.0614 1.2599 1
61.63 120.38 2.2049 1.6912 1.5888 1
160.1 199.89 135.44 295.49 2.151 1
87.757 34.087 5.8502 2.1847 3.5468 1
294.13 247.88 1.625 1.625 1.25 1
452.88 335.38 66.625 66.625 1.25 1
482.48 473.2 303.24 307.35 5.7142 1
477.73 483.56 181.6 144.23 2.0845 1
481.54 487.08 196.61 164.2 1.2931 1
189.13 161.62 132.31 132.21 1.3491 1
