97.81 174.09 10.236 14.724 4.4775 1
137.87 572.87 479.02 478.97 1.2922 1
638.98 638.98 411.62 147.87 1.2501 1
113.64 84.788 16.659 5.6662 4.7289 1
229.64 192.24 331.2 174.93 5.0909 1
174.08 264.2 15.935 23.231 4.9182 1
245.52 182.87 24.407 20.389 4.3969 1
84.5 100.98 0.87854 9.1653 3.3435 1
375.43 229.22 368.93 331.27 7.9049 1
182.81 114.08 19.951 14.69 5.6655 1
575.59 563.85 18.951 6.8953 4.5246 1
85.007 75.607 3.9982 0.91663 3.5634 1
191.53 284.51 174.04 63.197 5.0926 1
403.61 446.53 164.4 49.088 5.2586 1
266.65 285.38 23.686 23.018 2.7212 1
285.17 299.45 22.645 16.076 4.2702 1
303.02 278.48 19.538 28.316 4.6221 1
261.73 245.68 28.45 25.944 4.9402 1
301.56 303.63 9.434 1.4961 4.2054 1
305.88 300.9 8.7745 19.373 3.2557 1
598.78 594.38 1.0149 12.495 7.1782 1
380.42 311.57 39.867 33.493 5.5549 1
549.16 594.1 29.502 25.142 4.0479 1
274.05 261.5 29.542 27.313 6.8094 1
306.55 274.06 34.731 30.964 4.247 1
477.85 444.1 3.4547 4.6163 6.7192 1
556.46 525.3 9.6943 10.879 7.8744 1
388.49 386.24 211.58 244.18 4.1267 1
628.77 632.08 14.359 1.7453 4.0073 1
382.42 381.06 302.76 323 3.8254 1
581.78 571.45 21.105 23.281 6.1158 1
435.38 427.45 140.21 200.65 4.1452 1
297.83 271.59 10.158 15.216 3.4899 1
386.32 382.45 245.27 301.68 3.9484 1
444.13 380.56 46.571 39.844 7.0046 1
446.85 435.3 51.49 139.28 4.2382 1
380.4 379.76 329.05 339.17 2.8883 1
384.53 378.77 338.55 359.71 9.3194 1
595.62 582.07 19.268 21.649 4.9908 1
280.38 309.14 29.086 31.475 2.9055 1
196.47 386.58 175 209.37 4.406 1
427.39 387.4 201.48 338.99 4.5198 1
268.56 293 13.052 7.1436 4.3124 1
321.62 339.12 3.7108 3.4689 1.4746 1
570.4 544.14 23.919 24.195 3.9606 1
594.35 579.54 12.62 15.964 7.0406 1
539.71 531.4 7.6103 1.9611 4.1759 1
639.14 634.1 8.2393 8.2902 5.0377 1
514.13 547.89 15.12 15.88 3.7772 1
524.13 507.81 11.558 9.6709 4.156 1
509.99 507.66 22.857 71.555 3.393 1
502.5 505.28 70.428 24.119 3.219 1
204.85 220.4 213 279.12 2.0058 1
511.61 529.09 4.8879 4.3377 5.3121 1
589.15 570.39 29.568 30.645 1.606 1
344.41 330.41 4.7926 6.8811 2.5306 1
495.42 466.67 72.42 69.854 2.4901 1
322.09 320.08 27.816 11.662 3.8761 1
