638.97 638.99 412.87 147.87 1.2652 1
367.93 368.21 1.6191 61.629 2.7432 1
247.09 246.37 1.497 12.937 4.1345 1
136.63 574.13 478.99 478.99 1.2503 1
476.64 315.83 356.67 397.17 7.4995 1
245.37 214.14 18.185 17.288 5.9961 1
584.29 595 40.422 1.5209 5.1525 1
202.42 202.84 36.582 56.6 3.5403 1
398.51 371.62 1.3148 54.742 2.952 1
244.26 245.07 39.117 52.893 2.5686 1
375.89 402.23 53.138 1.2995 3.4521 1
236.8 238.3 40.268 60.249 5.1737 1
241.62 240.85 54.065 37.912 2.9136 1
505.71 474.66 156.09 354.4 7.5907 1
209.19 208.82 44.127 57.9 2.7333 1
206.29 205.89 52.887 41.607 1.6054 1
186.9 184.99 50.481 32.918 4.2704 1
372.1 371.65 51.621 1.6135 2.7489 1
96.72 95.293 37.782 55.469 3.9389 1
166.11 168.52 37.704 48.017 2.3784 1
106.79 109.72 33.876 50.491 3.2588 1
157.13 159.59 32.644 51.4 3.7181 1
247.13 247.61 51.642 37.822 2.5417 1
114.71 117.34 35.287 52.768 3.7083 1
492.62 490.39 1.3155 39.199 9.1033 1
162.74 160.86 45.394 31.73 4.3959 1
489.41 489.53 39.111 51.621 2.4999 1
360.43 362.77 60.427 1.5215 8.9829 1
113.04 111.27 51.734 34.16 3.4812 1
107.31 102.06 51.808 35.638 4.7558 1
89.71 86.502 55.898 44.159 5.1527 1
85.56 67.862 42.127 44 4.7091 1
69.566 72.393 45.284 58.966 2.9542 1
494.83 509.26 147.89 144.74 7.178 1
245.55 260.35 22.695 11.596 4.5 1
33.423 38.773 45.997 61.311 4.777 1
630.28 614.75 1.2487 56.799 3.8185 1
57.766 75.186 61.912 59.949 4.706 1
68.568 65.991 57.99 45.506 3.8857 1
148.28 151.71 45.449 26.641 3.669 1
117.73 123.9 54.024 53.35 4.27 1
43.91 55.154 64.418 61.89 3.8561 1
260.89 262.18 11.529 1.6972 2.8032 1
304.13 494.45 169.19 148.35 6.3671 1
590.18 579.17 1.1771 36.638 6.015 1
462.83 484.58 1.0824 49.484 3.7682 1
571.39 577.14 40.174 33.493 5.4205 1
614.26 639.45 60.707 64.443 7.4661 1
576.13 582.87 33.295 1.1011 5.5462 1
482.86 377.85 51.295 54.507 3.3661 1
29.002 17.75 49.003 47.779 3.1873 1
425.57 411.57 276.02 280.19 2.2692 1
200.48 219.99 15.14 23.755 5.3459 1
421.7 403 331.84 338.25 2.3989 1
191.69 195.52 1.6059 13.683 4.3875 1
324.49 300.41 413.16 379.65 10.849 1
488.26 467.68 47.145 1.152 4.7443 1
12.733 6.9743 55.78 36.001 4.6032 1
15.487 28.099 52.008 53.635 4.1595 1
235.43 245.58 23.489 22.531 4.1551 1
220.47 235.49 22.707 23.696 3.9883 1
596.61 625.39 3.6888 4.047 5.2797 1
241.42 228.12 246.43 91.604 6.4796 1
39.154 31.453 40.209 38.846 4.5637 1
639.7 611.17 75.856 70.838 11.81 1
152.89 181.66 2.1085 2.7298 2.7693 1
1.3988 6.9078 55.333 56.365 3.7512 1
312.7 309.72 392.95 335.28 6.6028 1
275.32 291.66 3.1508 2.1525 3.1813 1
408.04 424.03 339.58 333.85 2.0198 1
495.49 571.72 42.556 38.469 6.5321 1
26.64 51.655 3.4159 2.7385 4.2561 1
370.34 457.91 59.175 56.793 4.7681 1
441.94 415.32 207.58 216.45 3.5582 1
303.3 302.69 46.601 67.87 2.9241 1
225.26 232.99 3.7784 3.2412 4.1746 1
150.86 147.55 25.48 1.4968 3.1593 1
301.18 244 379.42 256.68 7.5203 1
519.7 514.42 1.5271 37.918 2.6136 1
79.126 91.656 2.9034 2.4126 2.8405 1
511.75 516.64 37.892 1.4593 2.4605 1
303.45 301.55 11.698 26.456 6.6758 1
154.97 154.28 67.897 55.298 2.4962 1
8.5675 28.747 5.6814 42.396 5.3101 1
89.312 44.36 90.681 96.082 4.7144 1
302.32 263.93 71.782 80.807 4.8629 1
373.77 395.16 43.944 1.5186 1.8063 1
448.81 420.45 172.95 180.63 3.1689 1
32.001 11.839 37.12 1.5038 4.6794 1
308.77 307.87 264.11 205.36 6.1727 1
19.863 33.166 6.9752 26.426 3.2022 1
94.177 113.04 85.696 82.629 2.0662 1
421.7 311.66 189.71 203.17 2.7317 1
601.72 591.14 46.253 43.473 7.1928 1
404.12 381.63 337.53 338 1.3273 1
594.56 587.2 44.028 38.821 6.8435 1
311.54 400.34 199.69 188.87 2.489 1
425.38 442.87 202.8 203.04 3.8171 1
359.49 496.99 80.816 142.34 6.602 1
235.19 239.02 56.484 85.39 4.12 1
33.713 25.63 19.749 8.9346 2.2655 1
251.63 359.14 86.791 80.715 3.695 1
307.33 306.83 191.7 179.17 5.3434 1
217.89 205.33 85.257 83.141 3.9055 1
422.85 440.37 265.14 265.56 2.8234 1
473.75 470.45 369.5 380.4 9.353 1
613.04 602.7 43.744 45.67 3.3734 1
114.07 90.244 85.085 89.697 2.1775 1
204.19 162.96 83.622 78.428 4.0232 1
310.21 310.04 334.12 280.37 6.2617 1
309.82 308.04 280.7 264.24 8.0284 1
359.03 322.93 323.66 330.65 1.7022 1
441.5 428.12 267.66 275.77 3.4338 1
571.76 556.86 72.387 68.274 4.9454 1
622.91 633.51 39.135 1.4527 1.9168 1
422.83 430.32 184.24 183.95 3.8903 1
580.43 559.14 45.417 44.907 4.9986 1
319.1 335.37 62.288 61.472 1.5616 1
410.38 395.39 215.8 216.06 1.4638 1
227.68 218.22 86.745 85.421 6.5362 1
431.57 467.98 184.94 179.9 2.1337 1
600.36 581.8 87.913 81.149 2.5582 1
407.91 389.14 280.07 280.73 2.1481 1
639.21 602.71 96.195 88.693 2.9858 1
441.67 424.11 187.09 188.93 1.8969 1
479.17 456.59 158.2 161.34 1.5824 1
601.63 575.37 64.579 65.141 1.677 1
307.87 317.88 62.271 62.207 1.3137 1
