638.98 639 411.62 147.87 1.2717 1
139.12 572.87 479 478.98 1.2737 1
1.5787 97.861 43.579 41.099 4.4833 1
238.52 215.07 339.03 186.29 4.666 1
111.59 1.5599 44.887 47.027 5.4712 1
413.46 389.12 170.47 326.62 5.0205 1
390.43 240.36 328.54 341.46 8.2479 1
100.47 120.25 41.075 38.262 3.3551 1
214.96 220.41 186.6 96.627 4.3479 1
379.4 411.62 86.993 172.4 4.2156 1
334.13 220.39 35.643 38.54 4.8477 1
119.91 133 38.014 30.59 3.7014 1
216.65 409.14 185.82 175.66 4.5354 1
170.37 150.33 6.8466 7.0401 10.072 1
149.11 111.6 47.466 46.771 3.5178 1
152.88 167.93 14.148 11.995 2.4729 1
129.21 114.35 38.102 43.497 4.1682 1
351.59 328.94 13.254 11.189 4.1851 1
327.72 340.72 12.027 16.955 2.7807 1
130.1 140.37 11.224 4.1225 4.8995 1
365.43 358.28 7.9983 11.263 6.2047 1
121.41 99.732 24.746 32.275 3.4426 1
224.86 222.54 40.286 86.546 4.9312 1
101.51 128.75 27.461 20.205 3.7865 1
114.12 146.62 44.501 44.59 1.3246 1
301.63 266.63 2.1611 2.4913 2.7711 1
130.38 119.13 24.492 24.582 2.5198 1
341.81 376.55 17.09 13.431 4.1221 1
330.35 343.43 2.9601 7.5441 1.8758 1
211.74 162.97 41.487 46.367 2.7355 1
182.92 207.92 41.949 38.196 2.2867 1
341.5 347.88 19.179 34.125 2.6369 1
344.33 337.66 35.278 21.135 2.9233 1
205.56 189.17 13.535 18.028 1.9827 1
204.23 196.53 3.5278 4.8048 3.0797 1
396.59 399.62 257.87 235.44 1.3032 1
