135.37 575.37 478.99 478.98 1.2593 1
639 638.98 412.88 146.63 1.2648 1
152.65 413.89 86.526 137.83 5.3467 1
186.06 150.57 241.18 86.293 5.6334 1
447.8 441.9 227.06 242.98 4.9498 1
466.67 447.15 77.717 226.53 5.893 1
356.66 466.37 61.357 77.173 4.6263 1
639.18 602.84 4.0894 2.5992 4.0541 1
506.71 406.6 11.986 1.8851 3.7643 1
535.27 556.77 5.9683 2.4955 4.8981 1
526.6 435.44 7.0167 0.68371 3.741 1
470.39 524.16 1.2526 2.8636 2.686 1
555.17 598.2 11.494 5.0605 10.132 1
397.36 193.66 315.66 248.02 9.4588 1
546.64 525.24 10.3 6.0587 6.1529 1
460.36 474.12 5.239 5.4357 1.25 1
475.54 639.28 4.3704 31.948 3.8804 1
639.3 501.87 35.648 11.501 3.6773 1
431.12 443.42 182.85 178.01 3.202 1
445.39 446.19 180.3 192.9 3.585 1
451.45 451.47 131.63 146.63 3.7625 1
436.09 451.85 111.25 106.07 3.9891 1
434.42 442.92 200.65 191.67 2.0526 1
424.03 395.3 317.66 314.94 7.5843 1
427.84 438.33 224.03 220.47 3.5932 1
445.03 433.74 193.78 204.98 2.705 1
429.55 410.23 144.5 166.35 3.0261 1
405.06 400.38 302.71 311.63 6.8058 1
156.5 239.59 82.613 43.872 3.628 1
440.41 440.38 221.63 236.63 3.7751 1
596.58 554.15 12.343 15.652 4.3047 1
413.55 436.33 134.81 111.3 2.7764 1
422.9 461.52 1.398 5.1921 2.1997 1
555.56 547.86 7.5688 9.0637 5.6234 1
411.17 400.44 166.49 302.98 4.9846 1
440.9 406.07 243.18 302.55 4.0123 1
438.97 427.78 237.7 247.77 1.4857 1
413.13 411.38 137.79 159.31 4.7471 1
361.44 156.5 131.34 91.023 3.0777 1
444.13 457.9 241.61 242.42 3.3359 1
441.58 432.77 112.82 120.25 3.8217 1
240.18 352.81 44.175 60.812 2.9791 1
414.55 433.84 157.15 135.12 2.4722 1
