638.98 638.98 412.88 147.88 1.2519 1
590.91 511.54 129.49 306.03 4.7904 1
136.62 575.37 478.99 478.97 1.2688 1
210.2 205.36 172.82 187.87 4.2938 1
205.63 200.88 120.49 130.61 3.9258 1
207.14 197.83 86.1 99.091 4.217 1
224.12 216.21 327.88 217.99 4.5284 1
213.69 209.17 219.01 235.39 4.1983 1
201.48 205.69 191.31 172.66 5.5866 1
194.74 207.39 94.78 81.17 4.3842 1
205.69 212.54 188.97 203.04 3.9488 1
215.86 212.61 212.94 173 4.9141 1
510.38 502.87 305.19 305.22 3.7581 1
196.23 201.88 133.21 118.74 4.8573 1
203.02 214.82 234.79 212.58 4.8627 1
206.69 212.07 172.86 167.12 4.4462 1
210.51 209.56 151.66 124.2 4.7812 1
200.59 207.17 132.77 146.36 3.9923 1
197.64 204.21 100.48 115.34 4.835 1
207.86 504.14 43.841 47.789 4.8491 1
213.98 200.35 209.59 190.39 5.261 1
212.26 211.23 166.79 155.19 4.4274 1
211.2 195.98 155.44 136.15 5.7806 1
202.36 193.44 118.92 103.79 4.9997 1
208.01 206.45 80.423 44.079 4.4441 1
210.59 205.96 249.07 230.86 4.5796 1
193.92 195.43 103.64 95.162 5.2285 1
208.82 208.16 111.67 89.154 3.8962 1
214.12 590.42 136.59 129.11 5.0551 1
501.97 213.96 308.23 332.2 10.62 1
504.8 591.55 47.246 128.05 4.5734 1
210.04 216.48 236.21 250.44 3.0111 1
218.05 211.99 256.83 248.52 4.314 1
510.29 572.52 301.59 162.72 1.8642 1
505.97 501.48 314.72 328.67 5.1827 1
222.5 226.94 149.15 210.35 1.6993 1
376.62 296.63 49.463 47.712 1.7148 1
235.94 225.9 335.25 332.33 4.6479 1
216.62 217.72 180.38 200.38 1.8679 1
227.07 227.64 214.11 231.63 1.6531 1
194.06 202.7 236.32 234.52 3.9258 1
