638.99 638.99 411.63 149.13 1.2527 1
137.87 574.12 479.02 478.97 1.2939 1
395.1 378.96 160.35 311.61 4.392 1
231.46 199.87 340.41 193.7 4.5514 1
343.33 394.85 68.315 161.79 4.7305 1
380.52 229.65 313.57 344.32 8.729 1
199.79 186 194.36 87.795 4.2727 1
179.99 186.47 34.01 82.895 3.5392 1
55.34 68.086 40.322 31.946 4.4476 1
36.601 56.663 44.025 39.287 3.3623 1
74.1 56.319 30.346 45.251 4.3534 1
1.5606 34.086 46.876 44.778 3.6617 1
41.838 33.265 29.368 36.895 3.4986 1
35.371 1.5773 50.225 51.168 6.1429 1
33.916 61.023 29.858 18.887 4.1384 1
72.284 72.845 20.413 29.207 3.5832 1
201.6 391.96 191.45 162.56 5.3758 1
275.53 180.66 24.393 34.374 5.3634 1
105.45 83.036 4.0269 5.437 6.9441 1
87.765 104.19 11.204 6.8891 2.7967 1
66.201 64.205 20.159 12.527 2.9953 1
65.409 34.111 49.32 48.326 6.4452 1
66.47 42.549 22.338 29.245 3.5775 1
157.98 109.36 34.643 44.083 3.0021 1
292.32 282.51 20.715 4.8304 3.2485 1
285.34 297.38 1.6465 21.156 2.7839 1
122.95 150.32 38.22 32.604 2.4807 1
57.843 74.188 46.229 44.89 1.8792 1
376.37 391.38 305.35 165.35 2.2237 1
82.859 66.514 47.679 48.996 2.6927 1
