285.41 291.68 349.17 181.53 4.9031 1
291.84 292.1 180.37 151.63 2.7448 1
638.98 638.98 412.87 147.87 1.2532 1
521.73 457.38 191.26 392.32 5.2885 1
137.87 574.12 479 478.97 1.2816 1
291.31 369.6 152.34 50.739 4.1536 1
512.58 521.56 70.488 192.79 4.1868 1
455.12 287.32 392.65 351.4 5.8755 1
574.07 587.93 6.1118 4.6888 4.1134 1
294.01 519.27 152.28 192.04 4.564 1
590.25 605.22 5.4195 3.86 3.7298 1
399.22 376.66 230.02 224 2.9801 1
403.82 371.7 197.59 187.64 2.961 1
370.2 511.65 50.372 70.226 3.9509 1
382.68 403.03 194.74 201.12 4.6995 1
437.88 401.63 231.41 231.6 2.6327 1
387.85 374.04 289.21 285.73 2.436 1
444.12 421.6 198.91 199.89 2.8761 1
377.78 361.62 339.52 335.4 1.8199 1
415.42 382.97 339.78 341.89 2.7068 1
446.59 346.73 213.04 193.58 2.5172 1
345.51 295.19 193.44 183.87 2.3953 1
356.62 334.13 15.962 15.797 3.667 1
294.21 292.4 185.34 242.86 2.2235 1
406.62 437.87 234.29 234.37 1.3035 1
385.37 406.62 344.08 343.67 1.6306 1
284.66 287.83 371.72 352.87 8.445 1
372.87 434.12 11.955 11.492 1.3728 1
425.4 392.89 289.78 290.92 3.2466 1
490.44 442.81 35.201 16.806 3.0711 1
290.05 288.78 299.12 347.87 1.5761 1
292.37 290.23 245.35 296.62 2.4957 1
294.84 294.61 154.13 179.13 1.4721 1
335.89 322.48 15.836 10.047 3.1566 1
295.5 352.79 180.96 192.04 2.3347 1
481.46 304.17 194.98 161.41 2.4269 1
602.9 639.22 25.05 27.923 2.4287 1
595.33 539.04 34.543 37.341 4.6836 1
289.91 288.01 370.47 361.6 4.1053 1
419.09 406.62 198.59 198.02 1.6414 1
365.51 435.41 175.89 188.96 2.3938 1
467.8 449.22 217.03 213.6 1.7772 1
512.85 499.12 200.52 197.92 1.8602 1
509.09 496.36 41.723 37.39 4.4065 1
391.64 356.6 14.429 16.001 3.0579 1
453.81 449.68 393.81 414.24 6.883 1
511.52 506.89 7.8552 31.431 3.1973 1
404.14 417.83 200.3 203.1 4.1744 1
432.88 394.13 14.125 14.125 1.25 1
535.45 510.32 38.801 40.972 2.921 1
630.4 599.05 30.001 27.616 2.1135 1
369.13 359.2 186.59 183.87 2.0806 1
605.79 599.43 6.3053 22.992 3.9494 1
