319.15 328.95 324.2 154.04 4.8435 1
550.76 492.21 200.13 409.84 4.9203 1
638.98 638.98 412.87 149.12 1.2572 1
315.54 319.09 391.7 325.31 4.4121 1
136.62 574.12 478.99 478.98 1.2578 1
317.6 315.44 411.51 392.72 6.4943 1
296.32 287.24 1.529 30.567 3.8006 1
613.48 571.31 1.0995 52.613 3.5962 1
458.23 452.02 21.773 36.789 1.7116 1
329.89 338.46 156.42 85.294 4.1716 1
579.73 564.47 1.1547 62.65 5.7996 1
573.08 618.38 55.759 1.0072 3.589 1
429.49 434.72 34.228 15.542 2.7443 1
461.23 468.88 41.465 22.775 2.5771 1
420.55 427.19 42.919 16.453 3.0408 1
396.04 388.66 18.956 44.354 3.2109 1
422.29 418.44 21.409 31.833 5.5566 1
305.62 302.28 1.423 18.007 3.1924 1
380.65 386.51 39.217 21.588 2.3689 1
418.85 412.28 32.557 64 3.6937 1
430.81 423.73 16.741 43.104 2.8287 1
491.72 316.59 409.95 399.64 8.5865 1
389.7 394.85 30.514 9 2.7743 1
374.16 365.35 4.7517 22.862 3.9486 1
389.17 383.89 21.638 39.055 2.5023 1
350.8 355.83 26.714 2.7084 3.6703 1
359.9 354.52 8.1353 24.256 3.1634 1
281.48 285.91 31.594 10.487 3.9268 1
341.25 345.04 21.072 1.3209 6.3251 1
304.17 308.89 29.132 1.5844 3.0628 1
331.19 335.07 29.013 14.045 2.7757 1
473.6 549.63 97.355 202.86 9.8128 1
353.06 348.36 1.691 14.749 4.7044 1
312.46 308.01 1.5514 26.65 3.1927 1
491.77 484.8 9.1656 34.652 3.3895 1
258.81 254.89 10.31 29.283 3.4195 1
380.17 374.58 17.794 31.807 2.5569 1
572.93 585.55 50.71 1.35 4.6699 1
240.34 238.02 11.62 30.393 3.7368 1
349.03 346.9 15.187 30.414 2.5061 1
488.99 498.18 36.557 18.026 4.4703 1
329.72 318.36 195.34 391.58 2.4642 1
330.39 546.74 190.11 203.54 10.299 1
555.44 561.24 54.151 38.979 6.4555 1
195.64 200.62 26.429 1.4256 4.9036 1
427.55 446.74 11.05 1.8631 4.3657 1
255.34 267.95 33.582 32.699 4.8131 1
485.11 490.68 411.23 425.25 7.6705 1
220.98 223.98 24.205 1.6053 5.2853 1
507.56 536.89 344.04 239.2 1.7841 1
228.76 225.09 8.1348 20.659 3.4531 1
401.66 417.93 7.657 10.026 2.8341 1
487.24 483.18 423.03 438.88 5.4946 1
561.2 571.38 44.699 0.70108 8.8874 1
567.82 639.12 60.152 64.229 3.1381 1
85.638 193.1 17.495 24.341 12.236 1
324.35 318.65 418.09 409.97 7.3772 1
1.5651 81.818 6.0454 13.219 8.2701 1
374.14 471.67 92.602 98.351 5.2855 1
418.9 407.72 4.353 2.6705 5.6881 1
341.28 344.43 44.287 26.679 2.813 1
492.59 487.13 38.711 58.924 5.2839 1
601.67 581.65 49.438 48.491 1.8476 1
459.1 446.59 70.116 71.182 1.4578 1
