638.98 639 411.62 149.12 1.2713 1
139.12 574.12 479.01 478.97 1.2874 1
444.12 429.31 22.623 170.14 5.6313 1
446.33 444.2 1.4627 21.764 4.6441 1
211.76 438.1 159.32 0.16221 5.2383 1
71.209 233.57 83.262 0.52835 4.5957 1
431.18 268.35 171.19 333.35 8.1833 1
151.33 72.438 256.87 84.325 6.7779 1
261.48 151.02 335.06 256.96 8.699 1
569.02 501.91 37.061 21.622 3.0827 1
504.24 546.56 18.622 28.175 3.4213 1
609.25 571.65 46.07 37.776 2.0101 1
434.37 435.75 89.142 69.151 1.25 1
577.82 611.67 35.635 42.637 2.195 1
639.02 619.69 19.05 46.138 3.9217 1
613.88 639.43 42.695 8.1012 3.3119 1
189.45 210.97 145.97 156.69 2.8106 1
553.94 569.24 29.842 33.686 1.8288 1
223.88 218.85 201.42 176.43 2.6904 1
228.46 225.27 214.29 201.65 2.4099 1
253.67 250.7 307.68 295.6 3.3426 1
