638.98 638.98 414.12 147.87 1.2592 1
136.62 575.37 478.99 478.98 1.2585 1
580.33 510.41 166.13 349.14 5.0006 1
220.7 196.71 243.01 73.936 4.6982 1
339.99 579.68 39.853 165.46 4.4876 1
510.46 375.1 348.62 439.34 7.0571 1
123.05 99.238 31.148 39.713 10.401 1
377.38 219.8 434.53 243.56 8.1716 1
86.628 103.88 39.133 33.385 3.9524 1
220 339.31 67.489 39.909 4.4003 1
138.15 121.56 21.507 18.178 4.1687 1
118.05 114.17 16.887 1.0028 4.8844 1
198.62 234.67 74.736 104.72 3.5306 1
50.332 75.426 34.227 35.025 6.763 1
54.112 107.89 24.712 23.652 3.238 1
91.554 52.987 41.189 37.838 4.2215 1
30.598 10.588 45.335 49.028 3.7827 1
76.452 85.585 36.288 38.014 2.9207 1
196.97 214.96 73.057 68.682 4.3331 1
213.78 184.86 67.143 48.012 3.2093 1
192 219.7 48.563 67.006 3.481 1
1.4987 14.184 44.889 45.685 3.6644 1
140.69 142.52 1.2639 9.2063 3.3738 1
19.984 49.688 41.875 35.499 7.5058 1
69.125 50.378 27.865 27.825 2.532 1
178.44 185.79 38.844 44.058 3.0584 1
53.095 31.136 38.646 44.911 3.6027 1
101.76 90.379 26.397 27.907 1.9849 1
141.15 137.12 14.274 1.4679 2.4525 1
52.734 40.47 91.086 88.648 1.6969 1
14.217 1.5223 109.53 112.42 2.7154 1
49.679 33.15 26.492 16.184 3.7182 1
1.5964 34.427 109.02 100.26 2.9005 1
508.06 572.86 346.7 176.62 2.5031 1
345.62 305.39 14.885 27.926 2.6329 1
203.1 215.46 94.094 181.61 2.6639 1
233.27 410.7 103.91 250.25 3.2671 1
52.95 16.637 95.576 109.16 2.9411 1
25.413 6.6685 5.656 8.1959 3.3804 1
446.96 410.22 228.56 246.3 2.6382 1
184.23 141.56 93.257 105.14 2.8049 1
266.61 295.38 30.292 26.678 1.8634 1
302.91 331.76 25.492 17.086 2.3051 1
224.37 194.17 38.812 46.792 2.8739 1
304.16 235.34 28.133 36.368 2.2383 1
192.93 212.82 44.312 38.939 2.3168 1
225.13 222.5 264.17 248.97 4.7598 1
230.29 250.39 34.799 31.752 2.5467 1
60.32 31.611 1.2348 5.2725 2.9787 1
150.14 148.61 7.9297 1.4509 3.2965 1
215.56 223.91 182.85 242.91 1.96 1
140.43 196.33 101.83 86.794 2.5565 1
34.986 51.488 99.444 92.547 2.3066 1
362.69 345.83 5.0093 13.748 2.2602 1
69.02 55.261 89.788 92.236 2.2423 1
332.96 356.59 16.794 5.3104 1.8298 1
417.57 439.1 246 235.32 1.6836 1
66.684 42.919 13.261 16.909 3.04 1
465.48 445.56 108.92 98.758 1.25 1
499.07 475.36 126.72 114.15 1.2925 1
79.97 76.867 10.083 1.1091 3.4314 1
390.18 380.85 375.34 428.99 2.5157 1
82.794 77.563 14.234 10.359 4.9999 1
230.3 226.18 279.15 264.79 3.6051 1
552.81 575.57 178.98 168.28 1.6377 1
35.386 22.86 19.489 19.874 3.1232 1
406.02 395.31 277.98 342.86 2.4197 1
408.13 407.07 259.15 271.66 1.4573 1
394.92 390.43 346.77 371.64 2.1353 1
