638.98 638.98 412.87 146.62 1.2579 1
136.62 575.37 478.98 478.98 1.2514 1
584.41 510.87 166.23 346.32 4.3307 1
86.666 96.744 27.992 24.465 2.4314 1
216.16 194.62 245.59 75.154 5.0051 1
335.99 583.78 39.122 164.81 4.7173 1
510.69 384.4 345.8 440.32 6.7662 1
222.39 215.04 252.17 245.6 3.53 1
206.6 335.7 70.281 39.218 4.6891 1
103.04 88.41 26.711 36.045 8.6307 1
90.979 79.451 33.553 35.976 8.1109 1
387.24 221.7 437.2 253.93 9.0967 1
194.31 204.07 72.826 71.284 3.4451 1
119.23 95.489 18.448 14.66 4.9376 1
6.5852 38.906 36.409 30.44 6.9212 1
47.72 72.937 32.788 36.16 3.3065 1
66.622 84.127 21.126 21.198 1.3122 1
97.2 93.977 14.584 1.0643 5.0408 1
72.784 31.639 38.895 35.219 3.8678 1
55.392 25.295 23.073 25.712 2.6651 1
196.52 369.95 75.518 208.43 3.3267 1
39.248 51.859 31.309 29.651 7.1741 1
33.583 1.4006 35.577 43.174 4.0885 1
82.912 67.833 23.18 25.033 2.4813 1
175.51 210.04 46.407 68.406 3.7411 1
203.45 168.81 68.915 46.441 3.7697 1
29.135 66.618 21.337 20.932 3.898 1
427.2 389.48 251.48 432.95 4.6069 1
162.41 169.57 37.389 41.71 3.2313 1
508.44 578.21 344.35 173.01 2.1152 1
166.56 158.25 44.239 39.686 2.898 1
193.06 126.45 86.025 104.75 2.8271 1
229.11 263 30.209 26.518 2.3745 1
370.69 415.37 208.71 242.89 2.9227 1
198.97 215.52 35.892 32.286 2.0195 1
177.84 196.62 41.495 36.623 2.4654 1
28.311 5.1003 24.282 10.85 4.728 1
199.57 219.62 84.225 245.47 2.6694 1
272.89 296.49 25.428 20.922 2.1654 1
315.44 276.6 18.132 27.794 3.0126 1
296.73 324.46 20.677 11.358 2.0304 1
329.08 316.33 11.526 17.22 2.1609 1
275.48 249.02 27.462 30.785 2.4863 1
1.6768 33.079 104.26 92.154 2.6131 1
124.14 192.84 101.68 82.761 2.9003 1
463.08 428.01 229.51 248.13 2.4807 1
227.76 210.39 33.247 35.502 2.0442 1
347.65 330.07 1.2217 11.074 1.9649 1
541.48 496.59 146.91 124.19 1.6386 1
84.244 101.66 79.517 74.233 1.922 1
296.47 252.73 156.82 123.07 2.0962 1
25.637 1.5083 98.579 107.56 2.9158 1
229.07 220.64 285.4 264.02 3.0615 1
29.262 19.13 11.182 12.906 2.6784 1
