638.97 638.98 412.87 146.62 1.2586 1
374.02 371.35 1.5607 57.803 3.9202 1
136.63 574.13 478.98 478.99 1.2562 1
472.64 314.32 363.01 396.32 7.1987 1
591.86 600.73 32.94 1.3722 4.0973 1
246.2 246.13 45.377 25.377 2.5249 1
242.52 242.69 37.86 47.857 3.8338 1
210.4 210.58 41.625 21.615 2.6504 1
249.09 249.68 26.581 42.9 2.6332 1
206.74 207.25 20.344 42.861 2.4994 1
238.89 242.6 15.417 36.673 4.2803 1
213.07 213.51 30.369 45.393 2.6474 1
191.54 189.38 40.503 17.851 3.3192 1
110.52 105.16 32.829 15.44 3.9518 1
468.48 487.96 1.402 54.093 3.34 1
300.97 301.2 20.367 37.864 2.6459 1
110.39 112.98 13.952 32.86 3.5454 1
614.07 639.44 71.879 77.788 4.7526 1
252.28 252.49 44.133 26.62 2.5145 1
490.29 472.06 51.197 1.4668 3.286 1
496.54 494.05 7.7116 28.019 3.2929 1
367 517.71 79.649 158.19 4.4809 1
514.47 470.67 165.73 362.38 8.1859 1
161.27 163.3 15.278 33.942 3.0266 1
493.96 491.86 28.994 51.531 3.4163 1
631.01 635.39 13.915 1.1991 3.6205 1
251.78 221.36 7.3546 4.6357 6.469 1
403.36 374.82 1.1954 51.856 3.9582 1
192.46 195.3 27.973 40.101 2.7192 1
118.21 120.35 14.087 32.878 3.1902 1
85.994 88.427 25.255 37.768 2.6926 1
599.05 629.25 12.399 15.333 4.9766 1
72.386 68.02 40.505 24.086 3.7008 1
92.979 88.905 39.389 21.676 4.7753 1
319.18 512.96 170.07 157.93 6.0115 1
35.36 40.764 23.271 38.991 5.1348 1
168.32 164.46 35.767 15.55 4.8001 1
169.36 172.94 20.319 35.36 3.3585 1
363.36 368.57 57.92 1.3435 8.6433 1
374.91 377.81 52.919 1.5507 3.8381 1
611.01 612.87 79.309 72.874 4.8033 1
72.151 75.073 24.015 37.938 3.2169 1
117.19 114.57 36.849 14.219 3.9585 1
100.23 98.061 15.488 36.771 5.7104 1
379.58 407.8 50.633 0.87101 3.6656 1
596.89 581.53 1.2695 43.636 6.6008 1
640.42 612.59 90.562 83.055 9.1941 1
203.68 204.61 42.748 30.318 3.0546 1
497.73 496.37 1.2842 6.8664 3.9393 1
585.5 591.26 50.415 33.172 5.9388 1
78.734 75.977 39.204 25.505 2.4508 1
638.14 614.76 1.2855 68.911 3.8538 1
243.24 240.71 248.04 175.32 7.9202 1
374.07 490.4 56.521 59.192 4.2241 1
147.36 144.59 36.72 21.771 3.8269 1
124.26 122.08 32.845 22.776 2.0149 1
496.61 576.63 46.603 47.475 4.6185 1
575.77 589.32 47.989 0.96057 5.477 1
240.9 238.68 174.17 81.606 5.2386 1
13.93 8.2597 33.237 10.592 5.1559 1
153.54 155.88 22.81 1.6815 4.7578 1
486.65 380.42 55.936 52.687 3.6336 1
627.39 581.65 106.74 90.305 3.8254 1
305.41 307.55 37.884 28.756 5.723 1
580.49 558.1 82.391 76.936 3.3783 1
210.04 225.03 3.5462 11.059 4.4774 1
295.92 244.79 368.89 252.04 6.372 1
222.98 241.5 10.707 12.733 4.0195 1
241.59 254.07 13.045 12.591 2.9076 1
320.83 301.46 410.91 382.17 10.341 1
255.07 266.61 10.544 2.8502 4.8525 1
86.573 71.652 21.472 21.762 5.1692 1
1.5749 3.4465 14.132 27.967 3.1477 1
302.03 296.41 382.15 369.22 6.2301 1
407.72 422.99 343.55 339.55 2.3588 1
593.57 632.74 92.116 104.55 3.4216 1
639.27 627.99 108.45 106.09 2.7601 1
582.95 592.87 86.486 91.633 2.3433 1
424.27 402.93 335.9 341.83 2.6101 1
260.1 320.01 104.38 168.21 3.0853 1
597.75 588.73 56.772 49.14 7.0465 1
311.73 312.51 391.72 380.35 2.4087 1
21.512 30.583 29.51 32.165 3.9501 1
617.94 599.12 55.567 56.469 4.1645 1
1.4785 14.254 32.619 34.501 3.9306 1
37.326 28.455 37.435 23.295 3.5712 1
557.86 609.13 72.363 70.501 3.0672 1
26.109 35.442 10.756 23.418 5.7726 1
28.344 17.76 24.827 22.068 3.6803 1
307.4 305.96 41.595 64.083 3.5031 1
380.36 400.37 344 344.21 1.25 1
320.34 320.74 197.87 171.63 5.2481 1
157.92 157.08 57.933 40.353 2.198 1
392.85 415.35 223.26 224.52 1.3177 1
525.38 516.84 1.6264 44.168 2.4416 1
40.547 33.14 17.454 13.614 4.4301 1
410.29 379.06 286.34 283.56 2.8501 1
609.14 565.39 73.559 74.796 2.9584 1
312.38 313.54 379.14 330.36 5.3848 1
514.15 522.44 44.131 1.5402 2.5918 1
430.38 454.09 209.04 210.84 3.4545 1
239.84 241.28 47.767 74.076 3.8341 1
436.66 421.66 219.36 221.83 2.6699 1
484.85 465.25 54.319 1.6731 2.5523 1
22.021 26.821 0.74191 9.6903 3.3047 1
435.45 414.08 280.74 285.15 2.9536 1
318.15 319.98 256.64 206.56 4.7226 1
318.13 318.59 267.89 256.6 1.6608 1
396.61 415.3 187.97 190.86 2.0889 1
584.16 557.85 54.59 53.481 6.1391 1
439.14 324.08 195.52 204.87 2.5223 1
504.09 441.61 189.93 195.22 2.3003 1
502.51 498.13 1.5758 34.16 4.382 1
422.84 442.85 271.01 272.04 2.949 1
506.6 427.92 167.44 172.29 2.4559 1
417.82 387.82 222.27 219.78 2.0781 1
459.12 441.62 182.38 182.65 2.5787 1
303 287.65 66.616 68.109 5.1856 1
240.37 366.62 81.851 81.392 2.8995 1
468.19 464.18 376.28 387.11 8.335 1
315.68 316.3 322.88 287.87 3.8599 1
420.36 432.89 325.76 326.26 1.642 1
626.38 639.72 44.042 5.5807 1.685 1
46.957 36.992 56.442 38.362 2.3015 1
33.488 28.45 12.6 1.3673 3.4216 1
216.81 186.57 74.21 69.509 4.256 1
239.15 225.29 77.655 76.247 6.218 1
316.26 316.52 286.65 277.95 5.0348 1
450.36 482.85 191.37 188.86 1.7333 1
419.08 397.85 188.22 185.55 2.324 1
286.48 267.8 68.597 73.841 5.8274 1
380.45 389.42 35.418 19.288 1.25 1
432.9 457.9 175.23 178.95 3.8403 1
365.37 419.1 197.83 193.78 2.5204 1
312.2 312.55 314.13 292.87 1.5417 1
324.12 362.86 200.33 197.6 2.8619 1
309.05 322.89 56.802 57.543 2.4296 1
95.388 72.97 73.008 75.132 2.7246 1
526.63 504.13 54.125 54.125 1.25 1
