638.97 638.99 412.87 146.62 1.2655 1
361.81 359.76 1.5421 27.827 4.2242 1
137.87 574.12 479 478.98 1.2612 1
447.59 294.4 338.95 369.28 6.9401 1
492.93 446.87 174.69 338.49 6.3507 1
232.59 232.73 10.39 1.6031 2.5978 1
497.08 493.89 158.92 171.24 4.9292 1
499.3 496.7 153.57 158.56 4.5239 1
484.1 480.84 1.4744 29.033 3.7923 1
228.89 229.53 1.4621 10.436 3.7403 1
490.34 501.48 143.58 144.19 3.8734 1
309.11 490.31 152.54 143.92 4.6996 1
468.63 477.3 1.3792 28.063 3.119 1
199.12 199.27 1.5957 7.8716 2.6169 1
576.87 583.91 20.001 1.079 5.8296 1
363.85 365.54 20.462 1.5284 3.3778 1
480.05 472.19 26.332 1.4455 3.3872 1
375.67 364.05 1.0986 22.142 3.5429 1
227.69 227.3 221.63 56.623 6.2413 1
601.47 639.56 49.698 60.02 5.5812 1
640.22 597.37 72.864 60.332 10.707 1
368.47 380.59 20.738 0.98757 3.7773 1
619.4 602.69 1.2662 46.557 3.7 1
241.7 240.91 1.5332 11.667 2.5899 1
354.93 355.02 17.866 1.6025 8.695 1
288.1 305.33 359.14 157.87 2.9557 1
287.09 245.81 363.41 264.67 5.8512 1
295.3 287.57 374.95 362.6 8.3467 1
245.87 229.33 264.44 224.77 5.6692 1
486.41 487.41 31.605 20.446 2.8269 1
421.73 401.67 202.73 204.6 2.4893 1
292.63 307.89 365.46 187.77 3.1002 1
475.46 370.37 28.816 22.993 3.5471 1
357.57 491.29 57.139 137.18 3.8132 1
507.82 566.63 21.135 22.655 5.9349 1
565.73 572.63 21.745 1.125 4.3612 1
487.89 310.36 174.31 186.38 2.9338 1
374.07 352.89 318.47 316.51 1.5183 1
417.99 388.06 260.99 266.38 2.3374 1
492.85 392.91 152.31 157.38 2.7326 1
362.73 449.13 26.807 31.554 5.4177 1
308.31 309.76 180.33 154.16 3.3261 1
397.84 370.36 204.5 201.73 2.2469 1
487.83 503.02 19.725 20.784 5.6835 1
381.6 399.12 205.87 206.67 1.7656 1
381.64 402.85 171.51 174.32 2.0592 1
407.91 381.99 311.75 319.16 2.7492 1
245.96 309.59 77.369 151.22 3.453 1
406.52 376.61 172.33 167.99 2.1144 1
619.28 574.02 87.452 70.659 4.0256 1
21.583 34.294 1.8159 4.6017 4.7335 1
639.25 620.32 91.065 86.887 3.1231 1
305.24 299.99 186.61 249.09 1.7887 1
575.67 571.91 3.9078 20.44 2.5493 1
600.08 639.03 77.699 88.231 3.0358 1
227.85 357.9 55.39 58.175 3.99 1
309.15 395.38 183.26 177.9 3.052 1
447.48 421.35 164.76 170.34 3.8344 1
390.4 357.89 157.61 158.5 2.1582 1
450.37 469.14 174.01 173.13 1.8292 1
414.12 439.1 191.7 194.32 3.4687 1
407.79 427.86 175.73 174.9 4.6336 1
565.48 546.52 58.782 53.252 3.25 1
572.32 599.33 65.374 77.421 2.8089 1
141.21 140.83 20.383 1.6159 1.5987 1
429.07 449.11 176.11 174.01 1.9661 1
295.01 294.29 14.102 25.464 3.7425 1
546.59 584.13 47.97 46.89 2.463 1
591.85 581.51 32.867 30.992 4.6966 1
396.64 435.38 154.43 153.1 1.7183 1
555.46 568.02 52.573 56.124 2.0655 1
387.92 360.44 266.32 262.43 2.4754 1
510.28 506.65 1.6043 17.88 2.5814 1
397.85 425.31 250.67 252.6 3.3031 1
437.92 491.66 152.52 149.74 2.258 1
601.69 592.76 32.117 33.247 3.2656 1
306.62 306.62 161.63 177.88 1.25 1
391.66 411.53 302.41 304.05 2.9138 1
503.36 507.49 17.997 1.5274 2.1245 1
489.16 487.4 1.4846 16.715 2.9149 1
474.15 486.63 172.27 171.83 1.603 1
242.9 207.63 46.31 43.401 6.8584 1
432.96 405.49 198.32 195.51 2.9966 1
309.7 298.04 385.74 378.19 7.2845 1
416.68 442.57 158.81 163.37 4.8536 1
291.7 263.35 34.638 38.702 6.1999 1
337.9 317.88 159.77 160.51 1.6198 1
473.54 465.48 26.812 1.5905 2.1009 1
226.25 227.66 22.767 34.152 2.7889 1
366.54 385.34 266.08 268.21 1.6412 1
296.63 332.88 25.239 26.312 1.8041 1
399.11 385.36 241.49 242.68 1.7837 1
400.38 416.65 159.27 158.34 1.676 1
362.89 349.14 245.54 246.79 1.81 1
571.7 559.1 51.55 50.871 2.5618 1
304.24 336.57 306.16 301.28 1.7516 1
337.8 317.91 303.65 306.85 1.8287 1
571.65 550.39 29.791 28.744 6.1195 1
585.35 597.88 47.131 47.835 1.6691 1
596.63 572.85 50.801 51.14 2.4997 1
450.35 470.42 30.813 32.123 1.7623 1
346.6 330.36 247.54 248.96 1.5717 1
400.31 371.62 176.01 172.95 2.0871 1
450.4 437.87 235.84 236.6 1.7011 1
605.65 622.81 46.73 1.5989 1.7287 1
299.02 297.74 259.12 276.61 1.7929 1
349.13 362.89 244.17 243.03 1.7611 1
37.619 24.196 38.609 33.922 4.4203 1
206.83 167.75 41.954 33.466 4.5656 1
366.63 389.13 155.38 155.38 1.25 1
61.625 37.873 37.725 37.755 5.0217 1
369.46 381.82 198.88 194.71 2.7547 1
424.13 401.63 150.38 150.38 1.25 1
377.88 356.63 152.88 152.88 1.25 1
439.12 435.57 359.9 369.2 4.8403 1
457.88 440.38 149.13 149.13 1.25 1
344.13 325.38 154.13 154.13 1.25 1
