638.98 638.99 411.62 147.87 1.2578 1
137.87 575.37 478.99 478.99 1.2559 1
482.88 309.17 394.17 400.39 7.147 1
527.52 482.14 186.97 392.16 8.6842 1
377.46 404.37 39.603 34.089 4.9282 1
305.73 304.55 416.63 90.364 9.9458 1
307.88 524.14 190.44 187.62 5.0646 1
415.11 451.78 32.571 26.247 4.1632 1
255.21 287.99 30.197 26.373 5.5456 1
197.78 241.9 37.225 31.112 5.4674 1
238.07 215.3 17.174 19.653 5.3764 1
351.29 372.17 42.114 32.863 4.8327 1
450.42 386.71 13.132 23.38 4.4965 1
452.83 430.4 7.6271 11.776 4.0499 1
439.45 528.55 87.726 188.24 8.0355 1
355.37 390.38 2.6375 2.6196 2.5154 1
287.91 274.03 11.773 14.953 4.772 1
214.18 197.84 19.803 21.219 4.6576 1
405.25 414.22 33.607 32.961 6.5031 1
254.56 246.05 10.3 13.442 4.6907 1
431.97 409.28 355.27 362.14 3.4466 1
521.63 639.13 43.586 43.721 3.7371 1
414.03 428.9 363.81 359.6 2.2458 1
523.61 518.12 30.789 40.514 7.426 1
390.6 374.34 16.363 20.062 4.1012 1
289.04 302 27.526 24.426 3.261 1
639.13 526.63 39.7 39.482 3.8762 1
276.66 287.5 22.987 19.269 2.4349 1
264.37 254.98 9.0017 11.082 3.9316 1
440.58 418.06 302.36 308.54 2.7174 1
369.13 359.05 21.537 21.148 5.0926 1
440.54 427.87 243.54 246.62 3.0529 1
201.51 213.36 31.452 23.603 3.4517 1
307.87 441.63 87.85 87.142 4.2201 1
530.2 525.31 26.541 36.593 3.4023 1
29.124 147.88 32.06 31.981 6.289 1
430.39 412.87 213.41 213.87 1.684 1
169.52 159.46 6.4901 10.069 4.371 1
160.34 193 28.792 25.315 5.6334 1
1.5935 32.854 24.35 24.712 5.0864 1
524.67 520.35 1.5202 30.558 4.1601 1
344.08 331.85 20.598 18.058 4.8955 1
350.42 364.24 31.721 25.635 2.7917 1
453.08 431.49 208.85 213.48 2.9688 1
412.84 427.85 217.37 216.3 2.3158 1
383.22 384.43 31.662 20.275 2.6184 1
426.68 409.11 245.86 247.7 2.8762 1
439.93 380.58 54.595 67.566 4.6256 1
476.45 479.53 396.27 416.37 7.703 1
236.57 200.32 62.501 67.451 4.7301 1
533.85 559.34 36.431 0.88137 4.0637 1
406.67 432.91 311.92 308.11 2.5185 1
549.49 532.18 1.0159 26.147 3.5244 1
417.82 386.6 308.25 307.25 2.9385 1
393.95 379.06 361.62 359.57 2.4324 1
515.37 384.11 219.86 222.05 2.1871 1
412.88 397.86 212.74 211.95 1.7092 1
520.37 367.88 196.58 198.29 1.628 1
241.58 261.68 58.853 55.727 2.2782 1
380.38 356.59 68.26 68.733 5.3717 1
392.88 377.85 209.05 208.39 2.718 1
320.43 310.38 420.32 410.36 7.0857 1
487.87 515.39 217.83 217.51 1.4854 1
376.63 456.63 200.71 200.39 1.501 1
380.38 311.62 222.1 222.54 1.6601 1
482.88 440.39 336.81 338.25 1.4189 1
445.38 462.88 217.88 217.88 1.25 1
177.49 178.99 23.267 10.36 5.9187 1
256.57 236.72 59.961 62.406 2.0228 1
465.38 484.13 217.87 217.87 1.25 1
150.89 149.56 22.969 12.657 3.3991 1
451.62 482.87 44.901 44.689 1.4617 1
514.2 518.94 29.558 1.3837 6.4045 1
439.14 420.38 283.93 284.21 1.25 1
412.87 379.13 339.06 339.3 1.2944 1
476.39 472.27 411.95 424.74 4.4169 1
484.12 457.88 47.791 48.256 1.427 1
412.88 394.13 284.13 284.13 1.25 1
331.61 351.62 219.44 219.11 1.3933 1
341.84 329.21 61.721 60.606 5.0906 1
529.8 527.13 9.2445 24.215 2.4095 1
358.29 342.43 65.787 62.607 5.3963 1
