210.74 209.24 167.9 112.84 4.5289 1
638.98 638.98 414.13 146.63 1.251 1
136.62 575.37 479 478.97 1.2797 1
208.8 208.88 106.63 87.868 2.5764 1
212.89 210.67 269.12 169.09 4.4719 1
208.16 418.23 80.135 20.382 5.1619 1
210.77 369.49 80.926 170.98 6.0219 1
328.17 212.48 362.51 269.32 4.8673 1
368.93 547.18 170.01 73.904 4.6319 1
549.76 485.79 73.373 232.03 4.8063 1
486.45 479.45 231.35 235.88 4.5065 1
335.41 326.78 359.16 365.92 4.4521 1
370.37 334.3 330.36 361.19 9.1053 1
278.1 298.04 151.04 158.7 3.6781 1
418.4 549.98 21.006 71.394 4.4196 1
258.27 249.84 135.96 123.64 2.769 1
308.99 266.47 190.78 177.11 2.6798 1
257.23 247.43 168.26 151.89 3.6465 1
312.83 275.55 159.26 147.32 3.1433 1
253.29 244.35 275.76 256.52 3.24 1
255.07 246.21 226.19 209.34 3.1443 1
300.21 270.2 247.11 237.14 2.7834 1
212.74 213.39 115.38 167.88 1.576 1
478.13 370.63 240.2 330.44 8.8408 1
215.3 215.51 224.13 267.87 1.2742 1
275.25 306.58 183.28 193.01 2.8838 1
349.39 330.06 263.93 360.31 3.1948 1
294.24 263.82 295.08 283.7 3.0671 1
203.91 217.16 285.09 275.23 7.7432 1
374.12 350.95 175.37 287.99 2.883 1
270.43 300.42 240.2 250.24 2.3955 1
263.97 295.07 287.04 298.69 2.7753 1
205.87 211.31 299.41 281.16 7.7733 1
243.81 255.35 127.72 135.42 2.288 1
211.64 211.84 89.125 106.64 1.4347 1
367.03 370.21 195.46 180.34 2.1898 1
580.28 604.17 3.9703 6.1236 2.538 1
213.31 215.74 169.16 220.36 1.9027 1
254.3 214.13 138.84 114.11 2.5415 1
361.5 350.05 203.85 261.56 3.1461 1
251.32 265.4 152.74 156.54 3.392 1
362.74 365.59 215.35 202.64 1.6898 1
246.29 262.75 256.71 260.86 3.3311 1
248.91 261.76 208.6 212.43 3.594 1
366.38 362.15 180.32 198 2.6687 1
214.67 242.76 110.75 128.07 2.5359 1
251.52 269 120.73 125.82 3.0992 1
346.9 339.89 306.68 341.53 2.2118 1
350.63 347.47 290.43 304.03 1.7835 1
599.11 567.73 9.2275 5.3334 2.6349 1
566.61 550.54 5.4371 2.0656 3.4134 1
355.67 362.33 251.68 219.01 1.9265 1
235.66 222.65 237.47 228.19 1.8938 1
320.49 287.42 178.95 158.62 1.8772 1
339.97 342.42 329.05 315.29 1.669 1
549.12 540.37 3.113 2.9434 3.822 1
239.19 254.12 236.54 247.89 1.5131 1
305.65 312.11 148.87 156.06 2.1856 1
350.71 334.07 171.03 161.72 1.8329 1
267.13 257.07 176.23 167.56 2.42 1
331.83 311.77 160 148.87 1.9445 1
