459.74 427.16 168.98 312.71 4.2099 1
638.97 638.99 411.62 149.12 1.268 1
137.87 574.12 479 478.98 1.2667 1
325.74 460.22 45.098 168.04 4.3719 1
171.6 181.63 9.5584 9.2379 3.9078 1
427.4 298.81 312.84 360.79 8.1016 1
267.73 265 1.2415 11.18 5.0542 1
5.6482 17.795 10.229 32.918 3.6623 1
200.26 244.45 67.943 138.92 4.1668 1
220.23 201.31 204.15 80.614 4.0962 1
253.04 247.92 13.754 11.517 3.2922 1
251.52 231.75 19.82 23.531 4.0674 1
231.6 325.51 61.478 44.878 4.4078 1
38.875 51.267 0.21717 31.022 7.9177 1
187.98 171.59 12.074 17.777 7.853 1
171.03 156.93 17.156 21.385 3.0572 1
8.4131 5.8738 36.552 17.807 4.7869 1
224.03 219.28 211.14 202.79 3.26 1
201.62 198.83 80.375 68.892 2.7916 1
20.409 5.2806 31.029 2.9258 2.7959 1
241.94 269.15 25.282 17.973 3.7114 1
262.25 254.44 8.9826 13.427 4.0268 1
146.45 156.74 14.817 17.411 2.4339 1
115.08 147.99 14.568 11.673 7.3217 1
151.82 126.7 18.539 15.93 3.3425 1
22.359 11.692 20.547 0.90959 4.4609 1
297.23 279.9 358.2 323.74 6.1318 1
91.61 101.59 21.515 20.119 2.8222 1
101.67 88.898 23.219 24.941 2.8818 1
145.37 127.86 6.3948 6.6164 2.4682 1
298.37 293.48 355.4 215.35 3.5172 1
1.4807 17.152 83.868 75.064 3.8081 1
69.611 54.236 15.829 6.443 2.6052 1
131.61 179.1 3.5026 4.8604 2.4275 1
279.63 224.78 323.25 214.43 3.7342 1
100.96 114.9 20.543 14.752 6.3402 1
127.6 101.52 16.84 23.721 3.2405 1
293.07 372.8 214.86 193.85 3.8207 1
24.255 14.728 70.479 82.356 4.1038 1
236.95 265.2 26.294 54.3 2.7923 1
14.04 1.5912 82.606 86.517 3.2714 1
7.873 16.983 1.6262 16.405 2.0408 1
37.628 51.598 48.321 44.037 2.2943 1
19.486 23.757 59.514 69.286 3.7925 1
17.02 8.3445 63.791 53.535 2.9354 1
19.701 12.101 40.821 47.192 4.6348 1
56.456 71.837 4.4029 13.777 2.3182 1
76.303 71.786 10.537 1.5443 2.8004 1
108 56.705 72.226 83.249 3.0604 1
80.719 82.055 1.5669 9.4748 4.9301 1
224.14 201.77 62.979 66.335 3.3994 1
259.52 236.04 53.758 30.943 3.0194 1
65.185 105.42 78.271 69.319 2.715 1
424.6 455.78 310.48 172.97 1.9932 1
83.061 61.724 45.922 53.167 2.4335 1
391.76 360.45 5.8686 14.407 1.8638 1
319.13 337.87 15.495 15.353 1.2879 1
455.42 392.67 167.83 110.6 1.6321 1
279.13 299.15 18.071 17.463 1.3254 1
336.63 316.63 17.875 17.875 1.25 1
21.625 1.6191 90.371 90.267 2.5455 1
405.53 429.1 184.66 177.79 2.0023 1
