213.21 209.65 271.59 111.59 4.4157 1
638.98 638.98 412.88 147.88 1.251 1
137.87 575.37 479 478.97 1.2808 1
211.03 366.84 82.987 172.5 4.9118 1
209.34 208.58 109.12 82.819 3.677 1
209.23 419.31 81.998 22.293 4.4806 1
326.95 213.06 364.99 271.4 4.7102 1
367.5 549.18 172.17 75.488 4.678 1
551.99 486.93 73.267 235 4.9312 1
276.47 311.52 153.36 164.47 2.8792 1
312.71 266.21 162.13 146.62 2.7687 1
419.25 552.55 22.537 73.721 3.9584 1
297.97 267.59 248.84 238.72 3.1587 1
482.01 461.99 240.85 257.34 10.897 1
307.4 264.72 193.02 178.56 3.4392 1
264.69 246.75 145.9 122.49 3.311 1
256.63 247.8 170.37 155.42 2.7362 1
273.87 306.64 184.94 195.32 2.6775 1
341.82 332.85 355.52 364.04 7.1597 1
250.76 244.68 273.97 258.9 3.2746 1
254.19 245.62 227.84 210.25 2.9399 1
295.27 263.84 298.16 286.13 2.8548 1
271.26 301.6 242.69 252.96 2.3308 1
372.7 336.14 177.84 356.53 2.7816 1
212.79 213.74 117.88 169.13 1.8981 1
461.62 341.81 257.6 356.31 7.4218 1
262.54 295.12 288.75 301.05 2.9618 1
215.2 215.9 225.38 269.14 1.5282 1
203.67 216.54 291.22 276.69 8.8228 1
254.51 215.27 141 116.8 2.6401 1
264.61 255.64 177.43 167.63 2.0747 1
365.54 368.85 198.16 181.57 2.4569 1
246.46 262.99 258.37 263.78 3.1535 1
214.57 215.62 175.36 220.37 1.4248 1
215.16 248.15 113.22 133.23 3.434 1
266.38 255.17 238.15 228.11 2.4051 1
354.82 364.26 251.51 205.4 2.2277 1
596.61 604.14 7.2873 7.1311 1.4054 1
581.65 536.61 7.6806 1.7422 3.5544 1
209.2 211.69 294.44 283.85 3.6502 1
357.78 279.29 204.29 156.35 2.4334 1
363.87 245.53 174.57 106.35 1.8468 1
348.43 328.94 265.49 361.84 3.2508 1
250.14 270.56 122.41 128.5 4.6652 1
356.78 316.62 177.61 154.14 2.226 1
261.51 251.38 284.25 274.38 1.7676 1
343.94 352.76 305.34 262.85 1.986 1
609.15 632.85 8.8326 10.66 1.3424 1
364.55 361.04 182.96 200.51 2.4584 1
247.51 265.32 210.37 215.57 3.4509 1
303.4 311.63 148.71 159.12 3.3067 1
250.19 266.66 154.84 159 4.2483 1
359.96 348.88 206.54 263.07 3.08 1
245.4 252.28 156.61 169.45 1.8503 1
335.8 342.27 345.46 311.75 2.1696 1
251.51 220.36 251.78 227.9 1.9843 1
616.58 587.93 12.012 8.6461 2.4082 1
266.49 248.97 124.37 114.4 1.7047 1
330.48 362.9 158.94 177.83 1.972 1
217.97 260.05 222.74 254.55 2.0177 1
303.02 314.46 142.64 149.84 1.8437 1
326.91 344.34 182.39 192.5 2.0528 1
350.16 332.73 361.14 368.8 2.8819 1
