182.4 140.43 282.39 108.81 4.98 1
139.12 574.12 479 478.97 1.2721 1
638.97 639 411.62 149.12 1.2693 1
475.03 474.03 116.61 141.72 4.7962 1
473.02 446.04 142.69 304.24 4.9122 1
474.15 481.26 94.847 106.84 4.1043 1
470.3 473.45 98.902 115.5 3.3881 1
480.16 475.37 106.38 117.33 4.939 1
463.99 469.59 58.099 92.8 4.2171 1
142.68 470.39 110.38 127.6 6.9046 1
206.66 462.89 50.74 60.004 6.5918 1
462.46 191.76 310.3 287.57 10.144 1
602.9 512.8 16.016 12.184 3.933 1
520.34 619.08 8.6456 12.8 3.7344 1
511.7 426.82 11.053 0.087742 3.5944 1
639.23 604.07 19.356 15.895 3.2227 1
145.35 184.73 115.38 278.03 2.1201 1
619.05 639.23 13.614 15.579 3.2152 1
464.24 519.26 0.74881 8.1564 3.7876 1
466.86 461.56 92.834 62.887 1.5903 1
194.12 165.36 116.8 116.21 1.2757 1
456.55 459.6 184.11 162.94 1.7509 1
