638.98 638.97 412.88 147.88 1.2642 1
136.62 575.37 479 478.98 1.2711 1
538.02 342.86 267.15 321.58 10.531 1
617.54 537.5 93.388 265.87 5.2334 1
240.72 235.44 197.91 46.579 4.4174 1
235.53 504.19 46.059 24.928 5.4047 1
302.99 615.69 139.92 93.782 5.5547 1
241.68 240.53 225.43 199.06 3.9655 1
290.44 241.23 331.6 226.22 4.0614 1
249.29 250.91 134.14 115.42 4.5505 1
250.27 251.35 191.62 170.36 4.5661 1
252.81 254.49 176.63 191.72 2.4846 1
249.88 252.98 230.55 216.93 3.4892 1
248.48 249.97 105.42 85.345 3.3717 1
504.63 617.55 25.379 92.176 4.2735 1
252.43 250.6 238.97 229.32 2.4563 1
253.64 262.73 116.15 121.85 2.782 1
252.28 268.96 85.401 93.219 4.8441 1
251.82 252.98 92.857 105.36 2.0964 1
306.7 285.32 330.64 336.44 10.633 1
263.1 253.36 96.248 90.396 2.81 1
255.19 270.8 193.08 207.52 4.0368 1
263.18 250.98 207.63 192.14 4.3451 1
265.28 253.93 128.02 120.67 3.1483 1
268.7 256.37 185.89 175.69 2.889 1
276.58 259.11 124.22 115.4 2.2917 1
252.45 265.42 133.12 147.7 4.0523 1
342.37 302.24 321.1 332.47 10.664 1
258.26 249.68 147.63 134.11 4.6868 1
239.45 248.15 75.994 88.943 2.1049 1
301.83 282.08 149.87 122.19 2.6215 1
300.31 300.89 167.83 150.31 3.7063 1
277.44 259.44 159.13 147.39 5.1896 1
297.07 299.53 226.65 171.7 3.335 1
274.11 255.08 259.15 245.8 2.3634 1
259.29 249.59 116.47 106.11 4.6836 1
300.84 286.85 173.44 153.96 2.6008 1
255.56 266.83 238.75 252.48 3 1
222 242.42 245.26 232.17 7.5827 1
272.41 264.4 211.32 207.33 4.4807 1
276.75 284.69 102.82 121.91 2.5939 1
285.77 299.58 122.6 142.56 2.2914 1
268.55 262.79 101.99 92.93 3.3525 1
266.02 238.09 88.306 48.97 3.4857 1
278.65 296.94 135.68 163.92 2.4082 1
246.68 260.58 66.586 86.481 1.951 1
286.57 269.64 152.91 127.11 1.9594 1
312.43 307.8 146.6 220.37 2.7195 1
293.94 296.59 284.12 232.81 3.0551 1
307.37 302.21 222.84 296.58 2.5197 1
246.26 261.4 186.81 216.74 1.8262 1
257.82 244.09 215.4 187.89 1.6914 1
278.42 267.65 116.22 101.79 2.5283 1
240.4 253.98 129.81 154.2 2.4326 1
255.17 246.32 83.019 70.593 1.8958 1
259.62 242.64 169.55 139.26 1.9548 1
537.83 548.13 257.86 235.49 1.4787 1
255.37 264.03 156.63 171.68 1.8706 1
305.9 307.72 205.33 172.87 1.6681 1
292.14 292.96 316.64 295.33 2.4499 1
533.69 533.75 277.89 285.38 3.7763 1
476.65 452.94 118.11 120.96 1.3112 1
282.77 291.9 204.19 220.22 2.0219 1
293.5 293.55 296.63 286.63 2.5335 1
302.08 302.27 262.89 254.14 1.4164 1
504.14 494.1 114.28 115.06 1.7276 1
286.75 277.85 338.97 338.2 1.9694 1
