195.78 155.53 294.98 125.04 4.8336 1
135.37 574.12 478.99 478.97 1.2687 1
495.48 463.32 128.92 305.23 5.2591 1
638.97 638.99 412.87 147.87 1.2628 1
156.6 490.4 124.18 130.23 4.7109 1
487.03 493.67 98.385 109.4 3.8567 1
471.45 484.03 63.38 98.716 4.1895 1
489.42 495.03 113.56 128.79 4.3252 1
205.37 470.37 61.642 63.32 4.8574 1
480.15 205.35 310.1 299.7 9.9818 1
415.38 429.13 1.625 1.625 1.25 1
430.33 534.12 2.1681 11.683 4.3464 1
488.07 390.39 10.894 1.4365 3.851 1
535.35 610.39 9.8808 12.435 4.0618 1
639.36 589.09 21.173 14.363 4.3633 1
587.92 489.07 15.002 12.46 4.3234 1
171.76 204.88 101.74 60.986 3.6385 1
389.15 369.13 1.9925 1.4652 1.4142 1
610.58 639.31 12.998 18.106 3.282 1
160.73 197.92 132.79 290.36 2.1316 1
125.38 84.125 1.625 1.625 1.25 1
476.09 481.82 181.53 149.16 2.1031 1
488.41 490.79 151.7 135.44 1.5987 1
478.37 484.68 206.71 170.47 1.6053 1
210.37 161.62 127.84 128.33 1.6397 1
470.71 471.32 216.65 207.85 1.678 1
430.38 411.63 66.625 66.625 1.25 1
