288.99 297.92 339.17 139.24 5.2536 1
638.98 638.99 412.87 147.87 1.2585 1
137.87 574.12 479.01 478.97 1.278 1
456.46 287.93 390.94 340.21 5.9522 1
523.94 459.2 197.4 389.98 5.3723 1
528.24 524.76 172.76 199.04 6.4488 1
297 387.44 141 38.594 6.011 1
532.17 527.51 62.845 171.66 4.4249 1
300.13 523.97 141.53 189.84 5.5034 1
404.39 382.92 224.55 217.74 3.1972 1
384.04 406.36 186.87 194.86 3.5305 1
408.81 381.44 191.31 182.17 3.562 1
385.41 399.11 222.74 226.67 1.4979 1
299.52 294.44 175.39 285.39 2.3409 1
293.87 292.24 286.58 336.64 2.2538 1
287.97 291.22 362.06 342.81 8.2476 1
300.68 299.97 144.13 167.9 2.1238 1
429.13 397.88 285.43 285.96 2.6056 1
293.08 291.8 369.2 351.52 4.6444 1
389.17 375.36 282.72 279.19 2.4498 1
377.8 365.5 333.08 328.76 2.2929 1
416.63 387.88 335.63 335.82 2.5253 1
387.68 531.33 39.032 63.355 5.6806 1
446.6 427.84 194.48 193.4 2.8553 1
441.63 415.36 226.43 225.91 3.8727 1
416.64 300.21 200.3 173.59 2.5301 1
453.6 453.95 392.78 409.1 7.445 1
399.22 416.67 340.05 338.33 2.4879 1
411.67 429.11 289.54 287.75 2.231 1
376.74 410.34 169.84 176.81 1.985 1
542.11 536.65 1.4418 24.13 3.5579 1
539.42 547.02 25.471 1.7515 2.4744 1
399.13 360.38 3.9053 2.6339 3.0726 1
469.19 447.9 187.58 182.76 1.4952 1
595.37 580.38 26.456 26.824 2.8061 1
624.19 609.16 25.35 26.123 3.0558 1
