638.98 638.99 411.62 150.37 1.2597 1
219.4 187.67 314.07 158.66 4.8228 1
137.87 574.12 479.01 478.98 1.2803 1
398.57 376.53 114.21 299.26 4.9102 1
376.17 371.87 298.9 331.66 4.4294 1
167.9 125.32 6.2024 3.9515 3.6788 1
139.17 186.63 1.0919 5.2981 3.4043 1
186.81 217.94 5.7205 2.2073 3.7264 1
186.92 237.33 158.7 64.503 4.2834 1
124.16 65.355 4.4376 2.1255 3.9926 1
224.18 204.33 1.7791 8.4735 4.3801 1
265.63 242.52 12.412 56.44 3.7919 1
369.13 219.24 334.05 315.67 8.0182 1
99.125 137.88 1.625 1.625 1.25 1
402.79 267.75 21.532 12.105 5.7126 1
429.12 470.37 2.0079 2.328 2.7327 1
190.19 389.14 158.5 177.72 4.4481 1
197.95 165.41 10.838 7.5679 6.0937 1
245.3 198.98 16.2 11.89 3.8202 1
394.75 403.67 110.31 22.829 3.5277 1
206.63 252.87 10.341 12.896 2.3514 1
402.15 397.26 62.804 112.94 2.3349 1
371.14 367.76 335.28 352.85 2.1708 1
432.88 428.5 44.124 7.8 3.6375 1
432.72 437.94 6.6466 44.29 3.0282 1
192.09 212.14 164.03 262.77 1.8144 1
437.9 405.36 45.943 44.546 2.98 1
404.14 430.38 41.325 42.871 1.5421 1
372.66 382.2 300.35 225.45 1.9204 1
370.59 372 319.15 304.16 1.3615 1
571.6 527.8 19.406 14.809 2.6788 1
382.44 387.69 222.82 184.1 1.8054 1
320.39 354.13 12.579 13.902 1.5919 1
526.64 510.37 13.753 12.912 2.6257 1
605.38 585.38 19.125 19.125 1.25 1
