125.32 180.42 4.9733 8.4588 4.3434 1
140.37 574.12 479.02 478.97 1.2881 1
638.98 638.98 411.62 147.87 1.2511 1
271.7 299.22 19.733 16.122 3.0675 1
180.42 270.45 9.8649 18.345 4.6439 1
102.82 124.3 1.9383 5.5626 3.9208 1
269.45 208.18 23.059 14.472 4.9984 1
130.15 95.118 10.21 2.8464 5.0806 1
207.78 130.63 16.23 7.9942 5.2021 1
310.95 291.8 11.429 21.946 4.1674 1
205.52 294.23 164.25 57.96 4.8125 1
238.27 206.24 320.04 164.94 5.377 1
415.42 457.25 157.89 42.648 4.4822 1
278.98 269.05 24.65 21.898 4.5699 1
519.92 546.78 21.133 27.171 4.0278 1
550.5 533.55 5.7495 11.22 4.7956 1
379.26 333.84 34.19 29.155 4.9723 1
576.74 529.16 20.323 22.498 4.2524 1
305.36 279.2 5.2836 9.5577 3.0964 1
276.33 300.35 7.6538 2.7604 3.4026 1
482.92 449.12 3.0002 1.6936 4.1818 1
387.21 383.32 356.06 369.26 2.3469 1
633.04 637.14 14.178 1.7969 3.9528 1
315.37 279.05 30.449 25.996 3.2894 1
320.06 305.01 27.366 46.333 2.9692 1
384.07 235.38 359.35 320.34 8.8279 1
425.5 380.27 39.33 33.758 7.7494 1
545.11 521.74 30.261 24.894 2.6166 1
547.77 575.4 26.313 24.456 4.412 1
391.96 386.54 326.92 355.6 9.5938 1
287.84 317.8 24.51 27.363 2.7257 1
532.96 512.79 10.89 8.5723 3.4829 1
401.98 389.23 199.03 325.51 4.6088 1
455.26 426.44 42.711 39.539 4.0011 1
456.82 431.19 46.459 209.45 4.7049 1
333.07 320.3 28.857 27.253 4.3438 1
530.44 522.93 20.249 16.523 2.179 1
574.13 556.58 12.905 14.975 5.2584 1
580.57 574.35 1.0408 12.311 5.5857 1
537.79 547.9 14.951 13.022 3.9179 1
345.37 329.12 2.0241 2.0047 2.509 1
210.42 400.29 165.15 200.82 4.4945 1
429.73 395.84 210.19 327.12 4.2977 1
507.56 510.16 67.854 29.111 3.3968 1
494.15 485.41 68.657 68.263 1.6425 1
325.31 312.8 7.3784 6.241 2.7161 1
514.36 513.2 29.096 69.098 2.8984 1
571.66 545.45 31.108 29.284 2.1148 1
462.89 499.17 62.743 66.143 2.1776 1
512.89 495.31 70.01 69.132 3.683 1
485.39 460.37 67.76 65.482 2.1517 1
375.42 346.7 5.7981 8.6029 2.0022 1
355.38 372.88 29.125 29.125 1.25 1
