638.97 639.01 411.62 149.12 1.2762 1
266.34 241.62 316.48 153.94 4.8352 1
139.12 574.12 479.02 478.97 1.2899 1
397.14 566.67 227.23 82.922 4.8083 1
482.79 499.67 25.189 17.56 3.7135 1
445.44 476.9 43.192 36.687 4.0503 1
477.81 452.04 38.92 46.743 3.9092 1
499.09 484.13 21.546 27.896 3.1044 1
558.4 534.52 109.83 197.08 4.5681 1
534.82 523.13 196.82 239.19 3.7395 1
475.41 483.6 35.136 24.698 3.236 1
240.81 428.1 153.64 48.279 4.905 1
566.04 557.89 84.791 110.38 5.8361 1
384.87 266.43 396.79 315.67 8.3934 1
525.07 390.09 239.95 395.29 5.9453 1
529.86 525.91 1.5235 21.483 7.1141 1
437.84 462.58 32.692 27.68 3.9079 1
388.22 344.98 32.459 23.527 5.0688 1
344.62 291.69 21.571 11.312 5.2224 1
451.36 439.14 32.157 36.655 3.3975 1
462.76 389.2 54.5 31.387 5.3143 1
357.98 401.82 22.3 30.578 4.286 1
296.97 357.99 7.5627 21.106 5.1581 1
592.1 586.75 1.0001 18.301 5.7122 1
475.38 451.63 32.048 32.053 1.2545 1
500.37 521.61 29.413 29.874 1.6568 1
500.36 505.92 17.869 0.59287 9.8617 1
526.67 501.73 23.528 22.857 9.1503 1
436.64 446.63 40.856 40.553 2.6124 1
539.87 530.57 1.7244 5.8111 3.0695 1
402.33 434.12 30.965 40.385 4.7495 1
604.15 576.73 32.618 29.492 4.1187 1
539.1 474.55 76.725 57.675 7.1352 1
586.63 626.72 27.713 30.031 4.703 1
10.378 1.27 1.648 3.0225 3.708 1
494.13 482.95 35.362 33.621 3.1279 1
0.45774 17.687 18.947 4.8655 9.1482 1
462.84 477.86 28.323 29.38 2.6695 1
474.34 463.02 56.754 54.599 2.9819 1
565.07 539.47 82.845 76.476 4.8753 1
449.19 490.38 47.576 56.58 3.3565 1
291.91 281.9 10.209 1.3164 3.3199 1
289.14 299.5 1.5961 8.0343 4.9063 1
601.47 557.81 79.974 71.964 2.5831 1
181.37 128.06 1.9156 16.072 3.9251 1
554.16 570.35 27.244 26.241 2.2634 1
566.8 596.6 70.582 75.54 3.0858 1
485.45 495.47 30.943 31.973 2.4869 1
545.43 572.97 39.38 33.323 2.4416 1
567.9 605.32 100.28 109.36 2.4653 1
627.49 637.65 30.31 33.572 7.9052 1
571.62 557.81 27.859 31.372 2.4017 1
131.89 167.62 10.237 1.7922 3.5613 1
244.81 394.06 155.29 228.02 5.0138 1
246.26 254.05 161.68 214.14 2.01 1
492.2 497.3 55.207 34.916 7.5876 1
579.59 579.34 11.647 2.9041 5.0682 1
519.03 502.88 33.611 31.577 2.3242 1
574.05 557.86 35.149 40.313 2.4856 1
615.36 568.03 115.45 103.5 2.4495 1
629.28 612.83 35.998 31.818 3.3656 1
127.63 1.4873 15.121 35.784 3.9779 1
117.74 131.57 11.98 9.9698 3.0138 1
536.65 562.98 13.881 17.022 2.7222 1
563.4 554 16.02 5.4829 2.8995 1
547.81 564.14 64.717 63.004 1.6344 1
41.839 104.25 23.057 13.721 3.5134 1
639.8 629.94 45.874 36.974 2.6028 1
1.5965 41.79 30.192 23.934 3.8163 1
105.31 116.68 13.718 12.008 2.6581 1
16.592 1.071 16.568 25.681 5.5775 1
555.4 532.88 41.062 41.839 1.4218 1
532.89 516.63 66.435 65.29 1.7741 1
582.44 580.63 32.611 44.165 2.5297 1
