638.97 638.99 412.87 147.87 1.2607 1
136.62 574.12 479 478.98 1.2695 1
494.07 442.82 149.8 335.92 8.3485 1
304.12 492.94 152.86 142.89 5.0546 1
594.81 639.59 46.13 58.728 5.1923 1
360.32 466.6 23.862 29.605 3.2724 1
265.22 277.99 7.958 6.2779 5.8706 1
279.02 292.87 6.0549 5.2898 3.8822 1
470.42 497.05 126.56 142.96 5.1593 1
357.33 355.79 1.4069 22.905 7.039 1
474.19 360.37 26.738 20.493 3.6914 1
164.21 188.14 1.1011 5.0211 4.53 1
223.83 223.57 220.38 55.372 6.244 1
640.54 593.94 71.84 58.039 9.8096 1
283.69 249.11 358.77 279.68 6.4525 1
237.75 249.29 11.917 10.471 4.1872 1
249.96 225.4 281.09 223.58 6.4172 1
481.56 569.04 17.149 20.273 6.0675 1
444.81 292.92 335.16 366.86 9.4265 1
347.82 350.68 21.964 1.3211 6.8763 1
290.16 294.38 362.95 305.39 3.0747 1
575.13 580.95 9.8012 1.1719 6.2694 1
352.8 469.81 55.498 126.31 3.9422 1
596.1 561.1 79.002 62.755 3.645 1
224.11 354.14 54.81 56.882 3.7097 1
288.67 284.51 369.29 357.74 7.6659 1
564.36 541.66 57.111 50.254 3.0044 1
366.03 376.66 18.273 0.88258 3.7369 1
304.98 288.3 383.26 366.1 9.7344 1
464.82 474.36 1.372 27.455 5.4404 1
474.56 470.54 16.511 1.2515 3.6266 1
566.35 596.57 62.261 75.496 2.9266 1
211.9 158.98 41.648 29.748 3.3205 1
248.07 305.64 83.961 151.39 4.1312 1
294.82 299.21 302.93 249.03 3.26 1
639.24 596.6 89.926 79.241 3.947 1
158.03 138 29.718 24.877 2.9766 1
285.71 292.98 355.4 260.38 2.8047 1
299.35 304.3 247.89 187.79 3.4007 1
550.47 561.89 50.021 53.166 2.2876 1
455.4 306.6 175.79 186.27 2.7931 1
396.51 374.15 171.14 167.74 2.2837 1
434.71 445 339.93 353.46 8.2397 1
368.52 363.53 1.4042 15.161 4.3772 1
87.862 107.84 27.7 26.179 1.3376 1
481.35 478.35 1.3851 20.45 10.851 1
466.61 481.64 29.932 29.418 2.5841 1
305.27 305.81 180.37 154.11 3.0109 1
597.42 636.68 75.796 86.429 3.2167 1
421.67 406.7 169.54 171.12 2.2249 1
587.05 576.54 30.345 26.872 5.9439 1
51.628 22.87 35.008 34.779 3.8891 1
293.9 296.66 246.61 210.38 2.5771 1
312.77 401.63 182.62 176.64 2.8888 1
89.122 59.036 30.345 33.183 2.8878 1
289.06 274.03 32.748 33.507 4.6783 1
292.87 344.14 23.125 25.052 2.2817 1
274.23 247.82 33.262 40.155 4.6818 1
487.89 387.9 151.85 157.1 2.8269 1
298.05 299.53 196.64 180.41 3.9615 1
242.93 212.77 41.696 42.998 5.2734 1
293.09 294.06 259.14 247.87 1.8868 1
61.641 79.119 29.575 28.961 2.4107 1
406.63 426.63 174.51 174.55 2.5348 1
442.86 424.12 165.99 166.3 2.5411 1
590.38 551.62 48.732 48.636 2.5649 1
289.36 287.91 337.89 357.88 1.881 1
595.45 587.6 31.053 30.05 4.643 1
397.88 374.13 27.875 27.875 1.25 1
483.56 483.37 29.134 17.846 3.8719 1
346.61 290.37 28.243 25.557 1.9046 1
384.13 350.38 157.88 157.92 1.2658 1
290.38 290.38 316.63 332.88 1.25 1
372.87 392.82 204.18 207.03 2.8266 1
411.56 434.1 191.11 193.12 3.1576 1
391.64 369.06 204.02 200.83 2.4754 1
567.86 535.41 26.031 26.783 4.0386 1
563.53 568.09 10.8 0.60429 6.6064 1
404.33 437.92 157.73 162.57 3.7013 1
291.71 290.07 6.517 24.213 5.2101 1
613.78 598.51 0.60992 43.459 7.7414 1
340.37 327.86 159.06 160.17 1.7978 1
410.34 401.58 202.64 203.74 2.7938 1
392.89 419.12 248.91 250.52 2.8013 1
382.82 366.55 174.48 172.15 1.5919 1
481.61 457.86 173.79 175.05 1.25 1
384.16 404.18 160.66 158.33 1.4687 1
21.748 7.8781 33.757 29.116 2.3798 1
392.9 412.87 154.42 152.82 1.5454 1
