537.16 497.98 145.19 292.9 4.6425 1
544.38 537.4 118.53 144.92 5.0465 1
136.62 574.12 479 478.97 1.2693 1
638.98 638.98 412.88 147.88 1.2526 1
169.34 450.64 90.742 53.667 5.1021 1
451.34 545.56 53.286 119.39 4.3985 1
535.9 584.64 44.235 66.756 4.8833 1
229.31 170.67 362.57 91.021 8.1786 1
491.88 524.1 22.25 35.436 3.5735 1
576.71 531.63 66.428 46.608 4.1629 1
516.98 496.26 35.73 27.535 3.4615 1
610.21 639.22 81.436 86.013 4.4172 1
194 541.81 179.63 118.93 4.5944 1
589.17 576.75 77.823 67.475 4.9614 1
639.17 615.36 88.923 88.214 4.7744 1
505.89 231.02 294.84 366.58 9.7915 1
495.98 479.3 28.021 18.81 3.6593 1
524.17 535.37 36.562 44.13 3.1076 1
583.36 602.16 68.087 77.976 3.3191 1
635.38 622.88 74.419 74.484 1.3025 1
614.28 639.49 90.057 102.12 3.1335 1
610.34 639.2 73.649 71.331 3.883 1
639.08 588.25 106.7 78.19 4.5975 1
531.48 514.85 46.142 35.49 4.9677 1
623.95 610.35 74.62 77.744 2.8155 1
480.28 478.45 18.088 6.534 3.6416 1
480.04 483.18 1.0611 13.121 4.2072 1
115.37 1.5983 1.5621 4.2438 3.6606 1
518.94 532.68 201.57 150.32 1.8547 1
