135.37 575.37 479 478.97 1.2721 1
638.98 638.98 412.88 147.88 1.252 1
209.02 173.11 291.4 105.09 5.664 1
579.71 501.07 232.42 414.59 6.2017 1
283.8 611.13 33.15 103.92 4.8207 1
498.71 204.07 416.36 291.74 9.5775 1
611.23 582.17 104.99 230.5 6.7426 1
173.01 283.49 104.98 32.557 5.2269 1
36.68 26.643 11.104 11.863 5.08 1
176.42 580.55 106.09 223.52 4.0275 1
75.29 1.2447 105.69 85.521 3.7364 1
1.3032 81.231 81.57 103.09 4.1783 1
82.061 1.6772 104 151.71 3.2248 1
26.655 71.282 131.68 106.03 3.14 1
19.094 40.591 61.554 52.118 2.3721 1
41.628 109.04 51.634 30.106 2.3316 1
148.18 126.39 10.846 25.012 2.5673 1
188.88 194.19 170.42 199.11 1.7285 1
126.64 148.65 21.647 6.5042 2.5712 1
125.69 111.7 24.753 31.777 1.6875 1
1.5305 25.962 146.46 132.66 3.6871 1
109.11 83.801 32.832 41.978 2.5783 1
