638.98 638.98 412.87 146.62 1.2508 1
135.37 574.12 479 478.97 1.2744 1
577.74 509.43 166.11 350.03 4.3859 1
221.76 197.35 243.03 72.591 4.6401 1
509.67 375.16 349.98 436.29 7.6623 1
341 577.35 39.052 165.11 4.706 1
132.3 103.86 32.43 42.096 9.0658 1
198.15 245.95 72.732 114.72 4.0104 1
161.66 151.64 25.054 24.813 3.8992 1
146.73 130.34 22.324 19.29 5.6904 1
373.98 221.16 436.74 243.5 7.9495 1
17.779 33.009 47.052 45.272 3.3539 1
224.03 341.69 66.194 39.428 4.3422 1
77.722 90.497 36.431 38.285 5.4867 1
38.008 15.512 47.797 50.34 3.305 1
91.722 61.608 41.073 39.446 3.5082 1
102.89 91.502 42.751 41.672 3.2617 1
32.361 80.692 42.827 33.218 8.2879 1
91.878 109.23 39.761 37.435 4.1255 1
127.1 125.87 16.721 6.7186 3.8748 1
60.385 120.39 26.16 25.391 3.942 1
66.647 38.863 39.205 46.932 3.2854 1
197.94 223.55 47.775 65.657 3.9044 1
66.286 48.636 29.834 21.399 4.022 1
204.08 217.87 70.12 67.817 3.4927 1
111.64 99.107 28.053 28.828 1.7882 1
218.48 193.6 66.317 49.318 3.4235 1
39.034 1.4825 105.03 114.83 3.0991 1
1.5843 36.527 111.47 102.49 3.1095 1
81.538 51.466 1.0454 5.572 3.4558 1
149.99 152.02 1.4268 10.285 3.6555 1
192.67 184.72 48.195 43.182 3.1726 1
23.306 30.377 51.17 57.873 2.2377 1
225.21 257.86 38.112 32.764 2.2439 1
60.392 48.015 91.554 88.548 3.3491 1
204.12 224.09 44.105 38.971 2.1791 1
506.93 571.36 347.99 174.03 2.4746 1
150.38 146.21 16.625 1.3966 1.8654 1
257.76 294.09 33.117 28.808 2.4625 1
245.9 401.18 114.97 248.4 3.1179 1
36.918 60.38 102.35 92.886 2.114 1
337.81 326.41 21.392 24.615 2.2232 1
196.78 147.82 92.229 105.17 2.8052 1
225.43 201.57 41.852 47.636 2.6871 1
470.04 401.81 213.4 244.53 2.4951 1
296.85 330.56 28.873 21.189 2.3116 1
295.33 236.65 31.202 38.122 2.4127 1
325.37 298 25.332 30.981 2.7404 1
1.8867 4.0045 19.071 29.406 4.4265 1
59.163 39.392 96.717 104.78 3.304 1
404.13 431.57 246.64 234.02 2.0211 1
15.428 1.4601 74.255 79.972 1.9523 1
204.91 219.78 100.44 205.28 2.2742 1
228.04 223.51 271.84 249.25 4.4097 1
159.65 157.5 9.3227 1.3891 3.0669 1
146.74 196.57 102.05 88.932 2.9902 1
372.82 338.99 5.2639 21.337 2.6257 1
370.37 341.38 217.89 193.16 2.1271 1
348.08 374.05 14.527 1.4845 1.701 1
1.5584 19.012 76.472 68.866 2.1447 1
80.465 62.835 14.659 17.635 2.4651 1
222.58 224.2 224.16 237.87 1.5352 1
546.86 571.93 179.65 168.56 2.5492 1
91.597 89.93 11.63 1.9159 3.2464 1
400.55 385.05 243.92 230.76 1.6181 1
379.33 377.1 404.15 422.93 1.25 1
46.626 32.882 21.674 21.966 3.8022 1
