638.98 638.99 412.87 147.87 1.263 1
139.12 574.12 479.01 478.97 1.284 1
270.2 281.67 335.51 138.1 8.2967 1
486.95 493.83 1.2114 6.6802 4.491 1
506.26 439.47 178.98 375.47 10.577 1
280.54 351.25 139.94 42.261 8.87 1
440.59 273.63 375.61 340.2 8.2249 1
491.92 507.14 65.006 180.31 7.7386 1
531.97 543.09 4.7982 2.8024 4.7004 1
284.5 502.74 140.73 178.64 7.0469 1
548.25 554.34 4.1492 2.3432 3.9507 1
564.17 574.16 2.8086 3.1828 2.7791 1
387.81 351.69 183.08 171.42 3.2597 1
382.82 366.55 215.55 210.63 3.006 1
366.26 383.99 180.06 186.96 3.2369 1
271.66 271.03 365.34 339.08 7.829 1
351.28 488.19 41.407 62.057 5.3505 1
464.01 410.51 30.667 8.7909 2.7906 1
435.99 433.6 376.55 395.62 8.0644 1
417.95 405.44 217.05 215.9 2.8337 1
405.38 392.86 274.37 274.82 2.6749 1
424.13 410.37 185.37 184.14 2.8254 1
313.34 300.47 9.255 3.9009 4.2285 1
483.97 463.7 35.983 30.772 4.4966 1
340.34 312.78 10.113 9.0568 3.7951 1
282.88 282.88 184.13 206.63 1.25 1
562.87 514.12 31.156 31.36 5.0156 1
