638.99 638.98 411.63 149.13 1.2512 1
136.62 574.12 479.01 478.98 1.276 1
462.45 429.31 167.49 312.92 4.7921 1
174.07 182.86 9.2336 8.7933 3.9329 1
430.14 297.92 313.51 363.43 7.4338 1
266.69 256.12 13.123 16.028 7.02 1
327.86 462.98 44.146 167.88 5.4328 1
269.46 267.46 1.1361 9.9982 3.8598 1
255.68 231.83 18.237 22.699 3.9952 1
188.66 173.22 11.501 18.33 7.7383 1
2.4688 21.525 85.627 74.922 4.0902 1
235.45 326.84 60.761 44.042 4.2132 1
202.38 236.86 67.406 122.73 4.5329 1
45.428 51.717 7.4377 26.174 8.3117 1
222.67 203.63 204.16 79.201 4.8368 1
11.143 9.3923 37.92 18.985 3.8491 1
234.23 270.59 25.839 17.553 3.8092 1
28.651 23.025 37.682 15.027 4.5671 1
104.18 94.148 23.42 24.368 2.2166 1
91.598 107.93 21.374 19.59 3.4356 1
83.101 70.124 18.066 15.301 2.9388 1
136.46 151.84 11.166 14.345 7.4269 1
108.3 137.05 17.339 11.086 6.6907 1
163.1 135.35 20.335 15.498 3.2083 1
134.12 180.34 3.0906 4.3246 3.5818 1
22.026 14.129 13.881 0.86442 3.8544 1
39.101 55.261 49.051 43.775 2.4257 1
18.875 1.7296 82.161 88.173 3.9524 1
134.17 104.51 15.531 23.142 3.3861 1
25.93 7.1658 36.327 1.335 3.1451 1
10.732 14.684 50.517 40.598 3.9463 1
146.61 131.51 6.7966 5.509 2.491 1
279.67 221.18 320.74 202.48 6.1322 1
299.18 279.81 359.73 321.28 6.7152 1
235.37 222.87 10.958 10.905 2.5419 1
295.65 354.26 215.18 199.62 3.3783 1
25.867 18.691 73.313 81.376 3.9499 1
103.14 59.284 74.109 83.611 3.0952 1
22.671 14.952 41.141 47.611 4.6348 1
60.76 59.808 40.248 46.725 3.0053 1
65.414 82.649 79.303 75.578 2.5423 1
238.58 264.85 24.668 50.898 2.6773 1
225.23 204.23 63.082 66.077 3.3596 1
81.725 110.59 75.785 68.743 2.6957 1
83.127 84.511 1.5851 10.314 5.5856 1
26.383 25.899 66.607 73.009 3.6451 1
69.608 56.596 14.58 6.6722 3.0157 1
27.877 1.5696 90.426 91.444 2.4981 1
78.646 74.329 10.603 1.5277 3.3315 1
299.87 295.9 351.6 216.57 4.1162 1
41.532 30.377 38.58 39.156 7.2965 1
22.507 12.472 66.954 55.736 3.4318 1
94.565 69.344 41.409 52.14 2.765 1
40.417 29.135 52.286 51.479 2.4936 1
62.93 87.947 50.534 41.832 2.2584 1
4.8001 11.203 3.1441 16.823 2.7942 1
262.13 238.92 53.626 30.584 2.7579 1
59.028 74.341 4.281 13.777 2.0176 1
410.25 444.05 183.71 173.88 2.0096 1
370.53 396.56 194.68 187.63 2.212 1
452.51 455.75 196.54 181.71 1.3762 1
299.13 316.63 15.375 15.375 1.25 1
316.63 300.38 17.875 17.875 1.25 1
