638.98 638.98 412.87 146.62 1.2528 1
136.63 575.38 478.98 478.98 1.2531 1
59.172 72.86 33.246 31.507 4.9601 1
220.95 196.73 251.37 76.611 4.77 1
599 525.29 152.31 332.33 4.2984 1
333.49 597.45 36.838 151.35 5.4723 1
413.1 220.35 430.23 251.66 10.059 1
198.03 219.13 76.729 70.405 5.7528 1
219.48 333.54 70.336 37.128 4.4968 1
525.58 411.42 331.85 435.01 6.436 1
70.373 55.378 41.517 41.806 8.7725 1
107.87 96.623 26.1 26.153 3.7793 1
80.38 67.214 33.687 39.266 9.8708 1
90.482 71.707 23.243 20.954 5.7503 1
1.5392 21.656 39.926 40.449 6.6702 1
54.184 1.6177 46.361 44.312 4.4941 1
195.34 137.89 76.678 44.101 3.7436 1
22.811 52.806 41.781 43.144 4.3705 1
139.97 198.9 41.086 74.526 3.5279 1
1.6474 64.155 29.733 27.43 3.1825 1
200.01 458.45 79.704 243.94 3.764 1
56.632 1.5712 30.557 32.812 3.6446 1
461.07 417.25 245.24 425.22 4.8845 1
197.84 265.43 33.92 23.194 2.391 1
110.57 194.36 108.46 81.098 2.8085 1
195.41 111.64 84.219 111.66 2.8902 1
95.834 98.852 1.0755 10.463 4.3352 1
17.888 1.4278 1.755 3.3933 3.8554 1
175.49 196.67 39.586 34.313 1.504 1
156.73 174.1 45.721 40.306 2.1696 1
187.84 158.05 39.012 48.417 2.571 1
202.49 224.55 89.006 250.49 3.1537 1
276.89 229.24 23.014 32.225 2.815 1
537.04 586.61 295.55 174.12 1.9593 1
292.54 279.15 16.928 21.707 2.4382 1
56.806 85.488 90.884 80.692 1.9372 1
276.81 295.28 19.608 12.623 2.0238 1
522.82 536.53 330.35 296.59 1.914 1
227.9 209.02 31.806 34.643 2.3504 1
252.88 203.75 117.86 85.953 2.0966 1
477.82 461.78 231.54 241.87 2.174 1
230.19 223.41 274.22 260.12 3.422 1
76.615 57.967 86.596 93.137 2.007 1
319.2 296.8 2.9992 15.685 2.3576 1
286.8 268.92 140.11 128.18 2.0802 1
18.073 1.5047 103.28 111.38 1.6971 1
