638.98 638.99 411.62 149.12 1.2599 1
139.12 574.12 479.02 478.97 1.2913 1
214.53 180.7 316.81 162.53 4.6589 1
397.65 367.23 66.599 336.55 4.6187 1
116.57 176.66 2.4978 6.0612 4.2717 1
174.18 116.61 9.5432 5.6203 5.4433 1
179.92 233.82 162.08 66.451 4.4158 1
364.11 214.18 337.98 318.73 8.3491 1
84.139 115.42 1.4082 3.415 3.3751 1
115.41 92.866 6.2746 5.7835 2.9349 1
195.22 221.67 8.3186 3.1263 4.6887 1
263.18 239.84 15.546 57.577 4.0087 1
227.9 204.74 2.947 11.954 4.2721 1
400.29 264.04 25.306 15.341 5.9896 1
71.631 27.873 2.3361 1.839 1.7469 1
170.38 189.15 7.2156 7.4908 3.6946 1
182.73 382.82 161.81 182.18 4.7407 1
470.38 427.89 1.97 2.5612 2.778 1
225.37 190.47 17.933 12.311 4.5388 1
96.504 70.461 5.4791 3.1609 5.2279 1
388.9 400.9 120.35 26.532 3.5903 1
206.64 250.35 12.655 15.764 3.2084 1
191.56 174.15 12.527 11.278 4.8977 1
425.09 441.8 2.6782 7.2534 3.5165 1
441.67 471.63 6.5695 5.554 4.1289 1
255.37 226.61 17.943 17.224 1.6558 1
433.04 429.21 46.739 10.366 3.2721 1
433.56 438.19 10.445 47.99 3.5686 1
366.5 363.89 340.35 354.32 2.3768 1
191.07 204.15 194.25 254.12 1.9199 1
187.51 190.15 176.69 191.66 1.25 1
420.39 400.37 48.724 47.977 1.7619 1
366.55 376 314.12 227.94 1.9716 1
376.69 379.61 225.38 194.17 1.4774 1
