638.99 638.98 411.63 147.88 1.2602 1
137.87 572.87 479 478.98 1.2655 1
470.91 444.98 164 312.81 4.3938 1
279.02 265.48 11.799 3.936 4.4983 1
445.4 311.61 314.2 362.83 7.6881 1
199.09 207.88 9.9312 9.241 4.0319 1
339.57 470.57 39.974 163.99 4.7957 1
283.94 276.6 13.652 16.552 3.6446 1
22.841 46.63 91.532 82.89 4.1625 1
265.97 259.71 5.8054 10.795 4.2925 1
32.011 47.176 1.4166 29.502 3.2782 1
1.4654 19.071 95.737 92.573 3.2486 1
139.33 119.33 23.931 27.723 3.2821 1
120.44 135.43 24.505 21.964 3.0706 1
213.16 195.31 12.416 18.951 7.7871 1
20.242 1.2725 0.98705 4.9286 4.8954 1
44.269 40.471 42.848 22.622 4.8391 1
50.711 35.583 30.198 1.5155 2.7944 1
76.042 80.871 15.562 30.617 7.0516 1
271.63 255.36 19.189 21.548 3.371 1
58.433 54.296 36.849 24.07 4.7225 1
32.908 27.383 12.859 1.2637 2.7073 1
212.56 256.18 67.356 146.18 4.4916 1
293.11 284.44 11.121 13.872 3.1964 1
46.69 52.591 81.682 74.975 3.1543 1
310 305.02 360.49 344.7 8.3456 1
238.89 212.45 203.92 70.211 3.8378 1
54.483 40.505 23.12 0.76208 3.9757 1
55.395 40.865 77.897 90.922 4.1719 1
265.26 294.36 23.752 14.89 3.6905 1
136.09 172.78 19.695 11.206 6.2896 1
252.79 264.15 23.057 23.695 2.4259 1
259.13 339.34 56.631 40.185 3.9554 1
36.634 20.552 94.214 95.857 7.0798 1
242.99 239.39 217.23 203.13 6.6742 1
294.63 360.42 214.72 196.78 3.9467 1
15.4 30.022 79.16 68.635 3.612 1
65.067 75.335 0.14915 15.402 5.6043 1
161.77 140.13 17.145 23.248 3.2385 1
308.7 295.22 342.92 215.26 3.6601 1
169.22 187.96 14.896 18.702 2.9286 1
259.14 246.64 9.8061 10.018 2.6058 1
135.54 90.331 73.499 85.207 2.9074 1
250.33 214.17 58.902 65.607 4.0049 1
51.419 42.083 69.644 56.305 3.6868 1
187.92 162.75 21.367 17.384 3.0556 1
103.39 85.474 20.565 11.431 3.4061 1
30.19 20.705 72.601 79.014 2.7712 1
302.59 244.39 344.94 217.18 4.2099 1
107.34 101.12 13.772 1.2565 2.8222 1
20.332 1.4148 97.548 100.01 5.7646 1
161.62 206.63 4.8435 4.7598 2.5535 1
65.506 36.622 91.308 95.354 3.0444 1
94.046 133.03 81.328 70.955 2.8151 1
181.65 157.84 6.9484 8.5221 3.3189 1
261.58 250.3 26.009 25.169 2.4004 1
111.45 112.97 1.4838 13.027 5.2831 1
72.008 60.161 38.547 45.309 6.6459 1
264.2 286.87 25.305 48.891 2.7036 1
42.859 56.592 91.471 90.053 1.3718 1
87.926 103.04 9.0339 17.575 1.986 1
120.55 94.353 44.535 55.902 2.9004 1
92.945 113.86 53.05 44.718 2.3418 1
282.27 261.93 49.711 28.83 3.6041 1
360.63 371.86 196.47 193.89 2.3388 1
46.338 28.615 67.14 74.07 3.2388 1
20.81 1.3417 26.233 30.253 6.6264 1
35.5 20.476 20.801 25.205 6.9903 1
372.69 467.78 193.46 166.28 2.7549 1
450.14 463.5 265.33 187.98 1.8256 1
442.48 449.61 309.06 267.96 1.8224 1
1.634 27.909 9.0169 11.212 3.2199 1
14.163 1.5709 15.845 15.228 2.8643 1
