638.98 638.98 412.87 149.12 1.2534 1
137.87 574.12 478.99 478.98 1.264 1
246.57 248.68 286.64 126.64 5.7366 1
248.66 248.8 124.13 92.885 3.8754 1
382.58 245.95 368.37 286.91 5.0184 1
250.26 439.83 94.396 174.18 4.8415 1
556.23 496.21 64.749 222.72 4.23 1
250.51 418.32 93.193 20.145 4.9892 1
323.94 355.51 157.28 166.16 4.0994 1
348.1 321.29 194.64 186.49 2.9676 1
393.38 385.82 351.65 369.51 11.645 1
324.11 349.08 190.43 198.03 2.2878 1
341.39 313.98 253.59 244.55 2.7533 1
359.16 323.78 162.73 154.32 3.5355 1
418.64 556.31 20.733 62.659 4.2024 1
493.87 475.61 227.68 251.81 7.8098 1
242.28 249.61 311.85 290.98 11.155 1
321.71 339.08 250.09 255.53 2.1706 1
434.5 429.55 183.87 200.5 3.5941 1
336.49 307.76 303.27 293.21 2.6537 1
433.03 344.28 181.25 143.76 2.3116 1
428.44 416.74 206.78 250.41 4.2942 1
307.71 330.23 295.8 304.5 2.5169 1
317.31 299.01 151.04 135.51 3.8121 1
475.37 397.44 251.91 354.09 6.6714 1
310.89 295.29 181.11 165.46 1.8018 1
415.33 413.3 253.88 264.45 5.3344 1
412.02 398.67 267.64 316.16 4.4686 1
398.37 389.57 315.83 349.24 4.0103 1
268.27 254.54 134.5 128.23 2.1761 1
421.74 306.51 202.62 151.89 2.5098 1
297.68 286.37 285.52 270.57 2.2895 1
305.51 269.28 151.32 135.03 2.5098 1
307.8 289.99 241.7 221.97 3.3257 1
251.69 250.65 129.13 234.12 1.9569 1
267.7 298.19 130.77 144.69 2.2999 1
362.99 347.59 197.27 194.36 2.7571 1
300.67 310.94 144.44 150.69 3.2531 1
250.56 250.01 240.38 285.37 2.059 1
255.44 267.12 125.23 130.53 2.4867 1
306.65 274.13 121.57 107.87 1.4556 1
397.7 432.78 163.29 178.11 2.0273 1
355.33 395.5 145.49 162.58 2.0763 1
252.39 251.98 105.36 121.6 1.6337 1
406.58 423 192.97 200.09 1.9884 1
292.86 310.23 221.71 224.92 2.6854 1
439.1 457.75 171.6 153.99 1.9722 1
639.62 593.32 30.752 4.5872 3.0271 1
266.59 252.72 246.68 239.42 1.687 1
299 310.39 165.11 166.54 2.7914 1
531.58 553.42 86.582 65.954 2.4746 1
348.02 364.44 147.59 156 2.225 1
302.83 321.72 133.19 135.94 3.891 1
355.38 365.11 186.61 195.66 2.0194 1
