326.42 374.38 30.049 40.442 4.1526 1
638.99 638.99 411.62 150.37 1.2544 1
370.59 327.63 43.11 34.01 4.2172 1
139.12 572.87 479.02 478.97 1.2893 1
326.83 284.33 34.664 22.178 4.0926 1
100.56 340.31 154.55 48.986 5.8793 1
381.43 422.8 45.124 48.751 4.6976 1
270.1 323.38 15.247 28.337 5.2371 1
158.88 114.96 321.71 193.84 6.8667 1
299.12 286.62 23.934 23.961 2.4973 1
285.57 257.91 23.121 17.678 3.7383 1
457.83 409.03 69.306 58.296 3.2269 1
458.37 439.39 110.44 248.82 9.081 1
405.35 465.34 54.254 68.042 3.1781 1
601.38 639.61 39.847 52.679 5.188 1
386.76 364.5 49.948 42.933 4.5882 1
436.71 409.13 48.417 52.935 3.9238 1
281.77 459.51 199.35 89.273 7.0344 1
176.39 105.24 0.68618 18.572 3.3588 1
462.89 458.65 89.538 108.46 9.2332 1
237.88 158.46 387.6 322.16 6.0737 1
405.24 395.09 52.801 51.677 5.7246 1
488.12 475.14 31.687 29.041 8.5971 1
460.33 437.81 43.143 39.516 3.106 1
441.21 270.75 248.97 406.93 8.6553 1
98.999 161.58 16.086 1.4429 3.7801 1
227.86 282.09 232.85 199.11 4.0563 1
421.17 438.74 47.707 41.738 4.4225 1
399.1 446.62 36.954 36.414 3.7214 1
408.23 400.63 57.868 55.73 3.2716 1
450.45 462.98 38.729 41.039 2.4586 1
474.29 455.66 28.591 32.857 4.7711 1
271.33 262.95 406.21 410.65 6.7591 1
462.77 469.94 26.438 1.8628 15.502 1
340.27 451.51 50.735 83.27 4.154 1
432.91 409.1 38.612 39.87 3.1557 1
566.61 541.31 41.7 37.121 3.7019 1
606.59 639.39 32.963 45.968 3.4659 1
462.81 486.58 36.084 38.388 2.4504 1
551.57 600.46 35.895 40.794 5.7203 1
441.62 462.64 31.585 26.846 4.7227 1
639.15 605.36 58 57.652 6.3529 1
115.17 102.59 193.36 155.47 8.3039 1
591.53 605.15 41.736 53.144 2.8486 1
410.95 400.31 40.202 45.239 3.4495 1
595.47 582.46 47.654 42.146 3.5887 1
264.43 238.05 408.4 387.65 7.5958 1
538.74 553.48 31.629 36.194 3.7817 1
260.37 270.7 14.135 16.343 4.6283 1
492.36 488.67 4.258 24.719 10.832 1
446.28 434.84 42.196 48.025 3.8878 1
581.57 567.74 43.246 41.378 2.812 1
479.25 456.8 73.428 69.382 3.1468 1
104.24 1.4852 18.688 33.131 3.7481 1
613.37 599.58 40.321 31.647 3.0227 1
606.19 594.79 58.457 49.906 3.4994 1
11.519 98.05 25.715 15.623 3.4751 1
560.44 516.51 122.62 110.81 2.7388 1
518.01 559.26 107.39 118.62 2.8543 1
536.57 562.92 80.711 85.082 2.6769 1
257.61 242.07 16.887 1.1849 2.7561 1
262.06 228.13 401.79 234.33 4.0976 1
561.48 525.31 88.669 81.96 2.5969 1
458.63 459.24 64.15 45.297 7.701 1
536.7 527.91 10.915 10.016 3.2263 1
496.65 470.34 39.536 41.093 1.757 1
214.29 225.49 225.08 231.42 2.1759 1
557.7 553.53 10.326 25.426 6.5174 1
610.23 592.91 135.94 131.47 1.8356 1
626.73 601.59 26.268 24.692 4.1338 1
