638.98 638.99 411.62 147.87 1.2572 1
137.87 574.12 479.02 478.97 1.2879 1
100.39 184.25 2.6597 10.197 4.714 1
191.26 155.42 322.68 163.83 4.7212 1
170.68 117.83 12.409 7.0238 5.0534 1
193.03 214.27 11.259 7.4481 4.3854 1
155.02 221.72 163.89 62.937 4.3787 1
361.85 354.53 174.15 239.17 4.3192 1
351.03 344.51 285.31 344.31 7.6078 1
469.17 425.38 10.991 11.935 3.6683 1
221.5 200.56 7.5088 14.679 4.3252 1
354.74 350.24 239.31 284.24 4.1046 1
341.56 191.65 347.02 323.97 7.9889 1
79.153 99.198 1.3523 3.4158 3.1269 1
204.46 171.62 18.306 12.924 6.3282 1
116.71 71.603 8.0798 4.3906 4.5758 1
386.63 251.47 32.84 19.404 5.4701 1
424.07 465.36 14.195 15.825 3.6819 1
250.56 228.7 20.054 53.851 4.1358 1
432.67 441.31 5.9969 3.1599 3.3454 1
245.39 205.34 22.704 19.588 2.8803 1
365.53 387.92 146.66 33.885 4.1928 1
157.72 357.8 164.09 189.71 4.3767 1
465.42 451.43 4.39 6.7377 5.9568 1
201.65 244.07 16.348 19.844 3.0185 1
75.371 30.387 2.99 1.2941 2.8279 1
372.62 362.87 122.83 174.12 3.034 1
361.3 357.1 244.27 271.7 2.9486 1
425.83 423.7 55.422 19.077 3.3014 1
356.87 355 272.73 285.5 2.8676 1
385.27 380.23 61.61 96.783 3.1839 1
380.28 370.75 100.36 180.57 3.429 1
371.15 361.61 181.55 244.12 3.7892 1
594.13 574.13 36.625 36.625 1.25 1
427.98 430.67 19.117 56.693 3.0261 1
161.17 176.54 174.23 242.89 1.7839 1
430.41 387.86 58.591 55.537 3.1201 1
389.16 422.88 52.484 55.374 2.0995 1
572.88 529.11 36.585 31.782 2.6059 1
559.13 597.86 32.858 34.558 1.25 1
319.13 355.37 22.784 24.26 1.8593 1
514.08 500.42 28.401 27.316 2.0961 1
632.88 614.13 35.375 35.375 1.25 1
