638.98 638.98 412.87 147.87 1.254 1
207.8 206.3 114.26 86.507 4.8573 1
136.62 574.12 479.01 478.97 1.292 1
338.75 563.09 179.4 93.445 5.2008 1
318.02 337.32 165.17 179.43 4.2391 1
213.42 207.83 270.36 116.54 4.8384 1
313.8 318.29 161.91 166.19 3.6652 1
565.75 498.64 92.002 255.18 4.5869 1
211.91 313.18 88.735 161.68 4.9994 1
207.1 438.17 85.091 35.511 4.7297 1
308.37 213.71 371.16 270.77 4.2879 1
318.24 304.53 368.4 377.79 8.7984 1
494.3 359.11 259.41 343.6 8.4886 1
246.1 237.77 144.89 125.42 3.455 1
291.31 255.41 166.21 152.79 2.6696 1
242.51 239.28 169.23 157.83 3.087 1
262.69 289.4 158.36 168.38 2.6343 1
288.96 254.46 197.08 184.45 2.7774 1
438.79 566.02 36.14 91.764 3.953 1
285.01 253.72 253.79 241.39 2.8715 1
244.37 238.99 231.54 215.42 3.5577 1
245.58 237.28 283.24 259.33 3.2793 1
280.97 249.64 301.75 286.93 3.1017 1
267.68 287.84 192.2 199.23 2.4151 1
328.33 318.45 362.34 368.56 7.7969 1
358.88 328.51 343.73 362.32 8.1156 1
212.74 240.59 115.54 137.61 3.3448 1
255.32 280.28 292.99 304.33 2.4851 1
345.32 318.09 185.37 362.91 2.8345 1
241.04 257.8 156.97 163.07 3.5237 1
240.22 251.86 259.59 263.42 3.1848 1
254.24 242.84 184.03 170.41 3.3431 1
210.53 213.45 120.37 174.16 2.0619 1
238.37 212.7 139.75 119.35 2.6106 1
253.38 244.88 241.22 230.78 3.4469 1
239.93 255.67 211.67 217.02 3.5956 1
424.21 338 150.59 183.2 2.5921 1
212.84 214.18 176.63 210.37 1.9433 1
256.53 244.15 223.09 217.81 2.6389 1
203.28 215.89 288.29 275.86 9.7923 1
240.32 254.31 125.51 131.18 4.4143 1
215.24 215.64 227.88 262.89 1.2932 1
329.75 338.52 269.22 211.53 2.5511 1
248.51 258.76 231.02 240.76 2.5824 1
609.54 593.01 22.274 18.538 3.4997 1
334.05 288.76 187.97 154.62 2.5341 1
336.72 302.77 182.74 158.02 1.8355 1
339.31 342.19 205.4 187.76 2.49 1
280.64 268.2 172.55 162.47 1.7582 1
248.27 264.56 174 186.44 2.6426 1
331.39 282.78 211.93 174.25 2.2974 1
214.87 252.73 220.89 258.03 2.3187 1
286.76 270.3 152.69 140.47 1.3529 1
257.84 334.45 127.92 184.93 2.2644 1
261.85 245.34 169.83 162.97 3.0737 1
278.31 330.63 167.3 207.55 2.286 1
323.04 329.42 312.9 271.48 2.4681 1
639.29 610.35 25.258 21.811 2.926 1
255.09 246.88 151.96 145.07 2.247 1
529.31 536.84 172.95 154.21 1.3875 1
261.66 246.74 139.05 132.62 2.8099 1
316.05 322.32 360.47 315.47 1.9036 1
251.62 216.5 260.38 226.75 2.1111 1
251.46 230.72 209.31 191.23 1.7637 1
232.82 246.74 189.19 201.49 1.8061 1
