638.98 638.98 412.87 149.12 1.2523 1
500.48 469.64 188.96 402.77 4.9396 1
280.57 279.91 261.69 251.49 6.5628 1
468.35 465.18 1.5002 52.863 4.0039 1
280.11 279.46 250.61 246.38 4.2736 1
277.31 276.01 213.17 205.27 3.9027 1
136.62 575.37 478.99 478.98 1.2612 1
279.63 277.44 245.51 213.98 4.6793 1
281.12 280.49 269.29 262.74 3.972 1
285.2 281.82 341.72 291.61 9.6404 1
194.24 191.86 22.886 47.897 3.6147 1
333.43 335.42 49.169 24.03 2.5907 1
282.42 281.29 290.47 270.25 4.0097 1
291.01 285.24 426.58 342.54 8.044 1
328.09 328.55 44.102 22.863 2.7729 1
331.84 331.51 22.878 44.143 2.7127 1
292.56 291.25 22.858 46.673 3.4595 1
366.52 369.14 41.608 25.378 2.468 1
324.54 322.89 26.64 71.626 3.5648 1
203.77 205.19 21.553 39.14 2.9954 1
287.72 290.03 46.605 29.079 2.5442 1
491.84 469.83 1.0429 40.065 3.491 1
337.46 336.49 30.35 46.617 1.8455 1
294.52 295 44.133 21.617 2.5803 1
168.6 170.34 32.792 47.879 2.9136 1
210.68 212.63 21.597 42.782 3.0634 1
383.92 385.01 35.362 19.101 1.7483 1
297.7 296.54 32.865 54.12 3.4723 1
334.12 304.12 4.28 4.1422 6.2901 1
469.38 472.29 40.394 1.5813 3.3339 1
471.15 495.87 44.39 1.1921 3.584 1
276.96 276.69 44.135 19.137 2.5922 1
166.57 165.59 45.468 31.7 2.9366 1
237.15 236.37 42.851 25.386 2.7766 1
243.04 243.86 34.137 22.856 5.4411 1
255.08 254.75 35.381 17.887 2.6652 1
209.03 207.45 44.132 21.655 3.4552 1
185.73 184.47 49.102 29.183 3.9802 1
239.65 240.04 24.112 40.383 2.6799 1
251.04 252.78 15.331 41.548 2.7438 1
181 182.73 34.052 48.997 2.6269 1
175.63 176.41 35.317 55.335 2.4981 1
230.78 230.5 41.618 26.623 2.5227 1
201.66 199.14 34.423 24.122 5.7473 1
137.83 140.61 36.421 52.835 3.9062 1
388.71 387.24 19.072 30.455 4.1992 1
264.9 264.43 25.355 36.638 1.6651 1
215.15 214.73 41.632 27.894 1.5517 1
274.37 274.05 192.86 185.38 2.7079 1
347.77 348.54 42.871 20.313 2.4562 1
455.43 456.57 45.522 35.369 3.3064 1
109.82 107.94 40.445 25.524 2.6453 1
609.23 603.61 1.4356 35.29 4.1174 1
391.29 395.16 34.032 20.315 5.4907 1
96.891 99.128 25.332 39.124 2.8681 1
120.96 117.72 46.726 25.399 4.2719 1
270.92 270.51 190.35 164.14 7.5186 1
154.44 153.81 52.918 39.139 3.0634 1
245.33 245.3 24.129 1.6233 5.0036 1
423.85 500.91 115.52 188.34 10.142 1
142.7 142.11 49.131 31.609 1.7067 1
269.45 261.78 165.05 99.107 6.7857 1
89.286 83.858 27.841 2.3986 6.2099 1
459.23 461.89 38.955 1.378 9.2584 1
195.56 196.94 40.398 29.012 2.0319 1
91.971 95.186 45.613 24.097 5.6841 1
183.2 169.44 29.691 32.13 5.5779 1
468.68 429.19 399.99 409.41 10.252 1
382.45 381.89 22.856 35.387 1.6378 1
327.4 346.53 15.367 3.4769 5.9973 1
602.97 593.33 27.839 1.0108 4.1351 1
278.2 496.58 205.8 188.58 9.7547 1
248.28 247.47 59.058 39.141 3.2052 1
297.78 292.23 438.6 426.35 9.9278 1
549.16 476.58 36.575 38.44 3.6845 1
286.79 305.64 2.6001 13.674 4.756 1
466.53 466.72 411.59 424.14 6.2687 1
274.09 268.96 261.72 191.55 3.8311 1
615.42 610.78 1.3923 25.453 3.3569 1
394.88 393.45 34.092 55.413 4.2441 1
282.2 285.65 236.66 295.36 1.6885 1
125.42 133.06 45.203 47.161 3.6325 1
280.11 281.46 210.39 232.88 1.77 1
306.55 320.38 13.402 13.961 3.3936 1
479.76 492.78 310.29 220.36 2.0367 1
120.12 133.32 1.7294 33.942 3.7919 1
586.32 597.71 0.81421 31.686 5.6136 1
1.4803 90.536 55.46 51.943 9.335 1
321.79 321.97 16.623 29.12 2.6088 1
286.22 287.49 297.89 327.89 1.25 1
350.88 293.82 417.68 423.74 10.604 1
467.88 540.38 47.929 45.698 3.1524 1
614.82 635.85 24.267 20.52 9.2722 1
398.01 422.92 91.54 115.39 7.2616 1
465.83 463.33 425.01 438.98 4.9223 1
129.34 124.9 12.791 1.3252 2.5931 1
472.19 475.59 203.96 215.31 3.9509 1
276.01 273.77 291.69 270.28 3.1379 1
282.79 396.74 98.743 92.51 8.3465 1
472.58 485.76 28.96 5.595 1.5632 1
476.27 479.33 335.33 312.9 1.5767 1
595.38 551.6 34.289 35.918 3.0095 1
471.76 474.64 367.89 342.93 1.25 1
411.75 351.27 410.15 417.39 9.6991 1
428.85 412.4 408.45 410.8 6.8952 1
289.13 289.13 334.13 351.63 1.25 1
374.67 359.84 61.297 67.94 6.2147 1
476.63 502.88 41.625 41.625 1.25 1
384.15 375.36 60.854 61.387 3.9701 1
