137.87 574.12 479 478.98 1.2664 1
638.98 638.98 412.87 147.87 1.2531 1
202.34 175.11 320.27 130.23 4.917 1
614.78 515.04 239.38 424.52 5.0768 1
606.42 615.63 117.98 240.17 5.3101 1
271.38 606.4 50.341 117.72 4.8739 1
174.54 271.42 129.63 50.407 4.4753 1
211.52 199.23 323.44 321.06 4.4336 1
513.95 210.62 427.16 325.89 11.615 1
177.95 612.62 130.06 238.9 3.7401 1
1.4681 32.702 116.15 122.48 4.1881 1
23.947 1.3563 125.01 120.46 3.9066 1
33.228 0.75754 123.92 143.97 3.8195 1
1.1954 22.419 138.4 125.85 3.4725 1
179.38 182.53 139.08 157.93 1.649 1
182.88 190.38 162.87 215.37 1.9449 1
30.407 65.59 51.711 38.445 2.5119 1
196.68 197.81 216.62 229.13 1.8069 1
55.392 40.4 45.415 51.686 1.7413 1
575.41 588.27 305.39 281.84 1.4949 1
589.35 599.52 279.25 260.59 1.5971 1
607.87 607.87 190.38 174.13 1.25 1
87.902 70.629 27.92 38.298 1.5084 1
