638.97 638.99 412.87 146.62 1.2613 1
136.62 575.37 479 478.98 1.2693 1
549.34 473.98 134.41 312.28 5.3066 1
155.21 150.16 75.893 86.525 2.8509 1
172.84 144.51 311.63 112.64 5.2733 1
148.7 160.23 77.48 66.42 4.5479 1
147.39 149.35 92.816 76.502 5.6078 1
474.13 164.12 315.2 315.41 11.261 1
175.28 484.25 25.543 47.285 4.9457 1
153.75 158.03 88.561 76.245 2.6072 1
160.62 174.53 66.708 25.51 4.0274 1
145.15 150.74 112.8 96.325 4.4189 1
484.34 549.85 46.155 132.97 4.5911 1
147.8 546.63 114.37 134.12 4.9322 1
487.78 538.67 271.58 151.43 1.7618 1
474.08 486.66 304.11 274.14 1.7499 1
467 458.51 324 336.2 5.1293 1
406.65 386.64 44.732 43.848 1.304 1
380.35 360.36 43.209 41.928 1.4072 1
