638.97 638.98 412.87 147.87 1.2589 1
137.87 575.37 479 478.97 1.2781 1
288.64 543.11 151.27 74.918 5.031 1
482.64 471.78 239.82 244.48 3.7758 1
178.82 176.44 88.114 60.178 5.485 1
544.73 481.67 74.65 239.14 5.5046 1
176.98 424.37 58.73 16.838 4.7606 1
191.3 178.81 247.8 90.202 4.8473 1
273.89 191.79 346.82 247.52 4.2374 1
265.64 287.52 132.55 150.54 3.8618 1
209.73 205.46 149.28 131.6 3.3102 1
424.88 546.06 17.507 74.075 4.5994 1
248.9 219.33 169.78 159.78 3.5524 1
208.83 208.46 195.39 186.6 2.7101 1
474.81 445.6 246.64 260.83 11.726 1
283.03 268.39 345.85 350.68 10.254 1
207.21 204.26 116.75 101.6 3.6474 1
249.15 229.1 227.81 220.46 2.0348 1
248.95 215.61 138.35 125.99 3.3839 1
294.71 282.77 338.97 345.35 7.946 1
213.87 210.19 255.43 237.91 3.3499 1
216.76 208.52 214.06 196.33 3.1602 1
445.68 293.36 261.05 340.26 8.6502 1
296.96 283.72 156.56 330.34 3.1093 1
247.48 223.59 276.23 265.31 2.5347 1
209.81 223.99 186.96 192.01 3.4512 1
211.5 218.31 195.43 210.17 2.7073 1
213.7 217.03 242.63 254.01 2.5456 1
207.32 222.7 130.8 135.91 4.738 1
212.48 223.2 235.04 239.63 3.9394 1
253.21 265.22 122.45 131.82 3.6272 1
206.15 219.37 98.947 104.81 3.4281 1
229.16 247.78 134.02 140.64 3.0338 1
292.22 294.55 179.05 157.92 2.2228 1
231.85 246.73 272.36 278.89 2.4288 1
215.83 207 125.94 113.5 3.2186 1
283.03 292.37 305.39 184.09 2.783 1
217.06 252.21 93.849 123.17 7.0468 1
221.16 237.69 212.44 221.95 3.0876 1
218.96 210.46 159.26 148.82 3.2697 1
228.28 211.57 144.49 136.75 3.2367 1
184.08 193.68 257.77 253.13 7.7663 1
228.13 214.09 199.86 192.94 3.348 1
639.19 610.37 12.46 7.9295 4.2163 1
213.55 228.5 148.56 161.12 2.2374 1
286.26 250.26 160.81 130.51 2.8607 1
389.09 375.62 125.27 129.84 3.3466 1
223.09 210.32 111.14 105.51 3.1746 1
285.31 245.57 185.44 150.15 2.3856 1
201.23 183.77 110.7 94.506 2.8671 1
227.51 216.91 220.86 212.9 3.7532 1
345.33 314.23 137.72 146.98 1.911 1
250.34 285.43 126.66 156.56 2.0107 1
238.28 283.42 139.91 179.75 2.5353 1
182.75 200.92 89.258 106.03 2.1895 1
179.18 186.25 267.91 257.97 6.6789 1
214.89 228.63 119.89 128.65 2.689 1
424.15 406.71 114.22 119.4 1.8169 1
245.26 225.65 125.51 108.81 2.4665 1
281.91 284.28 222.89 185.38 1.8784 1
281.68 282.62 327.88 307.86 1.835 1
218.75 192.78 233.21 204.21 2.0149 1
195.42 228.51 202.83 239.8 2.0131 1
199.13 217.22 77.863 92.436 2.5419 1
209.3 227.81 170.2 189.19 1.188 1
215.35 199.22 180.4 164.03 1.25 1
