458.03 445.12 104.31 201.42 4.2832 1
135.37 572.87 478.98 478.98 1.2517 1
460.44 458.39 85.219 100.77 4.9571 1
638.98 638.98 411.63 147.88 1.2557 1
184 149.01 218.87 63.869 4.7997 1
445.06 439.64 201.58 242.78 4.2075 1
151 368.32 64.795 135.25 5.7436 1
367.86 460.31 134.1 76.011 5.8288 1
438.91 364.25 241.41 314.26 5.265 1
149.36 254.6 63.581 28.029 4.0493 1
428.8 425.74 182.8 195.46 3.3112 1
437.58 432.12 106.5 119.33 2.326 1
639.3 538.24 15.522 -0.66647 4.5954 1
352.64 190.8 313.5 226.02 8.708 1
569.25 639.25 0.82207 12.116 3.1465 1
639.01 616.59 4.1009 1.9903 4.0407 1
374.47 350.65 323.46 310.98 9.4908 1
424.2 421.47 225.39 238.11 2.6157 1
255.02 457.72 28.187 74.782 4.1619 1
412.97 427.08 184.49 180.89 3.3237 1
418.97 431.91 134.72 131.56 3.3463 1
424.3 435.65 108.45 105.06 2.7009 1
615.39 591.62 2.3066 1.696 1.6349 1
356.22 358.71 307.89 140.39 2.6666 1
37.567 22.86 3.4661 10.343 3.014 1
360.92 360.13 162.87 256.62 1.5132 1
442.7 448.32 196.78 156.69 2.0257 1
408.9 421.75 228.39 224.54 3.4721 1
368 367.43 141.58 156.66 2.8732 1
450.37 453.43 142.87 115.44 1.5195 1
391.86 366.77 146.99 163.11 2.702 1
367.01 365.34 164.11 244.12 2.6818 1
426.92 401.61 121.35 129.07 2.1875 1
356.65 296.72 135.3 116.33 2.0825 1
396.71 375.17 323.46 320.68 5.918 1
294.1 259.14 115.45 104.08 2.0486 1
370.04 401.65 157.37 136.66 2.669 1
440.49 441.97 216.64 202.91 1.511 1
257.7 225.43 103.4 92.722 1.25 1
14.771 1.6128 14.544 24.108 2.8671 1
