139.12 572.87 479.01 478.97 1.2885 1
638.98 638.99 411.62 149.12 1.2561 1
203.91 147.43 280.83 118.41 5.7427 1
145.84 257.63 118.32 1.3886 4.2582 1
349.27 424.89 146.05 0.72173 4.7961 1
348.3 202.88 321.32 281.62 8.6908 1
432.82 423.39 5.3689 96.807 4.6278 1
414.8 348.79 156.89 327.74 5.8299 1
423.92 416.1 97.682 156.72 6.2129 1
346.89 350.19 156.62 317.9 4.1068 1
150.25 346.35 118.52 155.61 4.6172 1
501.65 485.37 9.6744 9.205 1.5739 1
465.35 507.92 4.6245 7.0092 2.0068 1
516.66 502.81 11.011 10.308 2.9407 1
457.9 435.33 6.2313 4.8309 1.721 1
436.62 455.35 1.7516 3.2296 1.3444 1
484.16 464.15 8.5215 7.4217 1.8102 1
