638.99 638.98 411.63 146.63 1.2588 1
474.32 442.01 129.94 299.97 7.1117 1
136.62 572.87 478.99 478.97 1.2654 1
213.03 206.4 225.76 207.15 6.1419 1
207.38 188.87 206.52 67.743 5.2836 1
192.58 327.07 69.51 172.29 4.4489 1
442.14 325.48 298.84 354.35 6.8996 1
308.69 473.73 47.517 128.67 4.5482 1
594.24 639.48 0.68847 6.2546 6.3753 1
327.02 472.27 171.76 130.12 7.0835 1
575.51 536.54 6.6329 2.4452 10.384 1
306.08 213.88 338.33 227.04 6.2187 1
639.38 574.17 20.325 7.5299 11.591 1
189.37 308.93 66.896 47.879 4.8292 1
327.68 306.04 361.9 338.51 7.9833 1
549.5 530.25 20.264 17.53 4.9577 1
317.69 320.04 346.62 192.87 2.6525 1
499.32 470.33 12.333 1.7386 3.5454 1
476.63 521.67 1.6129 13.962 3.0528 1
119.2 44.035 23.445 14.917 3.549 1
320.5 320.32 304.13 346.62 1.2601 1
529.28 500.22 18.349 12.388 3.4846 1
192.43 163.41 0.40175 10.903 4.5005 1
551.48 639.4 18.51 39.189 3.3598 1
42.937 30.325 14.896 13.256 2.913 1
139.15 120.34 23.665 24.258 4.1814 1
639.54 550.03 43.683 21.799 4.4507 1
349.05 328.06 369.32 361.16 6.7311 1
411.62 426.64 182.64 182.24 2.7322 1
522.8 535.42 13.419 15.063 2.3174 1
323.34 323.79 350.38 305.37 1.6568 1
439.42 438.84 310.47 327.87 6.2882 1
414.15 431.71 156.84 154.94 2.8888 1
126.38 130.6 1.401 20.324 3.5183 1
536.89 524.12 3.8068 1.6336 3.6968 1
409.05 419.2 233.57 232.23 3.1344 1
324.38 324.26 300.38 257.87 1.3485 1
322.83 306.46 172.94 160.59 1.2809 1
401.62 411.63 277.6 277.6 2.5028 1
322.88 322.88 217.88 241.63 1.25 1
322.15 321.92 256.63 276.63 1.4352 1
