545.06 501.52 96.232 270.03 6.1361 1
136.62 575.37 478.99 478.98 1.2581 1
638.99 638.97 411.63 146.63 1.2658 1
443.43 544.91 37.868 94.95 4.6973 1
492.39 551.41 22.804 47.158 4.6774 1
216.28 542.96 171.4 95.741 5.7936 1
548.48 512.21 48.77 35.086 3.9292 1
247.48 241.37 357.66 332.94 7.8806 1
586.67 632.95 64.027 62.118 4.7775 1
451.43 492.71 5.9114 20.837 3.8255 1
216.59 208.27 190.72 160.27 4.7112 1
242.79 216.1 331.88 191.25 4.393 1
493.37 466.47 25.393 14.501 5.1037 1
177 170.97 104.85 87.244 7.1278 1
634.14 596.56 65.526 68.195 4.6332 1
171.99 443.2 87.388 38.416 5.8617 1
551.59 563.98 47.947 54.405 3.3254 1
465.95 447.74 15.387 6.9118 3.4781 1
511.6 492.44 35.427 26.295 4.6728 1
204.38 175.04 238.79 106.42 4.2082 1
571.37 547.29 65.741 48.709 3.3852 1
503.48 248.5 272.22 358.52 10.184 1
207.13 179.05 160.76 103.52 4.0877 1
631.64 587.94 56.252 54.032 4.0191 1
639.62 627.43 60.245 65.604 4.8039 1
624.14 574.73 89.095 66.809 4.7609 1
587.89 631.63 51.228 52.717 3.6628 1
585.38 639.52 69.12 90.63 3.5327 1
238.72 202.84 335.99 239.6 5.3709 1
596.39 587.73 67.838 66.136 4.4025 1
639.54 625.11 94.34 88.526 3.4953 1
107.91 1.6184 2.0739 10.29 5.1961 1
24.133 7.8661 2.4282 2.1524 1.5041 1
60.366 77.882 2.7016 1.7519 1.8572 1
525.19 534.2 162.83 126.64 1.25 1
1.6194 26.625 5.5495 5.4183 2.5524 1
513.56 520.78 208.98 180.48 1.8097 1
