136.62 575.37 479 478.98 1.2699 1
638.98 638.98 412.88 146.63 1.2572 1
212.66 177.21 292.92 106.28 5.5979 1
285.03 616.17 33.231 103.75 4.7428 1
505.28 285.85 418.1 326.72 10.287 1
176.41 285.29 106.9 33.355 5.1248 1
223.11 210.65 298.55 293.45 4.8919 1
616.03 591.05 105.01 232.52 8.1062 1
589.2 507.01 231.66 416.94 8.0063 1
180.14 588.97 107.44 224.66 3.9587 1
285.79 219.91 326.32 299.18 10.947 1
73.875 1.238 106.31 86.817 3.6514 1
1.2813 81.295 82.922 104.12 4.3375 1
28.015 69.913 131.86 107.09 3.7154 1
75.681 47.604 108.4 124.91 3.2321 1
81.573 74.519 105.26 108.52 4.5398 1
143.96 115.81 12.605 29.841 2.3057 1
48.767 1.6256 124.77 152.88 3.0961 1
30.49 66.668 55.703 42.997 2.1059 1
120.42 144.37 24.199 8.2462 2.087 1
87.881 107.75 36.643 30.013 1.5843 1
114.49 84.491 30.096 41.35 2.3438 1
1.4307 30.203 69.967 56.263 2.0429 1
67.843 88.228 42.77 36.529 2.2195 1
1.4003 24.212 147.49 134.27 3.0201 1
153.87 143.36 1.3769 12.097 1.8186 1
