638.98 638.98 412.87 146.62 1.2549 1
136.62 574.12 478.99 478.98 1.2564 1
199.13 171.74 320.37 128.93 5.137 1
614.61 513.25 231.79 419.9 5.4961 1
266.31 601.32 48.255 113.2 4.8518 1
512.8 192.45 421.87 321.51 11.857 1
171.26 265.48 128.91 48.213 4.8547 1
600.61 614.46 114.1 233.94 5.6387 1
176.47 611.5 129.76 233.4 4.1062 1
1.3921 21.463 119.28 122.6 4.1164 1
22.341 0.87452 123.27 136.67 4.2412 1
179.62 186.06 161.55 206.71 2.1192 1
559.14 577.86 327.88 292.87 1.4624 1
176.31 179.11 137.92 156.63 1.9756 1
582.89 547.96 112.82 106.19 1.8208 1
545.36 509.22 105.44 98.597 1.5924 1
421.68 405.45 81.293 78.682 1.0925 1
580.49 601.9 287.94 248.02 1.6925 1
531.53 541.79 379.07 360.46 1.3612 1
549.08 557.9 346.6 330.39 1.3097 1
1.5588 31.818 53.906 44.765 2.6425 1
474.14 457.93 91.529 88.784 1.25 1
519.33 530.37 401.74 381.62 1.42 1
31.68 12.843 48.049 54.024 1.6847 1
