638.98 639 411.62 149.12 1.2701 1
139.12 574.12 479.02 478.97 1.2934 1
299.14 326.73 29.045 33.505 3.9382 1
275.21 298.75 23.529 29.383 3.9282 1
319.29 278 35.665 28.436 4.4321 1
265.53 244.79 338.94 180.12 5.4983 1
409.11 560.91 252.86 103.42 4.7038 1
336.59 390.11 38.073 48.037 3.7132 1
439.64 460.9 58.085 50.618 4.5566 1
476.28 463.93 38.471 45.016 3.3131 1
461.48 474.64 43.911 34.883 4.5653 1
374.42 326.3 48.847 39.567 4.8048 1
247.91 268.05 5.289 13.695 4.0333 1
464.65 448.62 49.937 60.273 3.9679 1
512.67 507.01 1.3921 36.687 4.4948 1
243.16 424.13 179.59 67.877 4.4504 1
449.3 430.57 59.08 61.732 3.7129 1
420.31 439.14 56.351 57.617 3.5844 1
559.5 517.2 106.03 256.79 4.9078 1
279.87 265.6 29.731 17.853 3.6864 1
1.4504 47.736 10.803 0.96858 4.2949 1
266.77 276.5 14.062 23.1 3.4678 1
138.04 95.271 26.175 34.863 3.2546 1
102.92 145.25 30.557 21.069 3.4273 1
481.73 489.86 35.4 1.2057 9.848 1
245.4 207.89 7.9811 7.52 4.1338 1
623.2 639.44 59.938 57.368 4.5477 1
145.26 199.01 19.929 6.1779 3.4927 1
414.89 375.31 60.651 48.079 4.7093 1
191.73 138.74 10.777 25.196 3.6096 1
200.34 246.62 5.5311 4.8043 3.6514 1
554.75 557.47 15.844 4.9614 4.548 1
207.99 192.78 8.5544 11.065 2.8625 1
522.2 517.61 11.278 20.237 4.8824 1
388.65 416.74 48.288 56.226 4.1057 1
1.5062 101.75 45.88 29.883 3.5712 1
94.122 1.45 34.107 49.308 3.603 1
326.93 336.47 34.333 37.139 3.7387 1
519.21 425.85 256.4 377.95 5.6749 1
420.08 451.16 48.798 42.907 4.7843 1
456.49 422.63 46.75 50.872 4.3912 1
327.58 319.69 38.767 36.17 3.9687 1
416.58 394.69 389.09 417.07 4.5322 1
389.35 265.26 420.03 338.64 8.4158 1
425.52 416.59 378 388.87 4.6574 1
523.13 522.1 1.5118 10.571 5.2505 1
63.666 1.2828 0.86537 15.128 4.3847 1
506.67 482.91 38.794 38.378 7.7836 1
427.85 415.39 64.21 60.334 5.8882 1
573.72 565.22 1.4986 28.684 3.352 1
473.97 427.8 76.066 65.687 4.1499 1
557.54 465.32 102.92 79.323 5.578 1
639.24 625.32 63.478 63.996 6.2457 1
432.98 472.82 63.602 71.87 2.9558 1
482.87 501.61 45.459 45.895 2.5865 1
246.73 335.29 180.14 221.81 4.3216 1
619.27 608.67 3.3679 18.809 3.2163 1
547.38 537.2 1.0505 9.7903 5.4226 1
565.3 602.96 42.558 45.514 4.2277 1
451.46 459.16 44.122 45.131 2.4788 1
475.46 465.31 51.049 49.615 3.1745 1
603.42 615 45.661 50.972 6.8168 1
520.92 516.89 20.018 28.007 3.9213 1
475.42 466.31 16.567 9.5271 4.4958 1
532.79 521.53 18.675 17.544 5.9688 1
581.57 555.24 48.356 45.266 3.2874 1
474.57 479 70.198 50.072 7.4238 1
525.17 532.76 7.1451 4.9848 4.2908 1
530.48 546.83 53.426 50.168 2.7004 1
542.17 551.63 24.931 36.619 2.7297 1
553.38 531.87 50.768 57.418 3.0179 1
540.43 551.7 12.289 13.423 2.9884 1
541.13 532.22 30.771 19.651 3.909 1
248.82 251.9 185.42 207.84 1.7486 1
552.86 574.06 85.458 89.473 2.4563 1
604.3 585.54 51.984 48.27 2.4766 1
400.47 391.04 330.39 415.31 2.8996 1
404.47 400.97 292.91 327.93 2.237 1
339.16 404.68 224.05 254.38 3.3191 1
408.02 404.91 261.64 290.32 2.3507 1
619.6 605.45 63.977 54.014 1.9315 1
626.84 615.29 31.429 29.698 3.5839 1
