638.98 638.99 411.62 149.12 1.2588 1
137.87 572.87 479 478.98 1.274 1
393.45 373.53 174.04 326.55 4.6207 1
199.72 194.75 216.55 176.55 6.1851 1
223.36 200.47 346.54 216.61 4.6375 1
375.49 223.98 328.69 349.3 8.9157 1
99.157 96.636 26.633 36.934 2.3925 1
355.28 392.92 90.417 174.8 4.6897 1
194.63 195.84 41.614 95.393 3.3154 1
74.413 94.764 45.93 35.355 5.1435 1
97.531 78.296 37.343 49.776 4.0712 1
328.61 319.42 6.1453 8.8591 5.503 1
1.6162 57.88 47.734 47.38 4.0491 1
199.15 389.39 193.15 175.8 5.8994 1
94.329 91.436 29.07 18.26 3.8605 1
61.564 75.391 46.19 44.239 4.0625 1
195.94 194.26 175.41 92.872 4.1063 1
297.95 195.49 35.5 41.215 6.3099 1
57.878 1.6216 52.645 51.872 5.2912 1
59.425 74.34 34.8 27.038 3.8582 1
319.13 295.32 10.222 9.2975 4.1835 1
81.649 64.245 29.189 35.695 3.3703 1
307.94 337.75 15.784 10.886 4.3259 1
95.368 57.832 53.022 51.336 5.8364 1
131.65 109.07 9.3073 8.6967 11.516 1
115.12 130.47 18.002 14.553 2.7132 1
306.93 315.44 17.715 34.09 2.8383 1
372.53 389.63 309.08 177.94 1.9392 1
310.9 303.56 35.121 20.042 3.4017 1
252.89 227.9 2.4116 2.9182 3.0062 1
177.83 141.69 43.867 49.555 2.664 1
