638.98 638.99 411.62 147.87 1.2616 1
136.62 574.12 479.01 478.97 1.2879 1
400.21 384.74 166.48 316.56 5.078 1
385.46 240.16 318.29 349.38 8.1185 1
213.93 200.73 235.66 167.81 5.727 1
341.79 399.38 67.778 166.48 4.3177 1
238.54 214.58 346.75 236.26 4.8855 1
80.725 79.348 12.981 1.3039 1.987 1
182.69 190.74 42.696 90.524 3.9296 1
208.88 396.56 198.87 168.74 4.7069 1
37.002 59.407 51.941 46.544 3.9828 1
201.41 189.81 166.86 94.216 4.0975 1
63.972 73.752 17.729 7.5181 3.7248 1
55.519 71.121 48.425 36.338 4.5932 1
69.917 64.656 34.712 18.515 4.3084 1
294.13 274.13 1.8054 1.8529 1.2827 1
40.438 1.5973 57.949 59.79 6.8999 1
271.56 287.82 3.3472 5.7389 3.2008 1
274.21 184.21 32.392 42.353 4.9448 1
287.59 311.51 4.9455 0.9326 3.2763 1
61.651 40.246 57.487 56.062 6.4022 1
71.005 56.152 42.542 52.755 4.3769 1
1.5164 34.119 55.066 52.795 4.349 1
33.675 59.87 38.089 26.712 4.1805 1
105.38 82.651 10.202 9.1983 12.874 1
89.042 103.98 18.813 14.826 2.4974 1
54.219 37.554 33.074 40.946 3.5157 1
284.51 296.73 7.6424 27.812 2.6531 1
292.66 281.53 28.012 10.877 3.04 1
156.72 119.31 42.05 50.003 2.7825 1
77.802 62.814 55.835 57.215 2.6041 1
332.42 320.31 54.367 31.661 1.9128 1
125.32 146.64 45.128 40.461 2.5575 1
137.99 121.92 15.701 21.232 2.0731 1
394.12 341.63 1.4704 1.993 1.337 1
392.43 395.87 207.83 174.17 1.7264 1
390.5 392.02 229.13 210.41 1.25 1
