136.62 574.12 478.99 478.98 1.2576 1
638.97 638.99 412.87 147.87 1.2633 1
203.58 159.67 358.65 176.19 5.2849 1
529.88 489.24 147.47 324.44 5.9285 1
179.16 463.02 95.955 77.701 4.921 1
499.15 205.73 328.06 362.16 9.7545 1
159.86 178.18 177.48 96.694 4.7903 1
463.25 530.21 77.451 148.03 5.2775 1
272.89 216.55 4.4271 7.9866 3.7425 1
306.62 381.65 10.597 13.543 3.1096 1
159.08 267.84 8.5379 1.1018 5.8944 1
307.62 322.7 4.268 0.83937 3.6566 1
215.41 164.12 8.3916 11.469 2.2709 1
267.88 232.87 11.989 11.927 1.3098 1
437.91 269.14 19.692 11.385 3.9717 1
382.83 447.86 14.908 16.228 3.4956 1
222.89 116.61 13.83 15.931 3.8579 1
296.71 274.1 4.5824 4.0063 6.4072 1
507.88 439.12 18.037 18.23 3.8727 1
202.85 277.87 10.898 8.8236 3.0864 1
316.61 297.91 6.4978 8.2419 2.9854 1
446.63 512.89 15.036 15.388 3.7233 1
553.13 591.03 46.077 65.326 4.4405 1
592.79 618.96 68.01 84.396 4.623 1
618.28 639.48 83.272 93.381 4.0792 1
587.9 553.33 67.816 50.701 4.6136 1
232.83 222.94 12.108 12.723 2.8057 1
640.04 592.1 98.557 74.424 4.9681 1
277.9 305.42 9.4442 10.329 2.4987 1
116.64 49.107 15.619 20.097 4.3074 1
162.93 526.64 177.33 148.04 4.2919 1
550.65 509.1 27.994 17.961 4.3603 1
165.38 195.39 13.065 12.479 1.3717 1
129.12 144.13 2.2175 2.2746 1.3071 1
39.119 164.07 16.468 11.456 3.4428 1
338.88 316.71 0.57931 5.7255 5.2405 1
533.26 557.27 18.36 30.339 3.9259 1
154.14 141.61 9.6376 10.029 1.5228 1
556.34 555.43 31.788 44.037 4.1998 1
22.911 34.191 13.898 13.5 3.8801 1
599.34 586.95 76.284 68.598 5.3106 1
44.156 24.102 18.983 19.548 5.1037 1
513.98 532.7 16.363 19.073 3.1906 1
25.283 1.571 20.853 23.67 3.6381 1
551.79 552.61 45.285 35.353 3.5313 1
1.5878 21.617 20.042 17.804 3.0399 1
144.17 126.64 5.4108 5.9641 2.6171 1
325.36 295.36 89.949 91.317 1.3625 1
124.14 17.883 2.8991 3.8269 5.2836 1
166.54 171.97 190.39 214.04 1.5977 1
174.89 180.41 225.49 247.87 1.5608 1
181.14 186.16 250.48 272.98 1.7638 1
382.84 329.14 86.109 89.303 1.9898 1
509.28 519.71 222.91 177.72 1.312 1
187.11 191.92 275.55 296.56 1.599 1
285.38 269.13 92.875 92.875 1.25 1
264.13 245.38 94.125 94.125 1.25 1
482.76 462.78 102.98 81.713 1.2961 1
199.12 180.35 97.637 98.415 1.3007 1
