137.87 574.12 479 478.98 1.2677 1
638.99 638.98 412.88 146.63 1.256 1
362.71 461.33 135.09 79.575 4.747 1
155.95 363.13 63.555 135.9 5.9757 1
186.6 153.24 215.11 62.523 5.5009 1
441.58 360.89 241.57 313.3 4.2564 1
461.56 440.24 80.037 241.77 6.9951 1
153.38 259.29 62.018 29.667 3.7256 1
577.88 502.83 12.859 1.9022 4.3514 1
556.63 600.44 1.5025 4.431 4.7422 1
346.83 193.59 310.63 222.87 8.7656 1
639.15 551.52 12.641 3.9701 4.2109 1
599.23 634.21 4.3471 5.9769 6.9413 1
427.58 404.15 148.4 157.94 2.3561 1
550.44 529.15 3.4261 1.3371 2.6101 1
639.46 578.19 23.554 12.404 3.798 1
376.54 345.59 323.43 309.89 8.8047 1
412.69 426.87 185.33 183.3 3.3573 1
379.49 363.53 153.5 162.76 2.5728 1
430.09 410.47 121.96 128.17 2.444 1
260.21 457.6 29.804 78.998 3.7821 1
419.09 406.58 240.33 249.06 2.05 1
423.71 406.78 196.77 206.88 2.8048 1
433.57 428.21 135.15 148.02 3.5568 1
416.55 430.51 137.49 134.8 3.399 1
553.03 639.28 5.6558 19.386 3.4211 1
522.93 541.67 2.4668 5.0186 1.5758 1
415.43 379.89 131.71 153.32 2.3241 1
365.15 405.15 158.75 135 2.4168 1
419.01 434.5 112.47 107.89 3.9505 1
406.64 421.78 230.43 225.91 3.4691 1
423.5 419.65 227.67 239.3 2.7662 1
55.191 39.205 3.6112 9.3476 3.1975 1
433.19 419.04 113 116.25 2.751 1
356.3 194.08 137.56 80.507 2.2839 1
453.69 437.4 92.059 100.73 2.2066 1
390.29 375.01 323.22 319.33 5.793 1
368.92 382.82 261.36 250.31 1.3788 1
36.22 23.121 11.002 19.504 1.8958 1
362.93 361.88 164.1 209.13 2.5868 1
385.58 406.37 248.13 231.31 1.8598 1
362.97 362.82 142.89 157.89 2.637 1
15.414 1.4556 24.19 32.594 2.7865 1
