135.37 575.37 478.99 478.98 1.2587 1
638.98 638.98 414.13 146.63 1.2544 1
199.07 159.73 288.15 102.48 7.4458 1
159.37 273.66 103.27 34.178 4.6533 1
581.52 525.95 152.04 306.03 9.1281 1
273.77 594.87 34.454 106.39 5.7125 1
595.07 580.26 106.11 151.17 5.856 1
525.1 484.37 306.04 412.01 7.2761 1
475.01 193.79 411.56 288.29 11.794 1
35.826 24.048 13.086 10.766 3.9209 1
481.92 473.33 411.6 409.64 6.0932 1
72.499 1.3348 104.19 83.892 3.6292 1
1.3739 81.043 80.017 102.44 3.9577 1
162.82 553.09 104.3 222.18 4.4664 1
1.4319 70.34 143.78 105.31 3.3006 1
81.292 1.3858 103.54 148.7 3.5485 1
27.565 62.948 58.261 45.577 2.6196 1
119.27 145.54 28.129 13.17 2.1884 1
63.852 99.088 45.706 35.25 2.2652 1
124.44 89.301 28.701 42.088 2.5584 1
156.02 130.62 8.8387 25.743 2.7671 1
1.4199 28.092 71.2 58.324 1.475 1
22.907 6.6337 10.909 10.18 1.3606 1
