135.37 575.37 479 478.97 1.2735 1
638.97 638.99 412.87 147.87 1.2612 1
191.93 153.01 278.8 95.082 5.6949 1
272.52 582.52 30.558 108.03 4.5764 1
460.27 257.38 414.33 313.86 11.105 1
153.5 272.4 94.045 30.577 5.5137 1
483.2 462.61 353.79 411.53 10.35 1
202.11 190.97 284.47 279.14 6.2752 1
582.41 566.88 109.62 144.94 8.4633 1
65.374 54.124 8.0267 8.0396 3.7571 1
523.56 482.29 229.35 353.1 6.7313 1
528.95 524.07 215.74 229.93 6.3168 1
256.93 201.42 313.51 285.78 10.062 1
567.07 557.77 145.06 164.67 11.236 1
555.65 529.57 163.02 215.6 5.6775 1
562.33 516.98 166.43 291.76 3.8587 1
83.805 1.0072 96.372 69.8 3.9862 1
156.43 523.63 95.937 220.59 3.9194 1
13.075 59.389 69.748 84.55 3.572 1
1.2875 7.7653 65.54 67.085 3.3576 1
60.144 93.872 84.898 94.974 3.8266 1
514.89 488.27 295.01 355.55 4.4392 1
1.5406 83.622 140.21 98.144 3.2396 1
94.606 40.168 96.41 124.98 4.0113 1
56.604 131.87 47.801 26.221 2.4201 1
17.853 55.615 65.327 48.411 2.1628 1
136.75 165.79 24.36 8.6425 2.0171 1
165.13 139.39 12.404 25.879 2.5865 1
39.195 1.4781 125.51 145.09 3.1578 1
132.78 103.1 28.798 37.39 2.2745 1
176.92 164.71 1.9697 12.32 2.196 1
