208.61 328.35 44.834 207.52 4.7273 1
638.98 638.98 412.88 149.13 1.2555 1
136.62 574.12 479 478.98 1.2626 1
538.04 481.58 153.79 337.48 4.5 1
73.56 51.447 66.671 57.032 3.9371 1
183.02 191.48 12.403 10.848 3.4623 1
481.82 329.17 338.37 398 8.2546 1
354.76 538.1 23.741 153.07 4.4736 1
286.45 209.4 34.102 44.823 4.9845 1
230.34 211.98 210.55 72.661 4.3805 1
212.12 208.6 70.68 47.573 4.3537 1
81.572 74.333 65.253 68.359 4.432 1
324.75 228.66 395.09 208.72 5.6768 1
137.82 153 14.972 15.96 5.831 1
74.321 45.685 69.669 79.985 4.1854 1
198.43 165.21 15.106 23.451 8.1819 1
86.622 70.579 55.611 64.494 5.7026 1
1.849 49.395 66.464 56.686 4.7843 1
90.231 82.326 61.357 65.603 6.0976 1
50.53 1.5845 51.023 62.706 4.7382 1
87.811 88.709 36.529 59.24 6.0968 1
94.12 138.19 24.103 14.308 6.5078 1
52.238 39.313 58.313 68.457 5.6883 1
164.4 133.06 22.137 17.812 4.0142 1
153.99 171.56 17.918 19.749 3.264 1
83.498 89.175 26.264 36.07 8.825 1
73.232 91.739 73.832 66.931 3.5137 1
105.45 95.41 25.734 26.174 2.4976 1
50.976 73.631 82.063 73.989 4.1149 1
1.4052 12.323 81.271 74.486 4.1028 1
131.75 106.38 19.686 25.552 3.1886 1
295.51 354.32 32.564 24.234 3.7234 1
4.61 4.1781 35.337 15.428 5.3241 1
21.807 10.176 42.175 46.025 4.3541 1
44.162 31.545 78.827 77.277 2.4813 1
31.601 48.971 80.651 82.152 3.1366 1
137.89 184.1 6.2471 7.4716 3.4838 1
18 1.2961 75.573 86.103 4.3906 1
160.37 135.35 8.9243 9.6881 2.9185 1
38.365 41.978 1.0867 12.766 4.6073 1
51.624 21.624 44.9 44.858 6.243 1
329.5 465.35 209.32 174.03 3.16 1
39.219 26.703 84.27 83.205 2.2791 1
136.53 124.31 8.0503 1.2904 2.7927 1
327.63 329.51 361.62 210.36 2.9341 1
478.92 532.26 335.31 161.43 2.1852 1
240.1 212.57 93.076 55.597 1.5424 1
146.71 164.13 12.387 10.403 2.4839 1
114.13 96.721 71.63 75.777 2.4319 1
466.47 535.48 173.56 154.49 3.6933 1
11.348 22.538 52.272 47.141 4.545 1
89.067 111.5 75.173 68.702 2.4248 1
301.63 325.38 21.625 21.625 1.25 1
231.01 232.12 236.59 217.9 4.2614 1
412.85 378.06 10.279 18.646 2.1846 1
493 461.65 125.21 102.84 1.25 1
20.824 14.323 35.776 22.776 3.3542 1
376.79 405.34 16.046 8.9935 1.8564 1
210.42 195.42 79.366 81.918 2.2814 1
330.14 306.16 205.55 173.22 1.9423 1
329.13 310.38 24.125 24.125 1.25 1
276.7 297.96 25.82 22.137 2.2984 1
