136.62 575.37 478.99 478.98 1.2537 1
638.99 638.97 412.88 147.88 1.262 1
199.88 163.2 263.97 82.556 6.4986 1
540.41 520.55 232.89 287.94 3.3707 1
163.01 285.79 81.904 23.749 4.6393 1
566.53 554.37 159.53 193.77 3.721 1
582.19 566.75 115.58 159.17 4.4432 1
554.24 540.49 194.17 232.47 3.6806 1
286.4 586.11 23.719 104.77 5.0918 1
586.54 581.46 104.69 114.68 5.59 1
510.75 464.42 210.49 365.46 4.9265 1
520.43 484.28 288.43 351.19 4.0443 1
464.24 458.14 365.79 385.84 3.8475 1
464.34 454.32 383.42 398.01 8.8123 1
450.05 196.97 407.2 264.77 11.709 1
579.38 511.76 114.31 210.85 4.1043 1
484.05 465.48 351.58 383.66 4.2686 1
166.37 507.75 83.555 211.95 4.8983 1
30.24 44.073 53.268 58.027 3.2155 1
112.72 44.501 87.061 63.058 4.1925 1
50.203 122.66 60.871 86.001 3.7134 1
123.72 25.182 87.035 134.98 3.4324 1
42.839 28.187 61.735 56.925 3.191 1
21.847 112.6 132.09 88.556 3.0604 1
96.825 157.69 38.616 22.187 2.3397 1
71.313 96.494 48.3 38.779 2.3674 1
174.62 199.51 16.253 2.3085 2.2267 1
198.46 175.3 6.4473 18.989 2.519 1
90.234 74.13 43.782 50.387 1.6894 1
164.13 149.08 22.888 27.748 2.3422 1
158.03 173.89 22.035 16.014 1.8514 1
9.1728 21.505 85.441 76.46 1.3731 1
147.95 111.74 28.186 37.084 2.4278 1
