638.98 638.98 414.13 147.88 1.2573 1
136.62 575.37 478.99 478.98 1.2593 1
221.89 196.87 251.4 84.089 4.7869 1
599.69 527.09 148.35 330.56 4.511 1
54.12 61.541 34.079 33.313 3.6019 1
331.24 599.39 35.036 147.72 5.3942 1
228.84 221.95 256.97 251.23 3.8418 1
196.65 331.66 76.709 35.492 4.5323 1
83.3 65.466 24.123 21.091 4.6954 1
74.338 50.521 35.365 45.202 10.599 1
527.91 418.6 329.09 432.24 6.8756 1
420.03 228.23 430.76 258.59 8.7308 1
148.78 197.89 48.5 75.35 3.3771 1
1.3984 15.551 41.045 39.293 7.4317 1
12.849 29.188 42.081 43.017 2.4245 1
194.25 133.99 77.655 44.375 3.6581 1
49.367 40.037 44.786 48.203 3.3232 1
32.875 48.257 45.373 42.262 3.9369 1
1.5811 60.434 30.738 27.826 3.6703 1
198.31 462.75 79.205 241.83 3.7069 1
39.239 1.5744 47.559 44.82 3.8991 1
21.66 1.4919 31.936 34.178 3.037 1
146.33 167.86 48.317 40.328 2.5133 1
135.27 146.59 40.573 46.695 3.2985 1
194.23 108.99 83.194 112.47 3.0327 1
146.37 192.91 95.867 80.471 2.828 1
236.54 264.25 26.161 21.076 2.3576 1
190.34 234.1 33.909 26.465 2.2805 1
464.84 421.69 243.7 425.69 6.2452 1
65.322 62.734 19.418 7.9066 2.8362 1
12.924 1.5505 2.2779 3.1248 3.1429 1
90.753 93.361 1.1739 10.587 3.7446 1
272.82 235.2 21.35 29.554 2.6633 1
175.35 154.15 41.531 47.958 2.1759 1
289.19 204.08 140.27 86.691 2.3879 1
203.61 225.4 100.45 250.37 2.992 1
56.772 79.034 90.777 82.627 2.0332 1
228.66 223.34 266.84 255.16 5.6875 1
234.14 192.78 29.236 36.024 2.5051 1
579.54 592.69 190.54 157.8 1.4389 1
304.28 274.27 8.2442 20.724 2.7994 1
275.05 291.43 16.963 11.077 2.1692 1
108.24 145.34 108.96 96.529 2.3989 1
91.36 86.082 16.719 1.8173 1.7315 1
481.34 466.58 229.92 239.05 2.1261 1
549.03 560.55 266.59 237.95 1.6383 1
101.3 99.478 9.1997 1.2574 3.3757 1
