458.38 437.54 85.117 246.58 4.5991 1
136.62 574.12 478.99 478.99 1.2535 1
186.67 154.92 216.62 66.457 4.6053 1
638.98 638.99 412.87 146.62 1.2557 1
355.27 457.9 137.67 84.06 5.6732 1
157.42 355.53 66.637 138.71 5.3485 1
437.28 355.52 247.16 315.55 4.62 1
155.68 261.66 65.181 34.228 3.8138 1
524.08 580.56 2.2283 6.8159 7.8801 1
587.88 505.07 19.094 6.0961 4.4523 1
578.87 639.37 6.2965 9.6003 12.959 1
350.09 193.85 318.35 225 8.5034 1
639.25 589.04 27.184 18.345 3.5458 1
504.23 480.48 4.6754 0.97515 2.855 1
639.29 542.75 17.506 7.8625 4.3514 1
423.81 420.24 187.77 199.08 2.7603 1
362.72 349.54 323.29 316.93 8.3844 1
499.19 512.98 1.2409 3.4663 2.269 1
261.37 454.04 33.862 83.195 3.9721 1
562.99 617.8 12.078 19.689 2.3738 1
428.36 423.44 140.06 151.86 2.5954 1
617.89 639.21 20.284 23.549 3.1276 1
395.75 355.55 143.55 165.69 2.545 1
549.09 562.71 10.59 12.677 2.1822 1
408.98 426.66 142.27 138.02 3.8902 1
440.24 451.89 202.86 114.16 2.2266 1
415.6 396.04 243.25 255.22 2.6731 1
407.83 421.94 190.18 186.65 3.6392 1
413.09 396.84 156.06 161.08 2.1922 1
414.35 394.44 203.37 212.33 2.3929 1
414.01 429.26 116.18 112.12 3.6242 1
419.15 398.96 126.7 133.64 2.328 1
357.79 399.33 161.48 138.24 2.7017 1
347.07 347.52 256.63 146.62 2.5556 1
172.69 176.56 136.67 154.14 1.7611 1
401.31 416.87 234.2 230.03 3.5327 1
69.259 55.132 9.487 14.719 3.3427 1
436.46 439.72 234.11 206.7 1.5963 1
347.72 217.64 139.56 92.266 2.5621 1
390.4 362.98 325.09 322.82 5.1895 1
430.04 445.69 121.04 112.18 1.9914 1
355.96 355.95 145.37 160.38 1.2557 1
350.38 350.38 166.63 197.88 1.25 1
434.73 440 256.88 266.74 5.2212 1
448.94 430.39 113.8 124.15 2.0767 1
190.01 188.15 241.67 226.9 4.1876 1
346.16 347.14 287.86 259.1 2.2866 1
446.57 425.62 97.758 108.35 1.6796 1
355.99 355.52 167.87 207.88 2.8481 1
23.165 9.5878 34.721 41.326 2.8862 1
383.33 400.5 248.47 235.54 1.7631 1
52.286 36.526 15.759 26.48 3.4732 1
