262.75 322.98 27.367 37.215 4.1977 1
301.66 269.05 36.388 32.19 3.7566 1
322.93 386.94 38.795 49.775 4.3977 1
266.99 239.49 345.31 186.35 4.407 1
352.98 317.68 47.196 41.639 4.1619 1
638.99 638.98 411.63 149.13 1.2605 1
137.87 574.12 479.01 478.97 1.2793 1
268.4 261.56 32.12 29.29 3.7428 1
396.23 353.64 56.938 46.116 4.9459 1
238.54 411.13 186.35 68.394 4.2989 1
411.81 441.79 56.476 51.305 4.8406 1
317.07 301.03 41.597 35.998 4.8876 1
233.46 252.06 8.9922 16.853 3.5015 1
387.7 410.41 51.439 55.14 3.5001 1
250.21 232.64 19.511 12.183 4.0358 1
250.42 262.76 16.828 27.022 3.8129 1
1.6144 58.982 16.586 1.0965 4.3445 1
446.86 416.89 52.532 60.159 4.8021 1
453.35 548.37 204.56 100.82 5.2294 1
231.68 199.14 12.056 11.13 3.5707 1
260.82 250.06 29.851 20.747 3.3766 1
185.36 232.86 9.8064 8.4699 3.6079 1
544.12 513.04 121.32 250.41 4.43 1
621.49 639.29 46.054 49.557 5.8715 1
395.76 266.86 418.81 343.71 7.4089 1
448.02 464.99 38.16 29.605 3.3862 1
130.65 82.836 30.171 42.727 3.9318 1
99.274 139.4 35.87 23.797 2.9977 1
495.08 491.72 1.454 31.774 5.3829 1
200.21 168.04 11.922 17.559 3.2622 1
430.61 410.12 67.041 61.265 3.3923 1
140.01 186.3 22.758 10.405 3.3862 1
1.3089 100.17 53.655 35.488 3.8351 1
29.138 17.753 1.7571 2.8447 2.9641 1
466.63 431.37 72.816 66.871 3.2821 1
167.84 131.24 17.749 29.148 3.2679 1
461.36 450.75 34.921 41.022 3.8742 1
549.97 543.48 101.12 122.2 4.9639 1
417.95 466.69 61.23 70.041 3.2454 1
466.16 473.29 31.22 1.1312 9.7627 1
637.92 607.87 54.909 54.489 7.5867 1
471.6 487.87 41.141 41.714 1.601 1
514.45 400.36 250.6 416.23 5.9415 1
410.07 396.49 60.406 57.184 4.8649 1
408.92 444.04 44.83 40.892 4.5396 1
81.695 1.245 41.998 57.101 3.7565 1
73.926 1.354 0.89444 20.629 4.719 1
610.2 623.98 50.554 48.244 3.0339 1
491.63 467.88 34.751 34.718 7.5192 1
570.26 540.32 41.524 38.415 3.8111 1
546.61 452.74 97.923 77.215 4.3795 1
506.07 498.87 8.3302 16.553 8.1122 1
546.63 600.43 36.522 39.255 4.6765 1
435.28 407.42 43.684 49.426 4.1031 1
598.9 639.45 31.072 44.371 3.8949 1
460.48 450.32 47.094 45.768 2.9645 1
586.75 606.24 38.944 52.193 4.0536 1
241.48 407.73 186.97 256.96 3.8221 1
528.79 512.64 28.183 10.593 3.3817 1
602.83 587.52 54.185 42.912 3.5512 1
609.03 596.42 38.129 33.423 2.4823 1
518.24 530.24 12.538 25.502 2.4788 1
586.65 570.49 42.629 40.659 3.1172 1
532.9 564.19 78.929 83.685 2.7681 1
554.64 547.96 1.783 23.769 3.6921 1
243.52 264.03 190.27 311.64 2.204 1
561.7 537.88 86.044 82.858 2.0603 1
500.52 528.01 24.342 28.103 2.699 1
408.68 453.19 254.98 204.55 3.0318 1
460.95 463.75 66.517 48.867 8.1919 1
491.77 471.7 43.459 45.031 3.0557 1
514.3 531.89 48.539 43.884 2.5956 1
522.9 535.43 7.4399 8.077 2.9411 1
408.51 397.05 257.92 415.41 3.0347 1
515.37 527.9 73.963 73.261 1.7374 1
532.97 517.98 46.992 50.802 2.4436 1
264.89 267.78 314.2 334.14 1.4167 1
531.6 521.49 38.997 40.884 2.4576 1
601.51 617.83 40.093 41.992 2.8108 1
639.23 548.99 132.35 113.5 2.6484 1
506.61 481.61 76.852 75.647 1.7301 1
512.84 527.76 35.686 37.559 2.4805 1
607.94 639.16 122.54 128.96 2.05 1
489.13 511.62 73.917 74.177 1.3077 1
411.58 425.35 68.161 70.512 1.863 1
616.62 596.56 24.197 22.402 3.27 1
639.11 625.35 26.81 25.711 1.6439 1
