638.98 638.97 412.88 147.88 1.2576 1
488.9 464.91 227.57 344.03 4.4664 1
409.88 404.54 1.4991 75.405 4.1476 1
297.22 295.91 1.4598 16.563 3.6281 1
493.58 489.26 203.75 224.41 4.3253 1
464.53 452.04 344.21 406.46 4.6642 1
137.87 574.12 479.01 478.98 1.2836 1
285.46 283.28 1.507 23.043 4.6135 1
240.7 241.04 60.381 42.839 2.4995 1
280.45 282.21 65.382 46.447 3.503 1
451.73 276.69 407.28 435.78 7.5239 1
199.15 198.74 50.374 35.385 3.8162 1
292.49 291.53 17.824 1.5566 4.9912 1
274.65 275.36 64.148 47.82 2.9321 1
449.55 408 1.1363 70.957 4.2443 1
203.65 204.79 44.026 52.95 2.9572 1
222.52 221.86 57.887 39.161 3.9238 1
238.04 237.07 50.39 61.663 2.921 1
243.43 243.32 50.38 62.891 3.0893 1
271.49 270.53 49.178 69.252 4.9346 1
280.5 251.53 27.625 25.254 5.5152 1
135.78 132.93 37.936 56.822 3.7784 1
272.67 280.52 8.9355 0.58628 8.7248 1
234.51 234.41 11.621 1.61 2.5487 1
369.34 494.68 105.07 192.08 4.4213 1
153.28 154.72 36.592 54.076 3.1072 1
412.4 453.39 69.587 1.1844 3.4518 1
145.89 147.39 35.331 52.916 3.023 1
275.03 276.57 306.72 254.09 6.7934 1
150.82 149.94 54.227 36.647 3.621 1
195.21 196.59 35.304 56.463 3.6383 1
145.14 140.67 52.94 36.892 4.1448 1
276.73 276.55 252.88 211.62 5.0974 1
273.38 273.22 437.9 425.36 6.2957 1
108.53 110.21 45.288 57.897 3.3042 1
408.27 413.57 71.655 1.5828 4.0493 1
268.15 271.57 35.314 50.665 5.1614 1
127.1 125.27 57.987 45.211 4.4207 1
276.71 492.88 203.31 193.04 5.0618 1
74.357 77.936 44.069 58.807 4.529 1
185.75 190.3 49.216 30.357 3.9081 1
224.26 226.29 47.85 58.957 2.909 1
183.01 183.82 40.366 52.813 2.6579 1
538.87 530.95 1.4226 60.285 3.9255 1
254.18 263.53 0.33003 9.7271 7.9569 1
274.84 275.11 337.9 307.86 5.2767 1
113.52 112.15 56.732 49.031 3.1201 1
297.61 299.94 21.007 12.753 2.5975 1
38.028 54.372 50.863 54.142 3.9264 1
106.49 105.04 56.802 45.418 3.114 1
123.09 110.35 42.745 43.892 4.7555 1
191.55 189.68 74.131 50.331 3.6402 1
396.7 404.57 75.648 1.4068 10.24 1
80.142 79.317 56.642 45.27 2.4934 1
275.63 295.62 33.375 23.366 5.5927 1
530.63 530.38 60.38 74.147 3.9711 1
236.86 232.51 270.43 105.35 4.3728 1
27.406 30.082 31.726 44.188 2.8792 1
274.78 274.77 359.13 339.12 5.0111 1
54.658 51.751 51.928 33.048 3.9929 1
249.27 270.47 29.323 32.15 3.8823 1
499.53 525.81 1.0224 73.172 3.8505 1
632.74 638.23 67.826 52.553 5.8814 1
274.5 274.16 385.39 365.33 5.3422 1
306.66 307.78 9.1303 1.4298 3.1743 1
44.287 46.776 34.093 46.595 3.4394 1
165.38 176.66 3.9973 4.4505 2.8492 1
233.16 240.66 18.561 22.306 3.9174 1
270.8 267.31 426.28 409.24 7.1583 1
274.74 274.26 424.13 386.59 4.0225 1
230.71 231.9 1.599 16.8 3.6408 1
312.83 331.59 13.401 12.331 3.2076 1
406.61 530.37 74.742 77.887 3.717 1
69.039 60.151 47.042 45.217 3.4546 1
529.03 503.98 69.952 1.222 3.9399 1
536.64 625.4 64.929 64.313 7.2133 1
33.781 37.933 1.1184 8.5418 5.7136 1
36.022 39.205 32.751 49.349 3.6829 1
190.45 221.45 4.7077 8.1898 4.1452 1
400.29 379.34 375.11 382.27 2.3657 1
312.39 312.55 1.6129 11.61 2.5196 1
1.5018 22.892 56.417 57.567 4.5901 1
402.77 387.93 320.03 324.31 2.5863 1
535.7 536.77 74.171 66.645 3.0015 1
266.44 236.68 409.17 271.61 4.9867 1
522.92 414.11 73.592 70.785 3.9744 1
72.875 99.129 3.0292 2.9486 3.8037 1
116.55 130.01 2.1003 4.0942 4.8089 1
129.83 136.16 3.8499 1.5855 3.1957 1
624 640.4 60.735 9.533 5.7567 1
25.853 23.463 42.745 33.965 3.7255 1
19.548 11.958 35.277 2.5083 6.0888 1
317.83 331.6 4.9449 4.5687 5.2711 1
432.91 279.1 229.82 238.63 3.0288 1
544.49 535.52 1.496 62.896 4.195 1
330.38 314.14 9.2126 9.5936 1.5135 1
55.068 60.032 3.2382 15.514 3.9198 1
189.88 188.02 29.159 1.6152 2.6625 1
433.86 398.08 215.49 223.77 3.2697 1
335.33 295.1 83.871 91.416 5.0684 1
234.12 369.13 105.28 105.22 3.7628 1
25.689 20.689 58.291 47.041 3.9629 1
221.35 205.21 5.0028 2.8941 3.4507 1
339.78 336.53 57.766 75.358 4.4626 1
443.61 451.87 410.02 427.15 8.3844 1
111.68 81.669 92.417 93.24 4.4675 1
571.85 557.88 1.3877 61.625 2.6779 1
268.99 269.94 70.328 92.893 3.078 1
396.63 380.38 223.41 223.56 1.3651 1
471.54 485.52 296.61 227.9 1.9729 1
64.806 76.52 5.6923 26.684 2.7922 1
633.67 629.62 45.253 60.505 4.191 1
600.23 614.09 91.563 90.042 1.8601 1
638.42 634.48 33.059 44.669 5.5171 1
395.36 365.38 258.55 257.83 1.6117 1
73.463 58.782 35.662 1.7735 4.3187 1
59.689 67.399 15.789 32.518 5.5874 1
412.21 445.81 58.225 1.8867 1.8442 1
619.23 598.05 102.54 96.05 4.2218 1
341.56 339.79 12.87 39.086 4.2458 1
145.33 118.98 87.414 90.261 2.4855 1
279.21 253.84 96.996 94.58 5.5107 1
279.12 389.14 235.22 229.48 2.6921 1
377.84 350.38 382.61 381.59 1.7594 1
386.62 356.64 324.41 323.62 2.6626 1
364.18 381.71 223.72 225.97 2.0329 1
487.85 389.17 202.38 207.48 2.6091 1
555.01 568.78 61.542 1.5449 2.4586 1
462.38 470.86 341.53 299.22 1.9628 1
273.32 272.37 87.852 69.087 1.9256 1
482.94 435.32 226.39 229.46 2.7775 1
245.52 220.23 92.105 87.419 4.3704 1
376.51 354.08 222.49 219.45 2.0349 1
219.31 191.73 87.008 81.131 2.8861 1
273.18 260.37 197.74 167.88 1.8082 1
639.4 623.12 118.51 111.1 3.21 1
287.39 279.09 451.04 444.97 7.3304 1
365.37 305.4 207.72 210.89 1.7771 1
414.13 482.9 227.9 223.21 2.3818 1
449.19 446.64 428.87 440.65 4.9848 1
274.13 274.13 309.13 336.63 1.25 1
291.54 279.43 92.522 95.401 5.1535 1
624.16 609.15 71.384 71.174 5.017 1
625.36 631.07 12.868 1.352 1.6922 1
356.61 369.11 325.51 326.78 1.7502 1
449.87 453.2 401.52 385.44 1.4328 1
639.15 612.88 94.121 93.686 2.8105 1
254.46 246.05 94.753 90.184 5.1795 1
279.13 279.13 259.13 302.88 1.25 1
400.37 417.85 309.17 310.7 2.9262 1
411.59 426.6 245.97 246.96 2.9064 1
397.83 405.21 365.54 367.3 2.7217 1
248.2 237.81 138.98 115.4 1.6062 1
340.42 354.19 74.677 75.484 2.2032 1
369.13 341.63 78.937 78.548 1.6216 1
419.01 429.16 212.81 213.77 2.4888 1
