136.62 574.12 478.99 478.98 1.262 1
530.43 564.26 19.535 15.133 4.5845 1
567.41 559.66 54.858 80.537 4.9213 1
638.98 638.99 412.87 149.12 1.2614 1
493.08 463.33 11.061 0.3626 4.2415 1
559.27 517.44 82.207 229.9 5.0765 1
289.13 566.4 166.65 54.16 5.0125 1
566.8 526.74 17.799 23.667 5.3411 1
473.34 514.04 0.37834 15.601 4.1114 1
595.35 574.18 1.5556 8.0432 3.8549 1
225.88 189.21 255.53 81.344 4.5711 1
189.53 440.23 80.481 4.897 4.6978 1
572.79 585.24 5.1093 1.1978 2.8282 1
515.32 530.14 15.706 18.081 3.1095 1
518.87 302.19 230.83 356.69 8.4851 1
531.62 545.39 6.3925 6.0067 1.5995 1
305.54 225.92 352.98 254.93 6.6182 1
573.84 564.39 11.065 15.901 3.9343 1
552.84 526.53 8.4636 9.9772 3.4566 1
526.78 598.91 24.874 47.322 3.3125 1
518 531.7 10.706 5.574 3.0733 1
597.59 525.36 50.053 27.914 3.9886 1
546.58 566.63 5.8003 7.8685 3.217 1
564.1 552.92 10.721 9.7963 2.8006 1
506.64 493.11 20.352 12.468 4.6777 1
587.71 572.81 16.217 13.22 3.4367 1
525.47 507.01 26.332 20.415 4.6704 1
596.59 621.58 9.47 12.087 2.5452 1
576.59 589.27 10.503 13.534 3.0656 1
464.18 564.07 13.978 51.771 4.2969 1
304.18 287.76 347.87 169.02 3.7588 1
628.13 605.5 4.4024 1.7705 5.6885 1
634.1 624.04 11.553 15.137 2.488 1
583.53 588.78 40.235 17.794 8.3123 1
194.44 201.87 90.568 126.58 2.158 1
622.92 597.88 14.791 12.781 2.5376 1
636.64 596.69 55.239 49.877 2.8853 1
529.34 538.25 176.68 144.23 1.5118 1
260.44 227.97 141.54 114.01 2.3417 1
440.72 454.11 5.6519 10.424 2.0987 1
