136.62 574.12 478.99 478.98 1.2611 1
638.98 638.99 412.87 147.87 1.2627 1
356.09 468.74 135.52 80.918 4.9143 1
451.4 360.37 245.07 312.87 4.7975 1
469.49 449.33 81.363 245.71 6.8355 1
206.98 175.99 211.29 63.733 7.2059 1
178.78 355.85 64.998 135.44 5.8328 1
3.6072 15.671 7.4658 14.895 3.8485 1
175.7 282.98 63.95 31.974 3.7772 1
369.26 211.57 324.54 218.6 11.867 1
283.96 465.26 32.252 79.56 4.9381 1
415.59 356.85 133.29 163.32 2.2766 1
437.56 430.72 136.44 148.08 2.9789 1
425.8 408.11 150.2 157.22 3.0239 1
419.18 436.86 139.34 135.11 3.3556 1
424.94 402.34 240.48 254.07 2.9857 1
414.02 438.17 116.29 108.82 3.9519 1
357.62 401.42 159.88 137.48 2.328 1
428.66 415.56 195.91 204.4 2.0973 1
433.24 428.78 184.99 195.22 2.9962 1
639.3 557.87 8.2696 1.6579 5.8622 1
429.28 410.48 122.01 129.39 2.3698 1
114.62 86.959 8.8263 22.235 4.7406 1
408.98 427.96 232.14 228.27 4.1979 1
44.126 1.6241 41.06 41 2.5462 1
388.5 368.82 324.31 319.01 5.9868 1
59.18 45.318 39.7 41.034 5.2165 1
350.37 349.73 176.63 157.9 1.587 1
44.467 52.435 5.7402 25.552 3.7187 1
