278.78 288.92 347.99 151.68 5.5824 1
638.98 638.98 412.87 147.87 1.254 1
136.62 574.12 479 478.97 1.2764 1
287.99 361.22 151.38 52.25 4.6381 1
515.95 449.88 190.98 389.8 6.292 1
449.18 279.99 390.16 350.79 7.4785 1
502.63 516.02 74.011 192.66 4.5671 1
542.82 589.14 11.438 9.5398 4.8422 1
290.37 513.09 151.64 191.67 4.8357 1
514.06 529.09 12.933 12.149 4.0705 1
362.68 501.47 51.632 72.639 3.7477 1
397.55 354.27 196.39 182.42 3.1471 1
511.38 515.19 10.79 1.5484 1.9591 1
511.01 509.37 1.4701 7.9381 3.038 1
392.64 372.85 228.68 222.97 2.7485 1
376.61 390.36 227.93 231.68 2.5206 1
372.89 395.1 191.59 199.86 3.5144 1
280.22 279.88 381.64 351.6 7.7097 1
287.24 284.77 242.85 295.35 2.0406 1
291.18 290.37 160.36 179.12 1.7896 1
290.28 287.77 184.12 240.43 2.219 1
412.88 291.56 206.57 183.22 2.5871 1
339.2 317.88 18.257 16.506 3.208 1
345.38 417.88 13.901 14.071 1.3814 1
474.52 422.01 38.136 16.913 2.7621 1
437.88 401.59 198.9 197.37 2.2338 1
284.3 282.3 297.83 345.35 2.1307 1
404.13 392.87 338.24 338.26 2.5155 1
430.38 397.87 230.37 230.06 2.7237 1
576.65 559.13 40.686 40.148 3.8632 1
299.11 332.8 181.72 188.26 2.1058 1
419.13 385.38 288.59 288.76 2.6156 1
582.9 639.15 30.117 36.387 2.6271 1
445.2 443.8 391.52 410.54 8.2157 1
402.85 308.99 180.5 162.3 2.2376 1
283.33 282.21 369.24 361.72 3.0226 1
490.46 479.88 43.838 40.878 5.2961 1
402.88 414.08 200.36 201.94 2.6503 1
559.26 521.5 39.463 42.7 4.1996 1
362.77 402.85 175.96 183.03 2.1002 1
350.39 341.27 16.719 18.21 2.6362 1
639.13 602.9 39.102 35.154 2.1906 1
377.88 351.62 16.854 17.286 1.5783 1
517.87 491.62 43.503 43.905 2.6335 1
467.9 426.65 192.74 185.21 1.8943 1
392.86 406.63 342.75 341.64 1.8472 1
497.83 474.17 198.13 193.89 1.3598 1
585.7 581.55 17.997 29.097 3.6548 1
