638.98 638.98 412.88 147.88 1.2515 1
136.62 575.37 478.99 478.99 1.2549 1
490.39 315.42 392.39 396.15 6.749 1
210.31 256.57 33.51 28.634 4.3173 1
254.06 209.19 14.665 18.608 4.1314 1
359.12 369.15 37.903 38.227 2.7005 1
532.88 639.13 41.601 42.393 3.2266 1
387.9 398 36.168 36.698 4.7312 1
535.85 487.84 185.56 390.37 10.213 1
311.12 313.44 394.15 195.34 9.1387 1
299.25 276.7 10.731 12.52 4.0347 1
316.62 532.88 187.2 186.2 4.4493 1
307.88 357.8 22.815 30.827 5.0437 1
269.04 294.17 27.015 24.63 4.3872 1
382.92 325.29 21.345 12.165 4.3693 1
1.5255 47.851 20.39 22.222 4.3538 1
312.63 314.39 196.68 86.629 8.3397 1
450.89 537.33 86.364 187.09 7.0645 1
42.879 167.88 28.298 28.967 4.2246 1
449.16 405.18 13.082 20.478 4.7008 1
397.85 462.6 35.245 24.927 5.8873 1
383 375.31 27.267 25.687 2.952 1
205.4 189.21 20.109 18.362 3.192 1
639.13 540.37 38.763 38.404 3.9314 1
174.07 201.7 24.677 22.677 5.1675 1
293.12 308.06 24.925 23.174 4.1611 1
315.63 311.75 408.77 392.49 10.25 1
257.82 269.18 26.129 25.74 6.4601 1
191.66 160.56 7.674 1.8762 4.2903 1
282.8 259.19 6.097 9.5478 4.9474 1
465.39 441.71 6.7969 8.8559 4.5481 1
402.89 387.8 15.673 16.565 3.5959 1
315.37 452.87 85.155 85.503 2.8289 1
440.63 414.23 352.6 359.54 2.9297 1
421.61 441.66 214.76 214.16 2.3882 1
437.87 416.62 211.65 211.45 2.581 1
405.51 435.36 362.49 357.81 2.1541 1
533.74 532.31 29.246 39.397 6.8862 1
446.66 406.62 243.27 244.03 3.3939 1
448.05 430.14 299.79 304.47 2.7347 1
466.58 436.78 206.38 211.32 2.6767 1
230.38 220.35 23.084 23.469 1.6327 1
427.83 392.89 306.15 303.95 3.0362 1
415.29 389.08 210.82 205.58 3.1878 1
211.55 232.87 26.446 25.32 2.4307 1
325.26 306.33 5.5977 7.764 5.0726 1
240.53 215.3 61.31 63.141 5.2584 1
457.56 412.74 52.206 59.542 4.9565 1
544.09 537.35 21.606 33.834 4 1
421.59 444.16 247.29 245.86 1.7074 1
236.67 286.55 58.225 51.124 2.475 1
486.62 466.62 195.54 195.5 1.2713 1
551.58 525.38 44.761 42.843 2.5846 1
461.62 520.38 43.555 43.663 1.3535 1
385.44 421.56 208.7 214.54 2.7041 1
452.88 384.13 195.38 195.38 1.25 1
366.33 324.26 62.944 53.54 2.9851 1
537.56 532.71 1.3538 29.313 4.1749 1
181.68 168.02 12.465 10.575 2.6477 1
480.78 486.17 393.2 410.12 7.905 1
39.137 1.5961 25.065 23.631 2.4027 1
256.64 244.23 57.974 59.818 2.4729 1
527.89 487.88 195.83 195.2 2.4405 1
249.26 248.97 26.687 21.563 2.7759 1
392.25 391.31 19.073 30.349 2.5951 1
394.14 366.51 66.397 64.612 4.7478 1
525.17 528.01 35.043 22.62 8.1472 1
496.63 421.63 335.38 335.38 1.25 1
271.12 269.9 24.17 10.418 2.5289 1
324.06 309.08 53.267 50.601 2.4613 1
560.59 549.22 0.898 17.066 3.3715 1
517.88 457.87 46 46.061 1.3102 1
522.88 317.87 218.01 219.66 2.0745 1
483.33 478.64 407.11 423.63 6.0126 1
394.13 470.38 197.87 197.87 1.25 1
317.87 389.12 216.11 216 1.3571 1
191.87 189.11 16.962 8.7127 3.1672 1
548.48 574.84 35.833 1.2145 2.7918 1
429.13 377.88 281.63 281.63 1.25 1
446.64 459.15 233.93 235.12 2.6075 1
162.13 161.45 16.682 7.7933 2.9654 1
411.61 394.18 60.315 65.566 4.066 1
437.88 470.38 192.88 192.88 1.25 1
147.88 109.13 37.41 36.613 1.8667 1
528.99 531.06 21.611 1.5669 3.8589 1
317.88 317.88 225.38 244.13 1.25 1
459.12 522.87 215.54 215.54 1.2555 1
32.86 9.0939 36.12 36.822 2.462 1
494.13 514.13 192.87 192.87 1.25 1
1.5997 22.865 27.246 28.111 1.4013 1
105.38 86.625 36.625 36.625 1.25 1
76.619 59.031 36.531 37.642 3.5062 1
51.627 34.112 36.759 37.035 2.618 1
