474.62 436.33 151.77 284.04 5.1824 1
436.11 430 284.32 307.78 4.1572 1
638.98 638.97 412.88 147.88 1.2605 1
480.85 474.4 129.79 152.07 6.8571 1
137.87 574.12 479 478.98 1.2645 1
431.1 293 305.44 344.57 8.9787 1
205.93 204.35 195.5 170.28 3.9721 1
204.52 200.92 169.15 34.077 5.0982 1
305.32 479.6 147.39 128.52 7.7572 1
271.76 204.71 316.68 195.05 7.509 1
551.21 619.6 2.8856 25.166 7.6641 1
640.27 546.29 42.943 13.699 13.262 1
618.15 639.88 23.244 30.657 8.364 1
201.63 332.88 33.149 32.526 3.7856 1
214.39 305.93 47.63 146.11 4.3725 1
301.2 293.7 177.94 271.59 2.1443 1
333.23 476.98 33.02 125.51 5.4842 1
285.96 301.08 334.07 150.43 2.7424 1
296.99 281.32 354.44 333.1 10.69 1
291.04 303.94 340.43 179.11 3.091 1
303.9 306.12 176.61 149.18 2.7542 1
282.01 272.01 333.65 316.9 7.2887 1
436.53 465.56 272.85 171.68 1.9219 1
302.91 302.12 152.88 170.4 1.754 1
538.29 519.77 31.576 18.756 3.3227 1
521.93 500.59 14.479 7.229 2.8153 1
428.77 435.77 300.28 275.49 1.5426 1
603.27 590.29 50.85 48.323 4.9079 1
588.92 538.9 49.715 32.279 3.5608 1
421.89 431.56 311.41 323.15 8.9681 1
615.55 624.03 21.171 1.0571 5.2173 1
379.19 306.58 169.67 178.81 2.4887 1
524.1 538.15 17.912 27.469 2.1868 1
425.25 420.75 321.22 333.81 4.5394 1
638.99 603.64 65.752 52.964 3.0525 1
634.43 624.67 1.1656 21.284 4.6683 1
187.87 166.62 2.4178 2.5996 1.3676 1
374.15 362.87 188.21 189.06 2.7754 1
309.22 299.6 360.22 354.57 5.5773 1
306.62 346.6 175.36 170.17 2.4792 1
411.67 429.09 147.18 148.4 3.0156 1
544.13 516.62 6.1352 5.972 2.6038 1
406.65 421.6 176.21 177.08 2.8606 1
