638.98 638.98 412.87 145.37 1.2553 1
135.38 574.13 478.98 478.98 1.25 1
574.7 509.58 158.89 344.29 4.4697 1
222.99 196.09 238.91 68.814 4.6113 1
196.02 280.87 67.307 142.48 4.0627 1
162.04 131.97 22.044 16.107 4.4517 1
340.97 574.55 34.11 158.17 4.5533 1
509.92 369.21 344.66 433.54 8.2883 1
135.33 112.81 29.369 37.7 9.5548 1
10.884 1.5034 42.571 39.496 4.3222 1
334.63 222.7 382.48 238.99 7.3727 1
223.99 340.65 61.052 34.047 4.3746 1
43.039 82.784 38.736 31.147 7.1881 1
83.046 107.83 33.961 36.962 3.4224 1
49.419 25.712 42.968 48.162 3.6974 1
25.272 37.841 44.752 42.67 3.4952 1
110.36 65.437 39.347 36.785 4.3845 1
65.697 50.22 37.691 42.362 3.0024 1
131.45 129.15 14.443 4.1205 3.5307 1
66.64 121.64 23.492 22.162 3.4962 1
360.06 335.02 414.37 382.45 6.869 1
200.47 224.23 43.982 60.219 3.6976 1
367.98 360.77 426.9 414.42 9.1649 1
46.792 1.6993 100.99 113.15 3.1183 1
84.121 66.608 26.322 26.54 2.6865 1
1.5215 54.468 110 95.364 3.4378 1
217.85 196.16 60.411 45.484 3.6647 1
199.2 220.42 43.128 36.762 2.2751 1
196.12 186.74 44.916 38.941 3.1627 1
154.01 150.29 12.913 1.6528 2.7545 1
203.96 226.09 96.651 237.96 2.6012 1
247.76 279.15 30.645 26.802 2.2288 1
506.66 568.05 343.32 167.94 2.4109 1
65.36 49.148 25.403 16.582 4.4888 1
16.785 1.528 73.317 78.858 2.9929 1
230.33 210.25 37.678 42.359 2.6369 1
349.44 320.44 13.86 23.065 2.611 1
8.3179 8.0209 21.587 27.94 6.2432 1
45.182 25.373 5.1932 7.8593 3.3113 1
321.53 353.04 20.082 9.6366 2.3663 1
281.52 394.89 143 240.93 2.9291 1
296.54 240.38 27.213 34.185 2.31 1
2.2336 7.2401 8.8663 20.645 3.4512 1
299.14 317.8 24.239 21.153 1.4244 1
196.7 150.41 89.409 101.77 2.7457 1
158.99 196.8 96.103 86.027 2.412 1
319.2 300.38 23.306 26.667 2.3294 1
74.1 47.879 87.822 100.38 2.7947 1
448.86 395.19 213.54 237.46 2.6683 1
371.57 350.1 2.7697 13.568 2.2523 1
82.83 96.581 30.209 26.464 2.9613 1
227.65 227.28 261.68 251.51 6.246 1
396.59 427.81 240.29 226.47 2.0242 1
73.032 59.058 14.631 15.881 4.9801 1
351.41 315.55 199.38 168.92 1.9054 1
447.64 471.53 217.35 206.41 1.5615 1
96.581 93.536 9.9665 0.97767 6.3013 1
527.75 567.9 180.11 161.68 2.7011 1
230.52 228.81 271.83 262.7 2.9167 1
47.915 37.767 18.28 19.277 2.8548 1
431.78 445.59 224.47 218.37 1.5141 1
