638.98 638.98 411.62 147.87 1.2553 1
254.16 222.87 3.5302 1.6958 3.4468 1
508.22 466.44 187.35 360.03 5.4239 1
136.62 574.12 478.99 478.99 1.2548 1
514.92 508.24 159.95 186.72 7.2695 1
376.11 372.98 1.5201 54.131 6.9941 1
246.44 258.14 44.752 41.243 3.7118 1
465.84 309.55 360.12 392.41 7.8599 1
295.41 270.18 23.148 26.293 5.2743 1
50.291 95.317 36.756 33.357 4.8208 1
283.99 310.45 38.102 34.667 3.7667 1
124.12 134.27 31.572 30.076 4.7641 1
92.956 72.665 17.486 19.396 4.5536 1
272.83 282.92 39.259 38.827 4.0117 1
135.17 147.93 31.02 29.605 3.8673 1
503.99 519.22 153.11 151.05 6.9523 1
404.2 377.83 0.93714 46.077 3.6758 1
242.79 239.58 250.5 215.22 6.7885 1
260.22 269.35 42.009 40.329 3.9143 1
241.62 256.72 7.8627 6.2267 3.4588 1
152.16 140.72 12.654 18.651 5.5358 1
375.36 497.85 52.141 55.246 4.2096 1
243.16 244.06 22.733 40.378 4.8025 1
19.101 33.069 23.007 25.565 3.585 1
499.12 582.87 43.099 43.295 5.1843 1
100.3 124.03 32.897 31.39 3.2875 1
240.41 239.7 214.14 76.616 5.6101 1
593.81 606.35 32.511 1.5148 7.0049 1
1.4532 16.818 24.926 28.224 4.8887 1
221.56 242.81 4.6756 7.1659 3.87 1
380.68 408.74 48.794 1.3974 4.3024 1
605.38 639.05 9.0886 10.672 6.2431 1
615.75 639.71 68.686 73.952 6.9364 1
487.91 381.64 51.643 48.692 3.8527 1
59.177 44.188 19.768 19.351 4.0959 1
101.99 99.456 12.925 31.67 6.3612 1
317.88 504.04 164.18 153.77 6.8604 1
34.139 17.922 21.54 18.842 3.2867 1
365.35 370.38 54.242 1.3878 7.9974 1
211.54 196.43 24.512 21.317 4.6334 1
306.49 309.57 387.87 330.33 2.8522 1
309.85 318.72 329.17 194.1 3.369 1
159.69 155.89 15.898 10.939 4.239 1
305.98 301.94 396.04 384.45 6.3688 1
124.17 114.1 10.563 10.858 4.0045 1
300.93 243.85 386.39 250.69 7.2396 1
46.564 35.265 13.18 10.929 3.922 1
184.29 175.57 19.367 17.953 4.5355 1
305.38 306.93 329.19 299.14 2.3034 1
640.18 613.74 86.226 79.471 11.775 1
501.07 496.04 1.2765 45.309 10.396 1
599.29 590.51 1.249 26.671 3.6298 1
12.894 1.3993 6.5429 3.8318 4.2237 1
168.98 169.44 25.415 12.841 4.8595 1
588.78 595.6 45.185 33.003 6.8051 1
41.488 49.71 30.999 37.085 9.4857 1
95.964 92.656 31.802 19.431 6.5997 1
310.65 310.22 269.11 294.12 1.2926 1
38.744 40.559 20.26 33.935 4.2986 1
379.1 382.11 41.717 1.5677 3.8017 1
306.55 271.36 61.236 67.656 4.8027 1
313.06 306.56 395.61 390.96 5.3739 1
309.76 310.71 259.15 232.84 2.002 1
76.61 89.135 22.346 21.98 1.5784 1
302.15 305.03 379.08 329.1 2.3094 1
312.62 314.79 203.02 187.97 2.1959 1
492.73 479.11 39.989 1.1909 3.7249 1
306.63 306.63 331.63 355.38 1.25 1
307.16 309.37 297.91 260.32 2.4957 1
471.74 488.54 1.1504 49.33 3.7889 1
309.35 307.87 297.89 324.12 1.9518 1
637.29 619.25 10.94 59.171 5.8459 1
318.55 319.66 192.9 167.84 3.3799 1
247.92 248.31 37.915 25.35 2.8047 1
456.65 468.05 362.96 375.43 5.0404 1
565.34 615.36 68.195 66.188 2.3978 1
580.14 592.05 39.439 0.98356 6.3063 1
102.94 135.3 62.215 58.508 2.7683 1
77.89 45.393 69.426 69.734 4.0341 1
309.34 310.67 31.468 22.73 4.9431 1
619.17 597.87 52.043 52.658 4.001 1
232.04 171.85 71.963 60.429 4.6754 1
121.38 122.23 16.646 26.68 2.5967 1
313.11 311.94 236.64 259.14 1.7653 1
311.51 312.58 231.67 204.11 2.2546 1
270.57 245.46 69.02 73.343 3.6957 1
17.26 10.715 27.239 7.3516 7.8754 1
122.89 92.952 63.023 66.116 2.2298 1
418.96 402.82 331.13 336.45 2.7787 1
314.13 314.13 209.13 229.13 1.25 1
459.11 430.29 176.51 181.08 2.9193 1
242.87 371.63 75.66 75.581 2.5704 1
491.05 494.6 244.29 229.24 1.7904 1
499.68 501.27 52.049 45.291 4.5075 1
446.4 424.1 210.75 216.52 2.463 1
485.46 489.24 267.9 251.65 1.5005 1
371.73 506.61 76.431 147.77 6.6937 1
598.74 591.17 50.277 45.394 6.9115 1
240.51 232.71 72.826 72.029 4.2385 1
324.13 355.36 52.872 53.593 2.7301 1
611.63 572.87 70.866 71.134 1.492 1
118.09 118.13 26.63 14.126 2.5039 1
310.83 309.65 1.5564 15.204 5.1975 1
326.92 311.79 409.85 402.54 6.2479 1
461.82 457.08 374.66 387.58 6.1797 1
465.48 469.4 350.4 334.19 1.2888 1
582.89 556.62 50.202 49.966 3.8847 1
171.69 159.11 59.997 57.992 2.0753 1
286.35 318.52 126.87 162.28 5.0433 1
430.38 450.3 204.05 206.07 3.2268 1
616.46 582.48 100.8 87.643 2.8146 1
251.03 250.98 26.622 36.628 1.302 1
310.1 307.81 36.589 54.116 5.2817 1
310.4 322.93 52.196 52.689 2.4489 1
421.67 437.9 266.12 267.66 3.8518 1
440.16 429.36 271.23 277.05 3.3868 1
580.32 569.46 79.34 76.563 2.7317 1
639.26 616.85 106.08 100.68 2.4304 1
356.63 312.87 56.581 55.881 1.69 1
434.13 459.13 171.6 172.65 3.3809 1
321.65 396.65 194.5 189.58 2.3309 1
389.13 322.86 194.23 198.84 2.4072 1
240.85 241.59 44.154 64.173 2.8678 1
