638.97 639 411.62 150.37 1.2727 1
139.12 572.87 479 478.98 1.2636 1
337.51 453.19 25.692 157.44 4.3077 1
452.83 429.32 156.81 307.71 5.2452 1
56.055 67.575 1.9032 25.522 3.3979 1
430.22 291.12 308.61 351.22 8.8839 1
56.117 52.335 20.475 1.2396 4.403 1
89.85 92.754 1.3272 20.582 6.4353 1
206.07 238.57 48.838 127.59 4.3643 1
68.003 67.055 14.407 6.4254 3.7063 1
289.65 284.94 348.03 325.73 8.1132 1
287.08 269.71 325.14 201.37 4.474 1
29.725 48.288 67.841 63.322 4.7944 1
268.19 380.19 201.72 175.81 5.0626 1
233.29 207.75 187.79 59.15 3.9484 1
285.41 261.69 2.4519 3.3898 3.239 1
25.233 24.63 64.22 55.341 2.9469 1
1.4306 28.968 72.574 69.123 4.1871 1
281.76 232.94 326.58 188.29 4.5771 1
60.494 54.049 46.089 35.883 3.0592 1
48.678 61.748 63.57 53.027 4.1122 1
275.5 301.46 7.1288 0.92351 3.5939 1
53.555 61.662 29.717 20.408 5.0474 1
25.594 1.455 74.977 77.494 5.1027 1
49.222 26.299 71.034 74.424 7.7851 1
65.06 52.027 55.034 67.061 4.0292 1
94.134 71.613 21.876 21.666 12.558 1
158.95 136.65 2.0284 6.729 3.3455 1
261.76 205.59 38.721 47.929 4.9138 1
131.63 142.84 2.9371 2.2379 2.8065 1
14.031 1.0979 9.3081 2.6486 6.1952 1
24.677 42.864 55.043 44.107 4.2851 1
49.03 28.716 46.445 57.096 3.8478 1
274.71 293.58 8.632 31.03 2.5668 1
274.08 292.78 36.355 33.523 3.7077 1
288.52 273.25 30.877 12.565 3.0492 1
126.27 120.83 7.0446 1.2033 5.3629 1
67.92 50.336 70.879 72.441 3.4858 1
144.28 105.45 53.493 63.193 2.7308 1
118.99 140.41 56.09 50.497 2.4726 1
448.78 393.12 156.93 93.912 1.3418 1
45.353 17.893 1.4719 5.4951 5.16 1
415.49 448.95 167.14 159.61 2.1366 1
