638.98 638.98 412.87 147.87 1.2539 1
137.87 574.12 479 478.97 1.2814 1
223.36 223.76 260.38 99.124 4.1504 1
348.69 222.58 347.25 260.24 6.1874 1
223.63 223.43 94.119 66.602 5.1856 1
226.36 402.7 67.161 154.47 5.2222 1
223.06 413.59 65.945 2.5162 4.744 1
494.78 483.72 186.89 213.96 4.4168 1
549.34 494.97 52.455 186.46 4.6992 1
483.44 385.49 214.64 315.49 7.0102 1
360.22 342.53 342.64 354.87 10.663 1
329.19 297.78 175.15 165.67 3.3625 1
413.66 549.1 2.9072 51.69 4.1358 1
401.72 546.38 153.01 54.342 4.1784 1
296.45 331.58 134.7 145.52 3.2158 1
339.24 296.66 143.71 131.5 3.9411 1
324.08 288.95 234.28 223.43 3.1057 1
376.84 351.65 247.61 345.38 3.77 1
295.31 326.34 168.1 177.57 2.7943 1
313.87 283.98 282.36 272.05 3.627 1
385.46 359.31 315.47 341.83 7.1482 1
219.88 221.4 296.67 271.61 8.734 1
289.22 313.97 226.33 234.58 2.7655 1
280.42 267.64 155.33 140.58 3.5265 1
281.62 306.39 274.15 283.51 2.9375 1
282 269.45 121.24 108.8 3.5819 1
275.13 262.61 214.3 196.82 2.6239 1
266.84 261.01 257.75 247.51 2.3221 1
639.22 623.24 11.484 1.0632 2.8671 1
288.11 229.36 132.44 101.18 2.4198 1
391.97 377.84 187.65 243.18 3.8337 1
397.89 393.01 163.77 180.77 3.2678 1
226.93 226.89 159.12 206.63 1.284 1
226.66 226.73 75.375 92.875 1.2785 1
226.63 226.97 100.37 155.37 1.4919 1
232.75 264.42 99.354 116.06 2.3934 1
266.52 280.29 197 200.7 2.9723 1
270.34 282.95 139.27 142.59 3.0541 1
266.95 282.92 116.12 126.55 4.1864 1
396.55 378.1 161.77 152.44 1.706 1
326.74 298.19 152.67 137.29 2.4572 1
226.6 226.75 214.13 259.13 1.333 1
271.51 289.24 107.11 111.11 2.9883 1
363.02 345.08 171.35 162.2 1.7501 1
326.61 344.13 149.15 157.86 1.25 1
341.62 329.23 160.38 153.92 1.734 1
360.49 331.53 143.9 129.31 1.7332 1
