638.98 638.98 412.88 149.13 1.2506 1
136.62 575.37 479 478.97 1.2774 1
588.82 517.07 105.96 272.53 5.0689 1
299.15 586.83 164.25 106.37 5.0118 1
222.96 216.1 251.62 71.55 4.581 1
517.77 336.25 273.84 341.47 10.978 1
216.81 472.73 70.855 42.797 4.9911 1
238.69 235.75 219.33 195.48 4.0455 1
237.67 235.68 162.89 140.35 3.6251 1
285.51 223.08 356.54 252.01 4.026 1
472.33 588.26 42.648 104.66 4.0264 1
236.13 235 130.47 110.4 3.395 1
238.83 241.08 201.68 214.22 2.8074 1
237.75 237.16 261.67 242.86 4.0624 1
237.61 249.93 121.83 137.23 3.1245 1
297.16 287.43 354.29 357.96 7.4586 1
269.08 254.22 149.22 142.66 1.6804 1
238.43 253 140.55 147.61 3.9198 1
254.66 241.72 209.64 200.25 3.2141 1
237.46 256.68 110.19 117.74 4.3591 1
241.54 256.33 215.46 229.44 3.0718 1
239.05 242.01 247.89 263.04 2.6933 1
239.07 248.14 155.06 167.69 3.0693 1
246.09 238.61 171.11 160.75 4.0534 1
254.6 241.15 154.63 146.12 3.3427 1
335.93 302.56 341.05 353.77 9.0667 1
309.56 294.75 170.31 351.68 2.772 1
266.45 244.26 284.42 271.4 2.6745 1
249.08 236.13 142.68 126.79 5.3842 1
254.6 240.14 123.19 115.85 3.9766 1
297.46 258.57 196.97 150.85 2.6019 1
261.5 246.87 178.15 171.12 5.2227 1
249.16 264.01 167.81 175.6 2.7398 1
250.4 264.06 137.81 144.27 2.6096 1
230.81 221.38 117.53 105.57 2.53 1
251.02 240.28 231.05 219.08 3.9819 1
297.58 304.89 287.85 195.34 2.4574 1
305.73 306.41 190.39 172.87 1.7862 1
291.99 296.61 270.4 196.7 3.2028 1
298.58 252.12 173.35 119.78 3.3342 1
220.64 231.25 99.916 113.17 2.5409 1
204.55 224.11 270.98 257.31 8.4063 1
243.05 254.91 263.95 275.84 2.6503 1
256.86 266.1 118.86 127.06 3.8441 1
440.46 422.93 139.52 143.16 3.9257 1
223.57 246.91 203.24 238.94 2.254 1
504.08 441.59 126.39 138.93 2.2225 1
262.13 295.39 151 190.36 2.3021 1
296.98 298.68 190.41 174.08 2.8743 1
274.75 297.15 142.32 167.41 2.1656 1
513.02 513.71 280.27 297.84 4.9467 1
265.96 272.87 127.13 136.32 4.7476 1
244.35 226.12 240.23 211.95 2.0782 1
286.42 299.06 148.07 161.69 1.9637 1
531.81 566.72 230.45 149.16 1.6559 1
293.6 296.97 334.08 294.15 2.0864 1
247.68 224.16 195.52 162.85 1.9067 1
236.57 247.45 175.41 190.68 1.5902 1
511.13 506.06 283.29 292.56 3.1869 1
309.13 291.63 361.63 361.63 1.25 1
222.79 223.03 167.88 191.64 1.25 1
286.28 273.73 248.12 230.66 1.4596 1
225.37 225.37 221.63 250.38 1.25 1
252.36 261.34 197 209.33 2.0212 1
221.62 221.62 121.63 142.88 1.25 1
