638.99 638.99 411.62 150.37 1.2552 1
140.37 571.62 479.03 478.97 1.303 1
179.07 136.88 342.57 178.74 4.7325 1
476 448.21 121.27 267.46 5.1028 1
232 250.5 18.757 37.758 3.7273 1
443.46 442.72 31.596 16.571 4.1779 1
455.73 454.84 29.163 7.8453 5.3601 1
476.72 473.31 27.733 55.429 7.5965 1
521.84 523.72 6.5888 17.942 3.2641 1
137.87 351.47 179.26 78.805 7.9741 1
446.97 454.56 56.036 28.22 9.2082 1
325.84 476.9 224.27 117.53 9.0229 1
247.85 382.15 35.476 69.563 6.2915 1
451.45 366.25 265.01 355.02 8.9661 1
492.05 492.11 11.628 1.6127 5.0229 1
542.1 528.49 14.25 66.459 5.8894 1
498.64 498.71 1.6092 10.378 5.0392 1
365.2 293.61 355.17 428.62 6.8539 1
221.61 237.16 16.655 24.279 3.3014 1
292.29 179.01 426.55 342.21 8.2104 1
1.3735 60.219 10.051 0.65125 5.4775 1
293.08 247.67 52.005 41.26 4.7083 1
623.22 624.19 76.711 86.858 6.1028 1
450.74 449.22 19.966 27.893 4.4396 1
527.51 526.88 37.89 22.864 3.9566 1
479.04 477.03 15.577 27.13 7.1759 1
522.06 524.28 61.544 39.265 5.5958 1
335.25 293.43 64.566 52.848 5.2448 1
383.18 338.83 78.191 63.779 4.4879 1
501.42 521.77 9.1227 8.0221 10.931 1
464.88 476.94 7.3723 10.37 8.1832 1
504.98 495.12 49.384 34.293 3.7814 1
231.51 209.06 24.757 20.73 3.4704 1
597.68 621.69 75.759 78.574 9.8549 1
469.58 452.62 58.369 50.678 11.901 1
102.98 25.298 37.634 45.898 3.5176 1
401.09 382.77 83.344 76.924 7.552 1
621.88 601.71 89.596 88.008 9.0173 1
77.903 1.6105 1.7815 15.293 4.1152 1
24.155 1.5454 45.612 48.502 2.9553 1
444.78 446.99 70.558 62.629 5.2902 1
443.85 444.47 86.614 70.436 5.3297 1
161.6 103.88 24.033 36.744 3.0237 1
143.08 155.92 189.07 240.24 1.8463 1
435.92 422.07 63.343 75.865 3.7977 1
350.88 406.79 79.095 96.076 7.1583 1
508.24 498.94 17.745 19.197 8.3738 1
397.72 412.79 71.738 69.725 2.8894 1
207.87 162.75 20.362 23.631 3.4517 1
421.56 406.82 76.268 78.956 3.2404 1
1.4611 99.182 43.839 33.409 4.0085 1
179.7 270.43 203.08 252.77 4.2806 1
277.73 325.83 258.93 224.76 4.505 1
426.56 435.04 61.561 52.563 5.1977 1
545.45 542.52 1.3543 14.044 3.6538 1
530.47 533.97 16.356 1.2983 3.4539 1
472.18 441.38 114.77 103.53 5.9825 1
567.93 580.91 66.564 77.224 3.1728 1
356.94 357.1 15.378 1.6028 10.068 1
637.13 639.08 41.712 30.367 2.8876 1
435.35 400.54 94.226 85.946 2.7214 1
412.96 436.63 81.232 86.589 2.3935 1
545.81 546.68 85.408 74.034 2.778 1
99.181 125.22 31.871 25.952 2.3823 1
194.13 215.4 15.071 15.74 1.9096 1
636.5 638.66 95.586 84.038 3.686 1
