536.46 498.74 133.77 282.78 4.8437 1
543.49 536.27 107.35 133.47 5.2053 1
136.62 575.37 478.99 478.98 1.2583 1
638.98 638.98 412.88 147.88 1.2502 1
169.34 445.49 90.468 46.077 4.7898 1
595.33 639.11 72.158 73.3 4.7703 1
236.57 225.48 360.39 311.6 9.0865 1
639.2 600.41 76.234 77.629 4.862 1
444.79 543.07 45.05 107.05 4.3692 1
510.94 553.08 31.974 49.904 4.4777 1
217.74 215.07 264.41 251.43 4.2151 1
215.15 197.5 250.42 166.44 5.416 1
178.86 169 124.69 92.531 8.27 1
500.67 467.33 28.362 15.554 3.9633 1
465.18 511.24 10.851 29.473 4.6106 1
226.9 217.82 310.57 265.14 4.4119 1
561.52 508.44 56.889 35.248 4.541 1
202.86 540.08 177.79 107.68 4.5927 1
553.2 587.6 49.576 68.382 4.0066 1
506.33 245.91 283.5 363.04 9.4238 1
197.03 180.86 168.64 124.4 4.5828 1
582.86 561.26 74.142 57.948 3.0007 1
112.9 1.5825 2.1262 8.366 4.4072 1
639.19 597.9 64.852 63.419 3.5743 1
604.16 639.19 59.747 61.715 3.8278 1
206.54 176.03 265.67 126.48 4.2316 1
598.1 639.25 78.606 96.346 3.4848 1
639.52 593.21 100.76 79.646 4.6336 1
1.6028 46.634 4.2107 3.3517 2.8571 1
463.54 460.42 12.151 1.255 4.1195 1
57.867 86.617 2.6945 1.4488 1.8441 1
509.45 501.02 34.402 29.313 4.7067 1
221.13 206.73 311.78 264.96 3.5842 1
520.24 532.31 185.34 137.73 1.5541 1
509.97 514.51 226.53 207.97 1.5363 1
192.81 174.05 89.887 92.246 0.92694 1
256.53 235.37 79.754 82.87 1.4188 1
217.82 196.58 86.139 88.749 1.2615 1
534.35 538.65 129.18 111.51 1.4776 1
