137.88 574.13 478.98 478.98 1.2517 1
638.98 638.98 412.88 147.88 1.2557 1
219.69 192.03 246.93 70.116 5.243 1
318.73 606.03 20.33 114.69 4.6326 1
192.29 318.37 69.583 20.398 4.4788 1
447.32 275.07 403.69 287.68 9.7968 1
605.29 532.73 116.09 296.57 4.553 1
36.944 48.248 21.996 19.772 3.6358 1
453.69 446.54 395.86 407.82 4.2919 1
229.11 219.34 254.15 247.56 4.1465 1
45.396 35.398 25.204 25.054 3.8055 1
0.84788 9.1042 34.134 31.558 3.7759 1
15.115 0.031852 35.006 45.609 9.8413 1
507.56 460.74 211.91 364.24 4.417 1
16.579 4.0503 20.903 21.7 5.3864 1
532.53 473.99 296.63 371.52 5.5138 1
453.27 453.27 386.62 394.13 3.7507 1
460.59 454.07 364.57 385.74 4.0443 1
96.492 83.168 46.986 42.079 3.2099 1
238.55 229.11 262.37 255.04 7.4565 1
274.91 238.06 287.43 262.04 7.1373 1
473.71 454.82 371.6 396.2 4.7969 1
161.47 98.154 75.746 48.478 3.8533 1
85.051 100.04 38.649 44.933 3.1606 1
198.32 505.06 73.156 213.56 4.3819 1
102.86 168.44 46.656 74.489 3.5591 1
603.62 508.24 117.36 213.24 3.7948 1
168.84 71.62 74.701 115.36 3.3515 1
70.395 157.63 111.67 76.014 3.1437 1
32.455 35.632 1.259 8.4604 4.0701 1
132.74 164 32.409 23.682 2.463 1
165.28 190.47 23.685 18.332 2.2619 1
192.88 220.56 17.888 11.153 2.3309 1
248.11 212.86 2.1912 16.585 2.7387 1
111.73 129.1 40.644 34.049 1.6558 1
221.61 242.73 10.343 1.2954 1.8077 1
31.627 17.873 22.874 22.851 3.7701 1
208.02 185.41 17.169 23.007 2.773 1
231.61 224.12 269.14 257.43 3.074 1
34.468 27.307 16.463 1.303 2.7319 1
171.51 132.72 24.906 34.777 2.5102 1
223.88 201.43 89.672 79.556 2.0542 1
