366.56 415.1 15.666 26.578 3.9046 1
461.8 486.59 40.609 37.603 3.4218 1
312.95 369.16 1.2927 13.982 4.288 1
270.92 252.56 304.06 142.63 4.8267 1
638.98 639 411.62 149.12 1.2642 1
490.37 461.69 40.349 43.478 4.4282 1
139.12 574.12 479.02 478.97 1.291 1
414.38 309.36 30.629 3.2315 5.259 1
405.89 581.62 219.8 84.123 5.2963 1
414.55 450.36 26.535 37.925 3.8458 1
451.64 466.51 37.744 39.141 2.8399 1
442.27 415.13 40.641 29.736 4.4118 1
253.6 443.97 140.6 43.819 4.3825 1
497.74 517.14 25.042 17.278 4.1811 1
516.3 500.28 20.867 27.639 3.1465 1
499.24 489.47 31.774 39.561 4.1087 1
573.15 531.95 109.67 238.83 5.0191 1
386.75 269.53 389.76 303.57 7.2568 1
456.61 495.37 28.085 27.467 3.7097 1
517.8 539.12 28.85 30.457 2.399 1
566.63 504.45 79.096 60.528 6.0968 1
582.01 572.71 84.621 110.67 5.9701 1
548.84 544.07 1.548 19.443 7.1685 1
505.22 457.89 59.67 46.565 4.45 1
467.76 453.94 30.048 34.851 3.1316 1
464.11 512.87 45.453 57.886 3.136 1
491.63 466.61 30.328 29.588 3.0533 1
533.14 391.86 240.53 388.16 6.6911 1
458.21 443.68 44.466 39.079 6.1226 1
602.91 639.24 29.86 32.553 3.7397 1
632.94 597.71 36.119 31.708 3.4124 1
517.91 523.64 18.738 0.67727 10.288 1
544.15 517.9 23.591 23.256 8.9407 1
580.17 566.86 82.503 79.383 3.7268 1
511.61 500.23 34.254 32.71 2.6454 1
580.9 593.92 9.9338 25.548 3.2012 1
572.98 562.16 2.1604 4.3636 6.3737 1
151.51 1.4208 0.713 20.039 4.0759 1
613.6 606.74 1.3904 16.816 4.4421 1
1.5598 126.46 16.11 0.28355 3.9492 1
254.36 404.18 142.44 221.52 4.9755 1
585.89 572.71 20.956 4.2584 3.4599 1
534.39 520.39 33.14 31.462 3.4258 1
614.03 575.22 82.076 73.59 2.6345 1
589.08 574.16 30.141 33.062 2.4534 1
256.63 271.81 149.12 286.6 2.042 1
582.95 615.43 72.489 78.858 3.1509 1
627.82 582.9 118.07 105.28 2.422 1
585.37 627.74 102.88 114.62 2.5982 1
563.02 587.98 40.022 36.068 2.9216 1
507.76 513.8 54.936 36.118 6.2885 1
33.066 10.631 2.0474 12.192 6.2099 1
561.66 583.07 15.199 19.396 2.9827 1
591.87 569.1 37.743 42.753 2.8322 1
600.48 584.13 2.8933 4.2182 2.7907 1
602 597.35 34.295 44.456 3.8332 1
561.64 576.65 20.308 22.75 1.8361 1
