478.67 452.37 144.91 241.14 5.0561 1
452.18 433.3 240.88 308.55 4.6197 1
638.98 638.98 411.63 147.88 1.2544 1
481.76 478.65 132.91 144.34 3.9468 1
136.62 575.37 478.99 478.98 1.2542 1
485.36 481.44 122.34 131.55 5.0902 1
214.22 212.09 195.68 170.23 6.1243 1
212.45 207.03 169.19 31.609 4.7181 1
570.62 575.33 21.966 1.3291 3.7612 1
433.86 290.95 306.74 340.33 10.135 1
298.94 484.49 138.31 122.07 9.9789 1
287.78 301.16 336.7 141.68 3.5916 1
297.13 285.94 164.16 327.83 2.1643 1
271.68 213.97 314.13 196.09 7.2369 1
283.62 296.08 329.17 141.59 3.0579 1
575.3 640.08 10.64 28.054 9.5664 1
289.65 271.88 349.47 314.61 7.2492 1
639.99 573.1 39.763 21.279 12.951 1
425.95 435.73 310.71 324.62 5.1672 1
446.59 472.7 250.37 155.33 1.8779 1
428.77 423.68 321.15 335.21 5.5523 1
440.58 445.28 271.68 254.1 1.4465 1
339.44 480.78 33.601 119.28 8.7695 1
626.78 609.09 55.36 53.192 5.5957 1
620.21 627.87 47.339 49.132 3.0036 1
210.28 231.85 36.452 35.032 6.4007 1
257.94 300.12 88.915 137.16 7.0652 1
305.38 293.47 355.37 349.22 6.8094 1
266.59 281.64 35.42 35.622 4.9995 1
232.85 265.39 34.841 34.58 7.7103 1
290.34 302.95 34.654 35.44 3.8205 1
595.11 560.24 51.179 39.538 2.3788 1
