467.47 445.53 142.66 307.9 5.6805 1
620.32 616.35 6.611 21.211 4.2747 1
638.99 638.98 412.88 147.88 1.2599 1
222.72 225.27 1.3826 12.899 3.6617 1
136.62 574.12 479 478.98 1.2676 1
209.46 184.55 246.36 100.09 4.7459 1
608.2 596.35 25.322 23.804 6.3581 1
101.53 97.325 24.146 5.4992 3.226 1
613.42 618.07 15.552 1.2823 4.3405 1
187.61 339.43 102.07 192.37 4.501 1
99.98 105.01 3.8993 22.97 2.871 1
96.331 99.032 17.961 27.169 3.8997 1
107.75 103.96 24.15 5.4083 2.9458 1
88.979 96.572 1.1077 17.314 4.599 1
445.36 341.83 304.94 366.96 6.2454 1
61.445 70.122 30.621 36.97 3.1395 1
216.72 215.23 15.365 1.3738 3.7289 1
107.51 109.94 11.439 22.966 1.8572 1
60.268 63.588 15.128 30.491 4.0277 1
51.858 55.481 14.058 26.594 3.6026 1
19.416 14.929 24.409 9.257 3.1943 1
59.252 54.413 26.892 6.5564 3.9375 1
50.329 49.454 26.707 12.934 2.733 1
516.88 608.76 6.1038 19.213 7.4201 1
2.3613 9.6421 8.755 23.243 3.362 1
35.452 26.984 27.08 5.2359 4.2565 1
32.938 40.152 14.087 26.004 3.4333 1
338.06 466.32 190.86 141.59 7.1714 1
11.76 7.1449 21.579 8.1254 3.1072 1
639.28 621.4 8.5921 10.045 6.5331 1
26.418 36.731 26.262 28.671 4.5048 1
479.12 507.73 1.6319 4.3641 5.4527 1
592.52 450.92 28.78 5.7529 11.787 1
148.08 159 10.878 6.3301 2.4036 1
9.0172 20.485 24.553 27.439 4.5517 1
345.23 214.7 376.78 253.45 8.4891 1
607.1 639.48 44.859 48.469 10.363 1
185.69 297.01 100.47 74.52 5.1613 1
226.56 309.03 11.099 0.83235 4.0351 1
280.26 232.8 0.62481 5.9873 4.1263 1
297.18 464.67 74.678 139.69 5.0317 1
615.52 606.65 33.252 36.698 4.6606 1
67.338 62.847 25.043 15.388 2.2667 1
595.38 605.38 33.913 34.112 7.4985 1
513.19 499.13 34.254 30.359 4.9491 1
448.46 453.46 264.2 224.2 1.7054 1
333.64 331.46 360.38 197.86 2.6506 1
497.87 448.93 32.875 25.435 4.3203 1
94.573 103.2 26.473 51.938 3.9528 1
159.94 162.27 7.9327 25.455 3.5526 1
639.66 514.1 60.304 34.23 5.8183 1
363.58 346.5 379.67 374.52 7.066 1
162.64 145.84 34.698 40.483 3.9917 1
334.43 334.86 216.62 267.88 1.6463 1
424.93 418.9 245.08 253.97 2.8476 1
455.33 459.82 210.37 176.72 1.6524 1
87.891 52.848 61.062 60.079 2.464 1
414.12 426.74 195.37 193.91 2.7703 1
444.63 444.56 316.61 329.12 6.316 1
336.04 336.7 319.11 360.37 1.6675 1
424.36 404.27 10.111 6.9502 3.4409 1
448.1 428.21 24.813 17.009 3.784 1
433.95 471.58 16.047 25.566 2.774 1
639.22 616.57 35.187 33.735 4.3021 1
444.26 445.75 296.64 282.92 1.5132 1
51.638 1.6225 60.19 56.661 3.2857 1
510.26 530.44 29.674 33.8 2.1989 1
406.52 417.9 286.69 285.67 1.799 1
416.69 431.77 170.66 167.29 3.6598 1
163.79 163.01 25.345 34.024 2.7153 1
320.54 272.91 185.1 156.56 1.7463 1
335.36 336.25 286.63 315.39 1.9445 1
339.55 338.73 364.15 336.64 2.9106 1
570.42 585.49 40.192 43.599 1.7703 1
145.59 128.63 40.746 50.792 4.2604 1
472.88 482.91 25.312 26.316 1.7417 1
547.9 569.19 36.491 39.992 2.0448 1
166.51 176.66 21.88 20.661 2.6312 1
104.14 91.62 61.21 61.125 6.2925 1
124.82 111.18 51.364 60.989 2.5809 1
177.86 199.04 20.271 17.246 2.1214 1
