137.87 575.37 478.99 478.98 1.2637 1
638.98 638.98 412.88 146.63 1.2533 1
205.28 167.1 288.89 102.52 5.5193 1
277.69 603.74 31.231 100.94 4.5356 1
492.78 274.98 413.09 320.87 10.1 1
569.55 494.84 228.56 410.89 6.4832 1
166.29 277.47 103.05 31.691 4.5546 1
214.55 203.3 292.83 289.1 4.3463 1
604.19 571.14 102.24 228.4 7.3981 1
274.76 213.58 320.56 294.54 10.816 1
170.13 570.54 103.72 219.8 4.0105 1
72.863 1.132 104.17 84.69 3.8736 1
1.4681 81.153 80.965 102.15 4.2365 1
79.891 36.474 103.3 128.87 4.2484 1
1.7326 70.022 144.31 104.77 3.3558 1
29.085 96.356 55.253 33.302 2.5893 1
138.96 121.63 16.34 26.637 2.3519 1
126.76 147.79 20.578 6.4986 2.4472 1
36.037 1.2191 128.99 149.69 3.0199 1
120.62 83.299 27.27 41.487 2.559 1
155.78 139.74 2.088 16.08 2.7253 1
109.46 124.35 28.643 22.144 1.4573 1
12.651 28.973 63.626 56.287 2.1653 1
