638.98 638.98 414.12 146.62 1.2538 1
139.12 575.37 479 478.97 1.277 1
221.76 482.89 66.743 41.784 4.6755 1
301.85 594.24 160.36 107.28 5.1506 1
523.02 289.24 274.56 354.47 10.925 1
596.96 520.9 106.32 273.11 8.0614 1
224.58 223.83 94.218 67.813 6.177 1
227.52 224.46 247.83 95.318 6.1691 1
576.11 597.52 93.768 106 5.5815 1
285.51 227.65 352.11 247.31 5.6658 1
241.54 241.64 156.62 136.63 2.588 1
241.41 241.57 127.86 106.62 3.8344 1
241.89 240.89 214.17 190.35 4.6291 1
239.78 241.6 252.8 237.87 3.8407 1
243.92 266.19 105.82 116.12 5.0628 1
274.2 254.17 145.21 136.52 2.3747 1
483.21 575.64 42.277 93.652 3.8903 1
256.73 243.84 202.7 194.58 2.7457 1
272.81 256.22 175.54 168.88 2.3202 1
244.72 254.11 190.34 195.41 3.9822 1
259.39 246.64 149.96 141.61 3.4611 1
244.81 256.85 136.53 142.4 3.9183 1
269.26 252.24 231.32 223.95 3.5943 1
268.86 254.19 279.61 271.5 2.1878 1
259.94 247.88 118.76 112.87 3.4513 1
205.69 227.38 267.82 252.19 8.2346 1
243.58 259.46 118.33 137.39 3.8456 1
243.56 245.96 197.76 211.74 3.098 1
246.9 258.39 212.59 223.64 2.8455 1
251.83 243.65 223.94 214.54 3.2817 1
243.26 244.71 244.08 256.56 2.4835 1
249.02 266.17 159.27 171.04 3.6739 1
294.17 299.12 250.49 192.87 3.6998 1
237.64 226.24 81.845 69.478 1.2137 1
301.99 280.01 169.89 144.44 2.4919 1
255.83 247.61 169.81 163.2 3.8983 1
299.83 300.91 186.67 170.33 3.7418 1
312.9 309.76 165.38 191.7 2.2776 1
307.58 303.7 217.73 257.83 2.9331 1
252.66 242.72 136.81 125.35 4.2809 1
247.37 243.07 163.72 155.96 3.2805 1
246.58 227.87 67.397 69.09 2.2646 1
266.11 277.64 116.99 133.04 4.2185 1
310.08 307.74 192.85 217.98 2.5175 1
273.18 260.19 135.12 119.27 3.6928 1
496.57 469.23 128.81 133.51 1.8281 1
292.38 294.26 277.84 252.79 2.3066 1
303.81 295.86 257.97 339.17 2.2444 1
228.29 239.26 96.02 110.27 2.287 1
236.06 227.4 112.37 100.73 2.4955 1
267.86 292.62 147.89 179.32 2.1119 1
279.51 298.77 138.59 161.92 2.1258 1
288.64 281.75 179.49 170.28 2.0016 1
285.4 274.04 356.7 360.1 4.309 1
301.49 302.91 252.86 235.38 1.7523 1
