184.68 143.16 282.44 111.25 4.7943 1
136.62 574.12 478.99 478.98 1.2593 1
479.06 448.81 125.15 301.36 4.5678 1
638.98 638.99 412.87 147.87 1.2603 1
144.06 474.14 110.54 125 4.9768 1
472.91 479.2 97.573 124.4 3.9363 1
464.99 471.95 56.957 91.305 4.1721 1
472.76 482 90.485 99.973 4.4074 1
200.35 464.14 50.135 57.389 4.564 1
520.33 557.9 5.8169 6.8039 2.8953 1
467.63 193.1 307.41 287.28 10.472 1
527.96 460.41 9.7188 1.3664 3.8349 1
477.95 520.49 0.93206 5.5364 3.1902 1
591.64 529.09 10.932 9.2103 3.4275 1
557.83 639.23 6.1616 11.103 4.0422 1
639.27 591.6 15.12 10.623 3.569 1
151.23 178.36 130.47 242.76 2.1774 1
179.01 186.92 245.4 278.11 2.097 1
165.49 149.15 115.26 113.85 2.9192 1
456.54 467.65 201.61 131.59 2.2137 1
462.27 470.97 205.49 154.23 1.628 1
216.62 172.86 116.9 115.81 1.4676 1
458.67 461.79 227.8 207.9 1.3103 1
145.39 161.32 106.64 90.078 2.0111 1
424.12 394.13 59.221 58.83 1.3313 1
464.24 462.4 167.89 181.73 1.7336 1
337.88 302.88 56.625 56.625 1.25 1
