203.28 160.72 296.22 123.73 4.7457 1
136.62 574.12 478.99 478.98 1.2642 1
638.98 638.99 412.87 146.62 1.2554 1
505.41 500.75 121.18 147.14 5.4881 1
500.76 473.54 147.72 297.77 4.5937 1
162.88 502.89 124.4 120.74 4.5026 1
479.14 204.09 302.6 300.16 9.9471 1
497.35 505.9 103.76 120.74 3.9416 1
160.42 203.71 124.15 59.686 4.5372 1
494.86 499.92 91.923 100.64 3.4174 1
204.14 472.91 59.761 54.48 4.8813 1
473.82 491.19 54.88 90.584 4.2211 1
525.38 447.87 5.3528 1.6292 3.2058 1
562.88 582.88 1.625 1.625 1.25 1
636.66 602.82 13.965 5.5886 3.9766 1
615.41 639.67 4.0302 12.565 4.1719 1
601.67 526.63 5.31 3.9772 4.5553 1
639.84 632.39 43.279 36.975 4.4777 1
583 614.22 1.5092 4.3955 3.3888 1
477.88 561.63 1.625 1.625 1.25 1
632.86 638.97 33.511 20.906 3.4764 1
109.13 49.129 1.7672 2.1635 1.539 1
165.39 205.42 129.12 291.61 2.2146 1
491.71 478.82 295.58 301.26 5.5836 1
489.94 493.65 151.54 131.54 1.6852 1
491.72 494.4 181.64 164.17 1.25 1
422.87 395.38 59.013 59.166 1.2708 1
180.37 166.59 126.57 127.25 1.6805 1
352.88 329.13 60.375 60.375 1.25 1
