135.38 574.13 478.98 478.98 1.2523 1
638.99 638.97 414.13 147.88 1.2624 1
530.58 523.29 125.99 152.43 5.7371 1
523.17 484.8 153.55 300.55 5.9471 1
619.17 639.24 90.178 94.866 3.2873 1
157.95 444.29 86.071 56.991 4.9837 1
576.02 604.65 65.045 83.972 4.1357 1
542.94 575.36 50.244 65.403 3.7058 1
496.84 535.43 24.908 42.748 4.3565 1
206.96 165.8 359.75 173.48 6.1027 1
444.59 530.24 56.354 124.61 4.2778 1
528.07 491.7 42.426 26.452 3.7118 1
166.13 156.92 176.8 86.467 5.8374 1
490.35 209.66 303.99 364.13 9.7737 1
581.69 540.4 72.748 52.82 4.853 1
605.59 582.31 93.882 73.351 4.1338 1
639.33 622.87 98.308 96.684 5.9743 1
535.36 542.65 44.142 49.431 3.313 1
169.11 527.89 175.27 125.47 4.4878 1
616.56 639.29 83.684 80.175 3.6976 1
620.56 639.33 98.777 108.74 3.3803 1
639.47 606.63 113.58 92.868 4.8494 1
490.65 473.57 8.5633 0.21048 3.9923 1
639.21 617.81 83.63 86.1 3.6768 1
491.34 493.98 5.1924 19.153 3.453 1
540.34 522.2 52.213 40.722 4.998 1
490.56 489.01 21.754 8.9874 2.6319 1
