638.98 638.98 411.62 149.12 1.2519 1
136.63 572.88 478.98 478.98 1.2507 1
434.05 290.38 311.29 344.14 6.7601 1
491.11 431.16 126.89 311.04 9.7245 1
307.8 490.6 141.82 128.38 5.9215 1
345.68 490.76 30.53 128.51 7.6415 1
214.92 214.85 189.13 31.625 7.5355 1
215.36 345.39 29.004 30.783 4.2816 1
578.37 639.07 10.072 29.303 9.7924 1
414.17 394.16 186.87 190.58 2.5978 1
401.61 421.63 161.31 160.44 2.7168 1
410.52 383.03 241.02 247.31 2.8914 1
294.24 277.21 356.55 330.37 11.007 1
366.51 344.14 296.43 293.96 2.6317 1
444.12 310.34 161.53 173.7 2.8297 1
640.65 571.83 41.916 19.644 14.341 1
243.46 309.28 62.377 140.25 5.9438 1
397.82 412.8 192.57 189.94 1.8139 1
277.83 216.61 330.89 199.22 9.7928 1
357.88 370.41 247.77 248.44 1.5856 1
310.39 397.9 170.53 163.14 2.8767 1
375.38 354.09 246.62 244.53 2.5875 1
387.88 365.46 189.06 187 2.375 1
308.26 310.45 166.66 144.13 2.4543 1
387.81 401.59 248.72 246.44 2.0583 1
409.24 427.68 175.77 178.14 3.5602 1
436.32 418.85 151.51 155.35 3.785 1
392.8 413.99 231.2 233.11 3.3985 1
391.54 370.54 291.25 296.09 2.5303 1
624.12 609.02 56.64 55.319 4.981 1
369.17 383 190.08 191.97 1.8022 1
305.46 292.89 360.22 352.85 6.4697 1
301.44 307.92 234.24 175.38 2.6117 1
391.65 372.87 157.67 155.41 3.5744 1
386.57 401.55 279.76 281.16 2.7218 1
216.65 190.39 2.5303 3.397 4.0366 1
409.27 436.55 144.41 148.42 4.947 1
479.1 410.38 137.56 142.97 2.2668 1
400.38 384.13 144.13 144.13 1.25 1
560.37 539.12 10.714 10.441 1.4104 1
426.88 426.08 323.08 334.09 8.5452 1
291.1 294.8 325.45 290.45 2.689 1
295.77 297.44 288.01 267.84 1.8665 1
287.09 290.88 322.93 290.29 2.6865 1
424.14 441.61 160.5 159.01 1.7766 1
607.84 574.13 55.496 45.343 2.7691 1
363.1 378.97 184.72 178.72 2.0525 1
376.62 356.61 145.36 146.34 1.795 1
538.03 525.45 18.558 15.116 1.7519 1
292.85 294.5 275.37 252.9 1.25 1
573.96 560.15 44.5 38.386 1.9108 1
639.26 623.1 66.292 59.809 2.084 1
371.9 384.14 149.74 147.96 4.2524 1
