638.99 638.98 411.63 150.38 1.2615 1
137.87 574.12 479.01 478.98 1.2804 1
247.64 499.29 229.95 94.431 4.7364 1
472.56 496.51 48.571 35.172 4.883 1
480.67 464.96 49.655 58.386 4.6109 1
446.42 473.12 56.784 51.677 5.8501 1
497.76 478.7 38.881 48.254 3.4203 1
497.01 487.16 95.444 123.5 9.6237 1
464.23 433.81 58.515 63.402 4.2082 1
130.45 373.59 144.32 52.704 6.674 1
465.28 276.28 259.32 409.34 7.7598 1
489.58 459.76 120.66 261.04 9.1861 1
9.1236 25.586 12.873 3.2356 9.9985 1
279.26 268.21 407.49 411.77 6.9939 1
425.41 442.75 54.178 43.907 3.0276 1
534.29 525.65 1.6631 38.899 11.719 1
504.38 508.09 26.382 11.071 11.192 1
469.12 436.61 49.01 49.443 2.8326 1
594.76 583.06 40.557 47.275 3.2393 1
270.55 173.95 410.19 314.28 9.9879 1
521.55 501.53 39.587 40.329 10.086 1
575.39 555.35 1.7922 3.882 4.2483 1
499.81 498.99 34.368 24.037 7.5752 1
578.73 586.59 43.758 35.343 6.3348 1
593.64 576.1 0.96816 13.861 7.3177 1
175.03 133.96 314.85 145.07 10.68 1
605.22 593.47 9.6231 35.529 8.3905 1
431.61 448.05 56.454 55.163 5.4737 1
547.04 538.7 24.287 22.822 6.5883 1
444.04 476.58 43.587 42.036 3.6873 1
535.2 522.81 46.288 52.757 3.3734 1
335.08 300.19 30.416 22.451 3.2055 1
305.17 347.02 13.633 25.2 4.232 1
191.67 129.05 4.3628 16.245 3.8988 1
565.06 547.05 21.013 24.094 8.4466 1
579.39 557.22 53.485 63.004 3.1148 1
412.56 385.61 56.129 44.824 4.2394 1
145.27 177.85 7.2836 1.5069 2.9765 1
34.008 8.0586 8.8068 18.373 5.5561 1
431.52 413.83 61.967 56.298 5.8601 1
492.2 496.45 72.518 49.555 10.743 1
600.32 580.39 57.164 55.19 3.2391 1
597.97 626.4 49.633 53.354 3.7183 1
384.15 345.35 45.271 35.466 2.6777 1
211.59 191.67 1.2989 3.2832 2.8593 1
553.02 571.68 58.51 54.384 2.8524 1
127.86 1.6311 15.189 27.936 3.2163 1
589.07 597.91 17.573 6.3903 8.0038 1
625.71 639.59 53.11 57.734 4.7428 1
281.72 269.38 5.1043 0.87509 2.7703 1
345.03 334.5 34.97 30.707 3.4762 1
398.22 427.43 40.685 51.563 4.2735 1
470.35 446.4 76.709 69.934 2.6974 1
413.3 458.91 67.896 83.505 8.4363 1
472.66 452.89 112.48 122.9 1.5073 1
485.34 470.66 80.512 76.77 2.7079 1
122.85 144.17 8.8137 7.1877 2.3026 1
389.08 414.04 60.531 67.355 8.9868 1
268.3 261.79 400.46 339.11 4.2373 1
445.46 430.47 70.16 63.904 2.6894 1
379.22 396.76 37.397 40.961 1.9718 1
26.59 80.35 18.82 12.66 2.8719 1
82.843 99.109 12.358 11.36 1.4773 1
455.51 480.64 63.648 70.669 2.5491 1
101.65 121.64 10.692 9.2806 1.599 1
374.22 388.98 56.218 59.724 4.4084 1
257.72 254.37 298.1 276.78 3.5107 1
259.73 258.02 330.43 311.5 3.1633 1
