262.88 231.62 25.202 24.298 4.7811 1
638.98 638.98 411.63 146.63 1.2503 1
136.62 574.12 479.01 478.97 1.2792 1
493.36 467.48 202.95 380.13 6.2399 1
314.13 292.87 2.953 4.004 1.9891 1
292.83 314.12 7.4786 5.2927 3.1255 1
256.25 279.5 65.057 59.438 4.2729 1
116.64 100.66 1.6542 8.5288 2.9637 1
496.64 494.47 180.22 197.76 6.0482 1
317.79 264.29 38.684 48.754 4.1334 1
230.36 266.63 28.659 28.318 3.997 1
296.56 293.86 427.08 411.89 7.8218 1
280.14 321.45 59.213 50.779 4.8481 1
285.52 495.54 194.1 169.29 6.0701 1
390.34 510.36 63.164 58.627 3.3268 1
360.24 496.79 93.12 167.57 4.3899 1
466.63 299.08 381.63 423.96 7.2783 1
291.64 287.25 337.77 230.45 7.0034 1
293.87 293.17 382.92 357.8 6.3172 1
127.53 146.77 62.41 58.591 4.4349 1
107.95 86.436 48.18 53.336 4.9627 1
156.76 144.09 2.1779 5.2403 2.7637 1
244.14 226.55 48.897 47.848 3.9665 1
197.75 209.18 59.514 58.836 3.6693 1
322.67 301.81 32.924 36.465 3.4879 1
143.99 157.75 8.3883 5.9472 3.6924 1
387.33 386.23 1.5482 62.89 8.6592 1
204.15 184.12 4.5653 4.8616 2.4628 1
287.66 286.34 222.97 202.89 3.4126 1
507.82 391.61 55.195 60.017 3.3787 1
166.81 157.56 38.131 44.949 4.2373 1
294.16 293.09 357.81 337.86 2.7637 1
156.74 142.93 43.592 45.752 5.4021 1
45.24 72.964 5.0139 2.688 4.7819 1
175.37 189.15 57.746 57.049 3.8715 1
265.29 280.66 26.495 16.402 4.8968 1
77.582 110.32 70.096 63.832 5.6157 1
265.4 251.86 43.044 45.438 4.1279 1
145.26 170.44 59.627 55.808 3.6311 1
295.71 293.56 394.31 383.49 5.8855 1
100.42 117.11 11.746 5.3923 3.8371 1
120.97 114.56 41.474 44.931 3.2058 1
167.9 197.82 7.0752 8.1964 3.9347 1
263.92 262.35 1.4761 16.827 6.9799 1
285.17 285.65 200.55 194.24 3.6433 1
197.68 208.24 8.4237 5.4266 3.2667 1
290.34 288.56 356.63 337.81 2.1827 1
240.07 226.42 268.11 104.04 5.9343 1
182.87 202.87 2.0629 2.1917 1.3546 1
120.23 126.73 62.237 62.728 3.8335 1
290.62 241.37 412.79 272.53 5.4829 1
225.64 206.56 48.412 45.874 4.3817 1
621.56 627.61 21.169 3.6467 7.0889 1
51.646 79.418 14.217 7.9155 5.1014 1
219.33 230.03 22.432 27.369 3.8408 1
515.45 607.94 45.425 40.201 6.4306 1
227.94 360.36 102.57 93.848 3.7769 1
309.62 297.06 438.52 423.75 9.6199 1
179.5 172.76 37.701 40.029 3.9526 1
416.57 290.35 212.46 228.92 2.9127 1
626.58 639.33 2.0886 3.4298 4.6446 1
320.14 278.7 76.961 87.434 4.6196 1
114.42 113.78 44.178 62.906 6.6304 1
379.19 381.01 54.041 1.5604 7.7939 1
639.12 602.78 95.393 83.153 3.6158 1
290.38 290.38 316.63 339.13 1.25 1
322.9 375.34 68.388 65.84 2.4009 1
16.449 27.039 65.865 63.417 5.1531 1
507.49 490.25 42.514 1.1542 3.557 1
396.43 428.09 58.459 1.0521 3.805 1
606.32 639.13 81.35 91.609 2.756 1
32.387 20.13 44.645 41.265 3.7394 1
417.97 404.09 235.67 240.25 2.3866 1
31.758 46.797 63.768 61.532 5.4469 1
109.76 107.61 61.742 50.425 5.6751 1
421.77 401.69 298.36 304.35 2.626 1
605.51 577.9 77.206 71.52 3.5292 1
418.03 394.28 1.0625 47.311 3.6649 1
13.373 4.365 43.127 38.636 5.5868 1
60.443 50.407 8.0782 8.5481 2.6726 1
292.24 292.01 407.86 394.12 1.4588 1
377.9 322.91 68.293 71.129 2.046 1
415.81 397.92 353.87 361.73 3.1554 1
458.56 469.07 385.92 396.68 8.8176 1
289.22 385.43 226.07 213.31 2.8814 1
260.39 260.12 57.875 46.631 2.6801 1
393.14 394.54 45.423 1.5984 3.5342 1
116.5 145.23 92.192 87.084 2.4614 1
320.68 320.85 49.132 41.608 2.5818 1
53.908 55.727 59.16 70.318 3.7011 1
483.32 503.36 0.91709 48.921 5.8686 1
276.63 254.21 89.134 94.494 4.3344 1
402.88 374.15 240.42 241.16 2.5962 1
254.21 211.46 94.72 89.119 5.2824 1
515.45 512.13 1.283 49.073 11.794 1
367.93 304.14 193.37 200.5 2.0752 1
418.02 406.7 202.38 204.52 2.9201 1
625.29 613.77 46.835 41.994 7.5817 1
35.841 31.528 57.717 45.006 6.3415 1
401.6 364.09 206.3 205.09 2.3379 1
375.38 399.12 244.2 243.93 1.2929 1
434.14 421.56 198.23 198.79 2.4426 1
639.13 624.1 45.438 47.735 4.0846 1
597.35 603.62 39.57 32.266 5.556 1
102.99 70.345 98.576 103.94 4.714 1
325.32 297.8 352.64 358.81 1.6186 1
210.54 176.72 89.165 84.683 3.5532 1
286.62 286.62 235.38 255.38 1.25 1
137.71 103.94 90.876 98.264 2.3279 1
406.6 427.85 208.68 207.43 3.5231 1
322.16 319.19 70.599 77.698 5.282 1
395.39 375.37 305.84 306.38 1.7478 1
384.11 403.05 208.01 209.85 2.4825 1
319.93 319.43 54.107 66.687 4.0455 1
412.85 431.62 225.87 226.64 2.8056 1
519.9 517.37 56.429 46.437 4.2492 1
410.3 426.64 288.59 290.25 3.4788 1
602.42 606.09 29.842 19.377 7.2029 1
605.24 610.29 19.666 0.92799 7.3347 1
442.98 419.18 208.59 211.98 1.5964 1
467.87 421.69 181.62 187.2 2.074 1
607.89 590.38 47.713 47.888 5.0246 1
622.83 599.15 68.355 69.64 2.4963 1
319.17 305.41 8.0263 11.767 2.1904 1
420.39 435.38 193.61 193.33 1.4852 1
466.46 465.5 405.27 417.88 3.9281 1
