288.02 294.39 332.93 162.88 4.9638 1
638.98 638.98 414.12 149.12 1.2541 1
294.95 294.07 165.41 154.03 4.2239 1
137.87 574.12 479.01 478.97 1.2814 1
294.88 294.3 152.93 132.83 4.1471 1
522.93 457.11 185.82 385.96 7.1246 1
294.44 386.94 134.54 30.515 7.3694 1
532.45 523.78 52.848 186.85 5.833 1
296.42 520.47 135.08 183.69 7.354 1
454.91 289.56 385.65 335.55 8.2567 1
297.36 291.12 170.35 330.4 2.3654 1
288.52 290.03 358.1 336.87 9.6123 1
384.1 400.22 181.69 188.25 3.0442 1
400.49 386.46 182.59 177.05 3.702 1
298.66 297.41 142.84 161.59 2.0794 1
387.56 530.41 31.017 55.157 7.2211 1
542.6 538.99 1.2661 16.594 3.0778 1
437.89 427.85 186.37 185.91 2.5546 1
397.81 386.3 216.79 212.48 3.2187 1
453.21 450.68 388.12 404.37 7.1361 1
293.79 292.28 369.31 356.7 5.8575 1
432.86 422.83 219.32 218.41 2.9417 1
