283.63 286.56 254.18 145.41 4.2926 1
286.69 287.27 141.65 111.66 4.0829 1
281.8 283.28 307.92 255.32 4.3299 1
638.98 638.98 412.87 147.87 1.2501 1
516.62 489.79 155.8 235.18 4.6373 1
136.62 574.12 479.01 478.97 1.2863 1
443.33 281.64 365.11 307.85 6.7208 1
489.69 446.03 235.57 363.92 4.7282 1
286.63 399.12 111.81 13.046 4.4453 1
546.02 516.27 41.466 155.28 4.1091 1
290.15 510.23 112.51 168.45 6.3251 1
278.72 285.22 327.21 311.06 7.4243 1
375.21 395.4 163.47 169.03 3.4055 1
289.69 284.91 146.64 305.36 2.5814 1
399.11 377.85 165.41 159.22 3.7525 1
284.37 283.55 342.91 319.1 7.7523 1
394.08 376.68 198.08 193.88 3.0588 1
290.65 289.74 115.39 139.1 2.069 1
398.8 544.13 13.306 41.574 5.0454 1
375.43 390.36 197.68 201.68 2.7384 1
404.11 379.12 308.55 308.05 1.5708 1
416.61 391.62 259.8 259.4 2.6403 1
435.35 417.85 169.46 168.32 2.9827 1
380.37 366.68 256.65 252.69 2.4017 1
426.63 412.89 201.11 200.86 3.7943 1
334.24 311.67 156.18 150.19 1.9228 1
310.49 291.61 149.88 145.44 2.2923 1
639.2 622.86 5.1058 6.4242 4.5418 1
416.61 429.14 205.22 204.37 2.6634 1
381.7 396.69 147.58 151.36 1.25 1
