456.56 451.84 115.41 106.51 3.8987 1
171.52 127.27 277.57 112.37 4.8732 1
453.69 456.4 131.75 141.33 3.6078 1
453.18 447.43 139.68 129.9 3.6094 1
447.33 442.91 189.36 179.11 3.4443 1
458.03 459.63 108.84 116.78 3.9386 1
457.93 443.44 141.67 159.58 4.8151 1
440.74 446.93 201.82 190.54 3.3945 1
442.06 439.25 236.54 222.85 2.6999 1
128.97 437.92 112.23 137.36 4.8106 1
136.62 574.12 478.99 478.98 1.257 1
638.98 638.98 411.63 147.88 1.2506 1
441.82 451.21 170.89 189.34 3.9902 1
446.87 453.17 151.76 140.54 3.5251 1
450.99 442.04 190.01 205.61 4.638 1
436.56 444.92 211.5 230.58 4.6573 1
440.17 439.19 155.36 170.54 7.6459 1
450.2 458.28 100.55 108.72 3.5644 1
459.96 451.44 117.52 127.72 4.3222 1
437.93 433.73 185.38 208.03 7.7393 1
437.9 437.14 171.5 179.18 2.612 1
445 438.46 231.49 249.34 4.0673 1
443.95 440.69 130.76 150.63 8.393 1
453.44 450.43 72.751 89.361 4.3591 1
433.81 432.5 209.1 225.24 4.242 1
251.62 452.79 60.406 70.719 4.5779 1
433.48 430.53 224.74 239.41 7.6087 1
406.63 312.88 3.7846 1.4567 3.5231 1
451.89 445.36 87.683 121.38 7.0474 1
489.2 401.78 13.47 3.9763 3.1377 1
387.91 426.59 1.0371 3.4838 2.2582 1
426.69 524.19 3.5919 14.771 3.4646 1
433.07 441.02 248 235.8 2.8263 1
442.77 434.97 203.99 209.83 5.2491 1
430.76 422.72 240.28 314.11 4.3921 1
526.52 592.76 16.474 22.855 3.6871 1
579.08 490.25 25.702 13.769 3.7528 1
639.14 580.36 26.171 24.858 3.4492 1
444.02 396.32 319.2 315.56 9.0967 1
395.75 179.55 315.38 282.6 7.8504 1
481.59 450.4 1.2476 4.3522 3.7316 1
592.88 639.14 22.097 22.675 3.2659 1
440.75 431.49 241.91 254.02 3.7377 1
127.05 143.02 111.02 100.6 2.1822 1
154.95 173.91 202.99 274.18 2.0216 1
135.05 154.52 129.21 201.52 1.9967 1
214.03 132.76 122.93 116.86 4.44 1
426.12 429.95 194.08 150.45 2.9698 1
261.65 214.14 126.34 122.66 2.9819 1
418.88 420.54 270.35 251.64 1.0628 1
135.37 160.32 120.42 122.38 1.3058 1
421.11 424.18 249.08 210.38 1.9401 1
144.12 164.21 99.119 84.237 2.6798 1
176.35 174.87 300.41 289.36 3.8822 1
430.57 429.03 174.01 187.86 2.3475 1
400.38 380.38 70.375 70.375 1.25 1
446.63 429.13 72.875 72.875 1.25 1
