464.78 445.22 90.155 253.96 5.077 1
135.38 574.13 478.98 478.99 1.2532 1
638.99 638.98 412.88 147.88 1.2659 1
201.39 170.95 217.66 70.256 4.6838 1
353.44 463.73 142.66 90.945 4.7431 1
444.95 357.37 253.55 318.44 4.6895 1
173.5 353.21 70.672 143.31 5.2982 1
1.2785 9.4993 13.803 16.872 4.3875 1
554.08 639.37 7.253 13.086 12.044 1
171.69 278.03 69.363 39.672 3.948 1
639.22 559.1 19.392 11.851 3.1626 1
639.18 560.23 26.128 16.606 4.0039 1
559.38 487.93 15.191 2.5481 3.7787 1
365.63 206.75 329.38 224.54 9.3047 1
525.3 534.23 5.9664 7.0355 2.0361 1
486.72 466.67 3.2397 1.1814 2.87 1
561.61 639.26 14.236 22.875 2.4847 1
489.25 524.31 0.66873 5.153 3.0569 1
535.37 550.3 7.9087 10.778 2.2191 1
278.91 461.37 39.922 90.05 3.8669 1
415.11 354.07 139.85 170.27 2.2823 1
433.21 426.72 144.87 156.68 3.0101 1
428.89 424.54 192.78 203.8 2.5696 1
356.37 401.42 166.11 143.71 2.3098 1
417.94 431.87 146.93 144.06 3.6732 1
452.78 457.46 164.11 126.57 1.8623 1
106.31 89.199 14.631 21.802 3.3814 1
446.15 452.81 219.06 166.62 2.0079 1
411.47 426.78 196 192.25 3.3204 1
420.27 433.24 121.18 118.24 3.7685 1
415.68 391.7 161.75 166.98 2.9049 1
414.14 392.88 135.45 140.41 2.0684 1
412.88 421.73 237.89 235.83 2.435 1
49.125 1.6266 44.162 44.422 2.7533 1
347.65 271.61 144.68 114.17 2.0634 1
386.71 364.18 328.57 325.05 6.7532 1
65.633 50.086 37.148 44.822 3.9016 1
88.734 74.306 21.578 31.878 3.7784 1
127.85 109.19 1.4977 4.5144 2.4306 1
348.35 346.32 290.37 150.36 2.5179 1
433.98 453.97 127.58 117.57 1.6866 1
40.068 49.897 16.262 41.809 3.6799 1
391.67 366.7 131.73 143.05 1.667 1
350.38 350.38 222.88 247.88 1.25 1
404.48 414.67 240.99 235.06 3.2418 1
