638.98 638.99 411.62 150.37 1.263 1
139.12 572.87 479 478.99 1.2598 1
467.82 442.72 166.4 314.31 4.8336 1
279.29 266.39 13.857 5.7492 3.4469 1
442.98 305.57 315.66 364.94 8.0724 1
285.48 277.33 13.12 16.614 4.8235 1
338.08 467.72 41.464 165.59 4.5551 1
44.785 51.793 26.895 42.227 3.9302 1
43.501 40.173 44.234 25.192 4.77 1
276.94 258.07 17.957 22.462 3.5379 1
141.86 120.72 24.015 28.312 3.4664 1
19.248 32.854 90.971 90.066 3.158 1
1.3498 18.956 96.341 93.183 3.4704 1
121.71 157.36 25.655 14.906 6.002 1
46.489 2.7023 93.308 100.59 6.1688 1
24.962 1.1407 0.75164 5.385 5.1804 1
41.953 45.982 56.227 46.887 3.6009 1
57.609 54.114 44.171 24.127 5.5699 1
71.767 80.313 9.83 31.649 6.935 1
214.44 195.17 12.817 19.824 8.0096 1
210.81 254.33 68.887 149.02 4.4885 1
31.476 26.734 11.695 1.5739 2.8655 1
32.831 50.856 89.822 78.652 4.8038 1
30.752 41.452 1.4194 21.038 3.3918 1
49.874 46 17.442 10.736 3.5832 1
236.96 212.79 204.06 82.892 4.1509 1
46.015 37.229 23.217 7.5367 2.9237 1
259.22 247.87 10.842 11.46 2.4284 1
55.564 43.218 76.809 89.492 4.5499 1
257.82 336.84 57.611 41.441 3.6739 1
268.13 294.23 23.703 15.734 3.8508 1
290.58 391.84 216.14 188.67 4.1709 1
161.63 172.88 6.3852 6.4189 1.2725 1
162.65 178 13.898 17.312 6.5086 1
51.628 40.988 71.623 57.092 3.3671 1
172.86 155.34 8.6126 9.2038 2.3721 1
180.37 202.94 6.5442 5.6481 3.3006 1
68.887 83.038 53.472 48.323 2.4569 1
80.326 79.87 29.058 37.849 5.2522 1
190.47 154.23 22.043 18.12 3.8312 1
307.44 301.82 360.96 344.87 8.7288 1
63.026 71.156 0.38161 9.5416 5.6094 1
179.11 190.38 18.507 18.576 2.5691 1
154.02 142.64 20.029 23.331 2.2456 1
263.99 236.7 265.99 204.65 5.8412 1
290.04 279.93 4.1341 11.478 3.1309 1
97.891 83.541 19.095 11.6 2.8936 1
136.87 96.979 73.797 84.229 3.4608 1
79.652 68.204 43.357 40.365 3.1974 1
113.41 108.08 28.643 22.69 3.5174 1
250.43 210.69 59.393 67.011 3.7848 1
305.96 292.14 342.95 217.68 4.1571 1
37.694 20.781 70.024 78.737 3.3 1
213 209.64 82.455 71.467 2.7562 1
96.614 143.04 81.585 68.448 3.04 1
111.98 111.38 1.6522 9.3949 3.5435 1
107.25 100.22 15.691 1.7019 2.8138 1
261.72 285.94 25.279 49.815 1.9855 1
299.76 264.15 345.09 266.05 4.4841 1
69.67 59.794 40.717 46.955 5.4118 1
27.766 44.116 71.328 65.351 2.348 1
119.32 95.597 45.841 55.899 2.5775 1
94.275 118.08 53.237 43.359 2.1997 1
282.08 261.06 51.152 29.676 2.7369 1
77.829 47.785 88.896 94.928 2.2098 1
35.692 1.2733 21.44 31.694 7.0855 1
396.78 463.84 187.16 168.11 2.2409 1
412.81 388.09 1.3868 8.5968 1.7 1
453.96 459.44 229.1 195.43 1.5794 1
54.199 69.187 90.806 88.24 1.443 1
1.5572 27.938 9.9615 12.098 3.1983 1
320.38 335.39 14.189 13.046 1.8158 1
445.5 418.16 149 122.58 1.25 1
440.38 443.35 310.38 290.45 1.25 1
444.26 447 287.89 269.18 1.25 1
337.89 324.11 15.57 16.351 1.7433 1
10.279 1.3772 17.125 15.414 3.2105 1
