135.37 574.12 478.99 478.98 1.2653 1
638.98 638.99 412.87 146.62 1.2583 1
536.19 489.28 122.42 296.67 5.8015 1
161.8 448.02 84.487 54.286 4.9371 1
213.61 174.51 357.45 174.76 5.9493 1
448.43 536.61 53.778 122.01 5.0494 1
542.87 589.21 46.643 68.952 4.1726 1
174.52 161.73 176.92 85.187 5.613 1
495.49 212.66 299.64 363.15 9.9579 1
619.16 639.28 86.458 90.944 3.6512 1
496.48 535.67 21.955 39.734 4.5644 1
524.12 496.4 37.885 25.89 3.4751 1
590.95 541.71 74.185 50.209 4.3477 1
587 611.16 69.729 83.681 3.8271 1
176.59 532.98 173.85 122.34 4.6346 1
497.3 487.86 27.189 17.894 2.8965 1
639.26 622.83 94.594 93.464 4.8168 1
535.47 543.36 41.471 46.555 3.4556 1
607.28 583.56 90.794 72.007 4.1235 1
490.79 492.59 2.9835 16.825 3.5577 1
639.54 609.99 109.71 90.991 4.7537 1
489.36 488.63 17.959 9.0632 3.0042 1
541.34 522.7 50.206 37.546 4.8773 1
620.65 639.51 94.847 104.63 3.4541 1
639.2 619.03 79.824 82.048 3.3071 1
613.95 639.29 80.557 76.345 3.4974 1
259.1 241.61 77.533 78.976 1.6571 1
517.62 525.14 179.06 151.56 1.5239 1
294.08 275.29 73.718 75.843 1.5231 1
221.6 202.89 81.312 82.996 1.5812 1
