183.08 146.3 235.33 78.908 4.6594 1
136.62 575.37 478.99 478.98 1.2588 1
147.62 405.45 79.159 131.28 4.9532 1
639 638.98 412.88 147.88 1.2666 1
461.03 443.42 95.132 229.03 4.0769 1
462.86 460.6 80.17 94.161 6.6047 1
464.14 462.6 70.166 79.29 3.2783 1
372.74 462.62 56.303 69.573 4.5399 1
441.08 442.18 172.92 186.58 2.5922 1
443.23 394.85 229.35 307.55 4.5586 1
437.37 439.61 189.27 177.97 2.7099 1
449.96 449.86 99.122 114.13 2.5576 1
564.04 587.85 2.5259 1.1994 2.4266 1
639.28 493.16 24.476 -0.051762 3.7601 1
436.02 436.66 215.4 231.62 2.8447 1
515.54 639.19 0.65714 21.229 3.4873 1
431.83 448.27 103.66 99.419 4.0598 1
390.17 191.01 310.86 242.28 9.3435 1
445.43 431.74 104.26 109.44 3.5072 1
433.84 444.39 128.17 125.02 3.2356 1
409.99 390.13 313.92 310.56 8.2113 1
404.73 394.16 159.08 305.47 4.1272 1
405.77 431.71 129.53 104.22 3.6858 1
607.8 561.61 2.1001 6.4362 4.8208 1
406.1 404.73 132.84 154.24 3.6629 1
441.79 430.15 129.4 136.24 3.1663 1
422.8 434.46 218.9 215.16 3.23 1
147.13 237.09 77.718 36.379 3.8671 1
178.69 185.77 202.98 232.78 1.9153 1
166.46 178.05 150.41 200.34 1.9577 1
150.87 164.32 85.557 141.58 1.8936 1
327.81 172.82 119.47 88.13 3.3024 1
560.35 547.84 5.473 1.7392 2.7531 1
237.77 371.67 36.102 56.343 3.1328 1
407.21 431.52 152.28 125.28 2.4158 1
425.16 410.65 136.44 153.11 2.1283 1
395.25 395.84 162.9 137.86 2.4993 1
190.78 186.94 260.27 245.62 3.3701 1
369.01 329.1 127.18 119.25 1.9568 1
171.69 152.73 87.567 83.578 2.0618 1
460.02 445.63 81.3 96.865 1.7664 1
433.29 424.42 109.37 116.72 3.5202 1
388.74 392.37 274.11 202.85 2.0521 1
393.21 394.18 199.13 164.09 2.4643 1
387.8 388.03 301.62 277.88 1.262 1
