136.62 575.37 478.99 478.98 1.2646 1
638.98 638.98 412.88 146.63 1.2528 1
193.93 156.22 281.41 97.702 5.53 1
518.78 514.77 272.74 283.12 4.8481 1
275.12 587.42 32.651 109.71 4.7418 1
514.94 509.58 283.5 298.04 5.0672 1
523 518.76 260.42 272.3 5.1291 1
532.94 528.11 232.07 246.28 4.4274 1
466.08 191.69 415.26 282.74 10.015 1
527.8 523.26 246.6 260.08 5.1501 1
157.18 274.61 96.598 32.505 4.3803 1
492.63 468.75 346.99 412.28 7.3303 1
537.3 533.37 223.84 231.89 4.5477 1
508.26 505.67 301.76 309.23 4.3625 1
506.32 495.82 309.94 338.04 9.3809 1
587.77 566.9 111.05 159.78 7.3848 1
496.25 492.61 337.58 347.31 8.0459 1
566.82 552.52 160.09 193.26 9.8565 1
550.53 536.91 192.95 223.13 4.7377 1
60.4 49.13 9.0636 8.8461 3.8458 1
556.75 520.04 194.95 292.75 3.0716 1
158.92 533.99 98.476 223.28 4.096 1
81.568 4.5854 98.057 73.907 3.7186 1
1.3236 92.283 68.839 97.268 4.1777 1
93.386 1.4726 97.727 146.34 3.527 1
34.034 61.535 57.654 46.406 2.4205 1
62.807 131.61 46.389 26.559 2.3811 1
1.5094 82.376 141.4 99.413 3.3065 1
518.29 511.58 294.79 311.61 3.2482 1
172.86 177.32 164.13 186.74 1.4864 1
131.58 111.63 28.987 35.379 2.3344 1
161.6 136.84 14.077 27.039 2.1627 1
133.12 161.69 25.832 10.503 2.392 1
9.3589 27.973 69.607 60.577 1.7707 1
108.85 93.897 36.833 40.758 2.4785 1
210 199.83 302.01 292.15 2.8012 1
