638.99 638.99 411.62 149.12 1.2505 1
139.12 574.12 479.01 478.97 1.2887 1
212.46 237.03 11.76 2.7157 5.9243 1
352.75 347.71 306.91 349.11 8.5399 1
241.92 222.8 2.0711 14.654 4.7826 1
363.07 351.23 179.03 306.59 5.0671 1
195.25 159.41 322.62 162.53 6.2265 1
159.18 215.73 161.3 81.513 5.2279 1
261.95 241.55 16.846 46.575 3.6798 1
369.72 398.49 148.02 31.16 4.7626 1
212.26 202.55 0.53681 6.0606 3.5602 1
472.87 463.11 7.8713 11.079 9.0932 1
345.45 196.17 349.91 324.29 9.3867 1
215.86 233.76 81.098 55.121 3.1569 1
447.85 479.17 16.861 16.106 3.779 1
462.86 452.83 11.238 11.576 3.8322 1
398.88 261.4 31.569 17.576 7.7968 1
181.58 139.04 13.283 8.6147 4.7279 1
111.63 179.19 1.6064 5.4378 5.0369 1
163.03 360.23 163.02 190.2 6.4751 1
219.36 191.51 18.388 15.143 7.305 1
90.475 44.109 3.6598 2.0995 4.787 1
201.62 211.64 9.4332 9.5028 3.7847 1
378.74 356.63 191.55 306.63 3.7744 1
42.898 29.122 2.1972 1.7212 1.5514 1
137.92 90.125 9.8935 5.763 5.4271 1
394.91 378.68 57.818 191.72 3.9112 1
451.72 438.55 11.305 7.2325 3.3871 1
376.42 364.74 130.33 178.97 2.77 1
190.61 181.6 15.255 14.429 5.0932 1
179.17 197.98 7.4563 9.3399 4.105 1
251.65 219.21 23.82 20.741 3.0246 1
439.41 438.51 56.618 20.359 3.0925 1
443.91 444.74 19.13 55.361 2.6133 1
351.3 352.5 270.35 254.1 1.25 1
