139.12 574.12 479.01 478.97 1.2881 1
638.99 638.98 411.63 149.13 1.2589 1
277.05 331.84 8.2673 19.286 4.4359 1
334.03 281.76 24.514 12.297 5.5783 1
280.41 194.52 13.895 -0.70222 5.4605 1
543.06 559.4 5.7007 9.0469 9.2947 1
226.81 276.52 0.6376 9.702 4.5929 1
352.94 214.79 375.24 312.91 8.0818 1
218.71 184.03 311.99 153.33 7.4142 1
555.41 530.37 15.737 15.45 6.3785 1
402.61 334.21 40.302 25.009 5.7529 1
331.66 360.53 19.883 18.493 5.8219 1
402.66 484.73 162.71 57.643 8.6208 1
183.9 326.35 155.88 47.911 8.7988 1
507.36 527.86 0.41114 12.902 4.2187 1
470.48 402.85 53.56 40.488 5.662 1
510.43 467.87 4.4719 1.6606 3.4008 1
351.65 395.46 26.487 33.605 3.2385 1
188.96 364.1 157.11 215.46 4.3684 1
529.94 509.86 18.541 5.4931 3.3518 1
371.6 346.72 20.23 24.66 4.2653 1
479.64 453.62 78.49 206.27 7.8277 1
387.93 372.97 11.092 9.47 2.755 1
455.39 353.6 206.12 378.82 10.712 1
345.36 377.88 6.448 6.1061 2.8021 1
400.35 415.37 4.5616 5.4299 1.6807 1
367.85 345.1 8.9187 12.199 3.8784 1
412.88 395.38 1.625 1.625 1.25 1
480.4 470.58 55.222 53.887 4.2212 1
361.35 369.07 17.423 12.79 3.8587 1
377.5 371.08 14.797 18.96 2.7777 1
574.14 534.09 91.546 84.305 3.4541 1
335.16 344.35 11.121 7.146 2.7908 1
462.81 489.05 40.827 44.613 2.8192 1
483.94 444.25 47.549 39.735 2.9742 1
417.88 400.38 7.9746 8.1246 1.3249 1
391.08 391.7 31.566 12.795 7.6189 1
535.44 565.37 81.285 86.672 2.1158 1
573.51 578.26 19.39 8.0353 5.5775 1
512.86 485.35 80.435 75.542 2.1061 1
30.31 1.4683 2.6102 9.741 3.0002 1
359.95 359.21 290.36 307.93 2.7635 1
532.81 517.94 84.418 81.304 1.7358 1
363.63 361.37 222.85 267.92 3.7453 1
357.19 356.63 325.39 355.38 2.7767 1
359.57 357.64 310.67 321.8 3.1025 1
