638.99 638.98 411.63 149.13 1.261 1
137.87 572.87 479 478.98 1.2693 1
462.74 437.87 166.39 314.33 4.6096 1
280.4 267.68 14.082 5.6769 4.8811 1
441 302.67 315.95 363.53 7.8677 1
294.91 293.33 1.3206 10.234 3.7211 1
37.996 57.284 7.8135 45.676 4.0349 1
45.462 42.62 39.11 22.703 4.5483 1
77.3 82.777 13.926 32.536 7.267 1
267.5 260.63 7.4232 13.18 3.9857 1
201.6 209.13 10.93 11.016 5.0283 1
59.842 55.658 39.249 21.268 5.4365 1
51.489 46.792 14.208 6.5228 3.1998 1
336.4 461.53 43.107 167.98 6.1881 1
22.19 45.294 89.714 82.613 3.8637 1
58.196 43.765 73.174 88.703 3.9864 1
52.923 38.057 30.35 1.531 2.5735 1
208.52 247.17 68.797 144.49 4.9033 1
215.69 200.75 13.748 19.227 7.7855 1
289.93 278.14 11.819 18.354 8.9838 1
43.863 50.541 53.976 42.257 4.3443 1
234.9 208.64 205.22 72.723 4.2211 1
24.054 1.3372 1.1829 4.8347 4.9366 1
1.3594 19.197 93.779 90.81 3.6991 1
68.052 76.618 0.7432 14.607 4.9107 1
284.33 380.41 216.16 191.75 4.46 1
14.962 31.792 78.555 66.379 4.331 1
277.72 271.43 18.718 21.104 3.224 1
241.3 234.74 223.42 204.34 7.0549 1
300.95 295.6 360.56 341 9.2128 1
53.491 43.724 70.389 55.641 3.8441 1
271.7 252.88 21.23 21.899 3.6588 1
299.14 284.9 339.27 217.78 4.5896 1
55.043 1.3462 90.606 98.472 6.515 1
266.94 296.78 26.388 17.132 3.8689 1
54.914 56.964 63.936 72.494 3.5959 1
136.56 169.44 20.073 13.098 5.818 1
114 115.18 1.5094 13.023 5.3562 1
122.88 137.9 24.154 21.772 3.7037 1
261.75 249.14 10.884 11.793 3.381 1
80.486 62.907 44.278 43.446 10.402 1
165.25 125.72 18.62 28.071 3.4098 1
283.95 335.7 53.212 43.314 4.911 1
262.99 284.44 57.254 53.323 4.59 1
109.9 103.84 14.355 1.7645 3.3371 1
167.88 181.63 14.637 14.673 7.5099 1
292.59 242.15 341.75 223.37 4.7395 1
41.618 22.293 67.86 76.586 3.6385 1
70.286 84.372 52.64 47.273 2.0583 1
249.26 210.41 59.912 66.806 5.0027 1
184.13 204.14 6.7007 5.8181 2.9381 1
105.17 88.342 20.765 11.98 2.9414 1
266.27 286.72 28.2 50.288 2.6156 1
138.24 95.543 73.13 83.561 3.4573 1
192.8 166.61 23.349 19.2 3.4473 1
281.51 263.31 50.485 31.216 3.4837 1
174.13 160.4 9.0499 8.4813 1.611 1
37.297 1.0855 20.083 31.102 6.4473 1
102.89 130.32 77.958 71.403 2.4315 1
436.4 457.52 304.09 177.82 1.8388 1
161.63 184.12 5.5145 5.0058 2.7538 1
160.34 150.47 7.932 1.4778 2.4539 1
5.4225 31.577 8.5912 10.917 3.1544 1
117.87 101.9 46.617 53.509 2.4762 1
17.886 1.5194 15.076 14.469 4.9966 1
