638.97 638.99 412.87 149.12 1.2681 1
136.62 575.37 479 478.97 1.2744 1
584.24 512.82 98.103 264.82 5.7527 1
212.69 211.53 94.243 67.824 4.8304 1
217.11 215.23 196.6 152.83 4.5534 1
215.24 212.72 151.69 95.326 4.9743 1
219.34 216.99 246.73 196.67 4.2451 1
299.18 582.06 159.37 98.665 6.2157 1
513.51 503.28 264.25 266.91 5.1087 1
284.73 218.83 351.25 246.81 3.9281 1
211.8 467.69 66.847 36.294 6.1132 1
235.68 231.89 159.28 136.79 3.9194 1
234.49 231.68 126.77 109.12 3.7032 1
235.87 240.39 198.09 214.12 3.455 1
234.32 234.62 254.13 239.14 2.5749 1
235.71 233.48 214.22 191.69 3.5941 1
291.79 282.45 350.82 354.22 8.0128 1
467.34 584.52 36.401 97.018 4.441 1
234.82 240.46 144.35 158.34 1.9851 1
235.41 246.89 118.89 132.65 2.8813 1
236.03 247.99 190.3 196.4 3.9548 1
238.9 234.77 262.95 250.58 2.3692 1
504.28 289.72 270.03 352.96 11.499 1
309.2 294.16 164.13 345.38 2.9251 1
265.01 243.08 279.77 267.5 2.9221 1
235.03 250.61 136.09 143.64 3.9197 1
253.35 235.39 150.82 140.36 3.4186 1
227.53 215.14 113.32 99.329 2.6246 1
216.06 230.59 95.862 112.69 2.5801 1
268.05 251.67 144.98 137.78 2.1502 1
250.99 236.13 118.06 111.5 3.9355 1
248.11 237.74 202.52 195.57 2.49 1
248.75 238.48 249.66 242.55 2.2214 1
244.13 251.76 216.62 222.71 2.7335 1
237.84 242.14 252.19 261.95 2.6569 1
243.68 236.68 221.96 212.51 3.497 1
304.09 306.86 187.87 165.56 2.7805 1
299.79 304.33 249.18 191.54 2.717 1
241.62 256.6 159.13 169.16 3.106 1
252.24 243.5 226.53 221.74 3.8894 1
246.83 235.07 137.67 125.64 5.4011 1
198.16 220.06 270.43 252.78 8.1925 1
246.77 236.69 169 157.68 4.5661 1
247.4 263.03 132.62 140.05 2.5736 1
296.67 269.92 191.58 162.04 2.9048 1
275.39 299.97 132.86 158.26 2.8378 1
291.22 296.08 266.68 192.84 3.6599 1
298.58 271.72 168.4 140.29 2.8709 1
296.1 298.35 185.3 169.02 2.6891 1
248.28 265.36 109.84 122.89 4.2072 1
293.49 296.92 322.82 280.4 2.0516 1
267.92 249.24 135.34 115.27 2.8721 1
260.82 294.4 147.48 185.13 2.241 1
272.01 296.8 136.26 162.71 2.1679 1
297.55 299.37 275.35 251.55 2.1101 1
240.48 220.04 234.05 204.36 2.3801 1
222.08 243.03 202.56 232.77 2.6025 1
243.91 220.48 189.29 159.05 2.0994 1
507.94 502.58 273.55 283.97 5.0502 1
243.2 252.61 262.5 270.68 2.2526 1
240.3 256.08 180.44 200.8 1.8539 1
238.78 222.58 104.45 86.897 1.6955 1
219.12 219.12 161.63 182.88 1.25 1
