437.69 189.99 321.14 260.7 9.6987 1
137.87 574.12 478.99 478.98 1.2628 1
157.54 445.53 96.533 136.78 5.0564 1
638.99 638.99 411.62 146.62 1.2516 1
467.22 474.1 127.57 141.03 4.477 1
464.77 463.71 159.03 192.82 7.1445 1
471.76 478.4 103.48 115.77 4.3991 1
456.17 457.59 214.06 231.75 5.6834 1
190.89 157.31 256.78 95.96 7.0862 1
459.76 451.21 231.3 247.71 5.5421 1
455.82 451.91 235.25 221.2 3.412 1
315.33 477.7 58.306 74.573 5.102 1
465.7 457.32 189.21 206.95 6.593 1
639.14 559.12 2.8845 2.1151 3.0648 1
448.34 431.17 140.11 274.23 5.8933 1
495.36 432.81 15.53 8.473 3.4845 1
490.43 432.82 6.7593 4.043 3.1571 1
639.25 495.51 38.298 15.74 3.9437 1
484.04 639.01 10.911 34.869 3.8366 1
431.69 311.8 9.617 -0.49053 4.0956 1
405.38 482.9 1.2759 2.5046 2.6185 1
434.2 482.94 5.9211 11.049 2.7479 1
430.08 426.69 292.82 312.67 7.3928 1
513.99 553 9.4093 3.7721 8.1519 1
496.47 512.93 3.9036 2.1911 4.5059 1
466.53 466.65 150.36 159.16 5.0623 1
478.21 475.1 76.274 106.47 8.3208 1
431.63 381.61 4.0653 1.9915 2.4917 1
430.95 428.78 275.29 293.14 4.0574 1
507.88 491.54 9.0131 7.7015 5.4839 1
458.21 458.2 207.87 212.88 3.7639 1
549.15 516.61 10.617 13.999 3.5204 1
193.78 194.07 276.62 264.12 5.1171 1
400.38 430.38 5.375 5.375 1.25 1
310.41 162.88 121.35 101.58 3.5259 1
456.65 432.95 315.63 317.54 5.2853 1
464.25 454.9 154.36 159.52 4.491 1
449.44 433.85 247.55 293.21 4.4145 1
454.73 447.47 205.06 209.75 3.395 1
460.3 454.59 112.32 121.9 3.4575 1
459.1 468.34 239.19 242.99 4.2118 1
244.19 289.12 50.97 55.465 2.612 1
183.66 195.94 80.569 73.925 3.6571 1
339.18 311.61 124.91 121.79 1.8045 1
471.99 465.92 85.535 99.364 3.0145 1
159.66 183.12 95.003 80.78 4.1148 1
433.09 433.64 184.13 171.6 1.6355 1
