136.62 574.12 479 478.98 1.2695 1
638.98 638.98 412.88 146.63 1.2515 1
213.34 181.15 296.55 110.03 5.239 1
595.41 510.14 238.55 418.42 4.9075 1
602.48 596.19 219.01 240.11 6.2441 1
620.75 601.77 108.97 218.12 4.98 1
290.03 621.18 36.99 108.7 4.8076 1
181.57 289.05 109.63 36.517 4.479 1
508.64 210.2 421.53 297.78 10.733 1
35.37 26.615 13.094 13.134 5.0115 1
25.862 11.715 13.288 9.9888 3.652 1
183.96 596.71 110.95 230.07 4.0307 1
1.4021 81.114 84.968 106.06 4.0155 1
72.808 1.376 108.12 88.795 3.8186 1
80.9 2.5209 106.66 153.53 4.3454 1
1.4302 70.064 148.79 108.59 3.4978 1
192.46 198.07 157.95 190.34 1.6583 1
47.66 111.63 50.957 30.384 2.5055 1
141.35 117.81 16.173 30.26 1.9442 1
116.67 88.077 30.491 42.121 2.6481 1
116.64 143.32 27.896 11.081 2.3466 1
7.7333 46.704 67.55 50.555 2.2312 1
561.42 570.19 302.78 284.04 1.3456 1
576.76 585.55 270.44 251.71 1.3424 1
231.64 221.11 317.86 308.45 2.3041 1
