638.98 638.98 412.88 149.13 1.2503 1
276.68 275.75 206.77 199.08 3.5715 1
280.69 279.9 260.43 247.75 3.9763 1
470.52 467.63 1.543 40.357 3.7777 1
292.62 286.92 424.05 352.65 5.785 1
335.37 307.87 1.7664 1.6878 1.2929 1
499.35 468.43 181.29 393.84 5.8255 1
279.87 277.03 246.75 207.75 4.5074 1
285.73 282.98 330.44 290.28 5.0503 1
136.62 574.12 478.99 478.98 1.2576 1
287.41 283.8 351.85 324.92 7.3427 1
282.94 280.9 290.46 261.5 3.9164 1
491.63 473.01 0.90459 32.956 3.1705 1
398.75 500 85.769 180.78 4.0824 1
296.18 296.85 36.609 17.838 2.6766 1
335.97 336.76 36.652 19.075 2.4975 1
195.33 192.97 20.37 39.293 3.7211 1
329.74 329.85 36.629 21.621 2.5794 1
332.99 333.15 21.624 36.635 0.75849 1
293.55 293.22 25.358 36.635 1.5421 1
187.05 185.76 37.971 26.871 4.014 1
299.41 298.45 26.645 40.502 3.3046 1
256.95 256.44 27.863 14.132 2.9154 1
326.25 325.57 29.105 41.636 1.8695 1
475.72 495.67 34.329 1.0496 3.225 1
385.16 395.27 29.257 27.34 3.4514 1
471.81 474.27 34.139 1.5418 3.2465 1
469.1 607.94 39.51 34.831 3.7072 1
204.92 206.87 16.537 34.097 3.0376 1
212.3 213.82 17.812 34.153 3.0392 1
252.47 254.02 14.05 31.524 2.9651 1
210.04 208.54 34.26 16.675 3.3131 1
278.62 278.23 32.886 15.395 2.6363 1
325 325.64 21.549 28.994 2.9115 1
338.8 338.42 26.614 37.893 1.5866 1
601.63 476.6 31.877 36.006 3.6654 1
138.47 141.74 29.268 44.099 5.1518 1
268.5 268.89 31.644 19.079 2.4223 1
204.59 199.85 34.341 17.114 4.2789 1
170.4 171.55 30.268 44.027 2.5912 1
168.53 166.08 40.491 27.982 3.4395 1
241.27 241.71 19.139 30.372 2.745 1
234.74 234.83 21.62 32.869 1.3439 1
184.27 169.28 24.996 27.521 4.3206 1
302.91 325.47 3.6564 5.5012 3.8394 1
274.11 271.71 196.22 174.12 8.1612 1
277.76 496.75 197.58 180.81 6.1425 1
244.07 247.73 26.616 6.8292 2.7583 1
326.43 339.02 5.3064 3.4439 4.2583 1
458.35 458.7 34.098 24.11 3.8778 1
105.16 108.01 20.414 35.584 3.1479 1
254.32 268.02 32.55 34.216 3.5716 1
468.9 294.47 391.1 413.1 8.6261 1
271.57 264.59 173.84 113.93 6.9318 1
249.64 248.29 50.344 27.85 3.8184 1
611.66 607.43 1.4202 26.55 3.9054 1
592.47 602.95 1.3197 30.348 3.8542 1
112.49 117.07 23.793 35.685 2.1651 1
122.04 118.68 38.036 20.703 5.6224 1
605.81 596.88 26.474 1.0949 3.8232 1
615.45 639.25 18.782 16.874 4.2377 1
614.61 616.05 31.527 20.301 2.7976 1
264.45 262.07 112.98 92.822 3.6555 1
95.635 85.508 30.714 1.1512 6.9515 1
264.11 397.96 92.638 85.728 4.454 1
109.03 117.92 39.203 38.447 5.0879 1
126.54 133.03 35.848 37.034 3.9137 1
95.601 92.383 43.164 31.764 4.5265 1
394.04 351.3 53.788 63.995 4.4091 1
1.529 95.339 47.638 44.348 6.2023 1
462.61 463.62 26.514 1.4536 9.5393 1
126.17 135.38 8.1019 26.62 5.065 1
298.34 294.45 425.18 415.96 7.7013 1
414.12 437.88 43.893 43.038 2.059 1
463.41 468.44 394.81 410.59 7.4164 1
281.94 285.63 232.85 289.11 1.7386 1
274.69 270.12 251.68 194.15 2.9456 1
281.07 273.63 325.43 252.93 3.6351 1
190.36 154.02 71.515 77.213 3.8984 1
397.4 395.13 27.809 44.264 4.6124 1
397.89 414.16 44.375 43.467 2.0782 1
280.37 280.93 207.88 225.4 1.605 1
366.64 351.62 211.33 210.4 1.8646 1
286.22 287.68 292.9 321.63 1.4391 1
618.17 613.95 1.4159 20.612 3.6358 1
417.97 385.46 209.75 214.7 3.061 1
324.31 324.42 41.624 67.874 3.7656 1
424.15 408.07 240.45 244.84 2.7408 1
290.15 293.89 355.39 401.64 1.7164 1
497.87 469.11 41.455 42.134 1.4858 1
123.96 126.04 1.2715 7.656 3.9528 1
344.08 320.27 67.651 72.319 4.9556 1
308.94 274.09 68.988 63.087 4.1147 1
387.9 415.39 218.13 215.55 3.7336 1
475.03 487.81 23.929 1.5856 1.5521 1
288.92 289.52 324.13 347.9 1.25 1
445.38 404.13 45.559 46.786 1.8813 1
405.4 385.37 245.61 247.8 2.8919 1
465.56 464.74 406.7 421.73 4.653 1
323.53 323.6 7.8798 16.629 2.5499 1
435.38 391.65 194.22 196.96 1.9582 1
321.45 309.17 70.448 68.794 5.5264 1
492.86 441.59 190.16 193.54 2.2341 1
576.61 510.38 38.736 40.51 1.4169 1
273.89 251.41 62.995 59.136 2.9236 1
365.37 345.38 224.05 224.32 1.2669 1
415.36 425.4 234.42 234.9 1.6051 1
