261.02 232.55 324.01 166.23 4.6513 1
638.98 639 411.62 149.12 1.2724 1
137.87 574.12 479.01 478.97 1.2814 1
551.68 514.16 93.519 245.07 5.2015 1
513.97 510.21 1.4424 30.354 4.9583 1
257.91 284.29 -0.057148 20.16 4.5938 1
392.03 553.15 235.69 90.821 6.6005 1
232.77 416.61 165.56 57.843 5.6461 1
286.83 258.17 25.572 4.9599 4.5389 1
484.11 490.76 30.084 1.1395 8.5274 1
1.3783 42.652 9.1961 0.55877 4.7806 1
326.6 287.63 30.566 24.443 4.3573 1
285.25 323.97 19.894 26.291 4.129 1
391.61 326.43 45.444 32.638 4.9934 1
383.08 261.07 401.84 324.29 9.2898 1
57.703 1.4774 0.85939 13.467 4.2878 1
515.87 386.05 244.08 402.41 6.6659 1
256.69 210.4 4.3091 3.0409 4.6557 1
335.15 395.88 30.393 41.348 5.3837 1
321.71 335.83 26.294 29.779 3.9718 1
557.94 561.84 29.764 14.18 5.1603 1
575.27 568.25 1.2606 27.303 4.4602 1
460.56 473.3 40.563 28.23 5.2737 1
472.38 458.12 34.808 50.6 3.9819 1
146.76 91.462 21.045 32.057 4.1872 1
90.517 1.4086 31.192 46.626 3.7233 1
1.4313 135.39 42.974 20.439 3.6519 1
411.06 391.89 52.096 45.822 4.0625 1
235.16 372.92 167.09 230.27 4.5963 1
457.7 431.44 50.676 55.656 3.9806 1
434.54 410.22 57.605 50.922 5.723 1
508.14 495.37 30.734 29.177 10.229 1
195.36 146.78 6.5522 19.694 4.0041 1
131.97 194.13 20.354 2.8906 4.0168 1
393.47 419.6 41.515 48.644 5.3732 1
479.91 483.43 53.247 33.998 5.6046 1
209.22 196.47 4.6534 7.0261 3.1436 1
237 247.93 172.81 234.12 2.1562 1
456.6 426.45 40.144 44.026 3.5223 1
428.15 460.51 50.685 44.897 5.7625 1
195.27 211.59 3.1655 1.298 2.6259 1
474.25 483.8 28.315 25.51 4.797 1
549.89 468.29 89.867 69.917 7.6357 1
547.71 557.14 18.334 31.251 3.0594 1
248.5 251.63 236.73 255.37 1.6365 1
546.45 537.29 24.276 13.367 3.3683 1
478.03 434.34 69.726 59.472 4.6566 1
477.9 467.75 43.855 42.785 2.6173 1
604.17 567.88 42.334 39.025 2.7201 1
593.87 627.82 33.965 41.869 6.2543 1
424.63 436.89 41.088 36.008 4.14 1
442.87 474.23 56.68 62.291 3.2512 1
639.25 631.59 55.246 54.538 3.1091 1
437.87 462.88 36.187 35.637 2.5544 1
565.47 561.66 40.062 54.135 3.3926 1
626.57 609.3 56.702 43.883 1.7907 1
