137.87 574.12 478.99 478.98 1.266 1
536.2 488.92 137.43 315.32 5.3407 1
638.97 638.99 411.62 147.87 1.2691 1
202.54 160.78 351.14 164.04 4.7562 1
175.45 464.23 82.971 65.876 4.8833 1
161.46 174.92 166.6 83.003 4.5809 1
464.22 536.52 65.272 137.98 4.4219 1
592.2 640.21 62.893 88.332 4.673 1
499.49 204.45 318.39 354.29 9.4986 1
414.18 350.41 5.9484 1.2116 3.0418 1
377.88 485.38 2.0946 1.9264 1.4182 1
548.94 586.79 36.988 56.292 4.3657 1
490.38 415.36 4.4971 5.3146 4.1312 1
640.04 619.11 93.966 80.394 6.0374 1
618.18 585.1 81.059 63.4 4.8427 1
577.97 548.26 55.166 40.922 4.3857 1
549.77 542.75 42.209 35.457 2.7708 1
502.88 491.61 5.6116 5.7601 1.3487 1
486.68 530.55 1.2422 7.9646 3.8161 1
164.08 532.89 167.28 138.1 4.3744 1
531.09 544.85 8.8548 16.333 3.1752 1
540.86 509.24 16.346 6.2493 4.2027 1
542.39 543.24 35.427 22.816 3.9093 1
587.77 574.45 63.041 54.848 5.4894 1
65.376 1.6222 1.9344 2.2037 1.4929 1
545.99 546.33 21.601 30.387 2.6917 1
190.98 200.27 284.27 326.65 1.7565 1
176.49 184.25 219.16 254.1 1.7625 1
184.95 190.17 256.71 281.67 1.935 1
505.42 510.96 241.64 220.53 1.4666 1
511.66 522.9 217.88 175.38 1.6684 1
351.63 326.63 76.625 76.625 1.25 1
284.13 262.88 80.375 80.375 1.25 1
324.11 291.63 77.559 79.216 1.6942 1
489.42 464.48 95.081 70.025 1.25 1
216.63 195.38 84.125 84.125 1.25 1
380.35 357.87 73.732 75.327 1.4238 1
