638.98 638.99 412.87 149.12 1.2653 1
139.12 572.87 478.99 478.98 1.2594 1
471.83 438.97 171.39 315.05 4.454 1
261.28 251.37 15.914 9.518 3.9875 1
336.62 472.42 48.014 170.88 4.8987 1
438.87 301.47 315.54 367.05 7.747 1
185.27 192.88 13.44 13.035 5.1259 1
211.5 258.01 70.451 145.29 3.9888 1
231.26 211.53 205.24 72.703 4.1538 1
279.1 277.22 1.2528 14.028 4.7638 1
19.626 33.366 12.008 38.874 3.4404 1
251.51 244.58 10.595 15.962 4.4957 1
1.4892 24.561 91.165 84.353 3.6765 1
53.669 64.786 5.5509 34.353 8.2653 1
23.329 21.577 39.341 22.748 5.6287 1
241.37 230.99 227.99 204.97 5.7632 1
10.777 4.9506 10.115 1.0919 2.6315 1
178.38 182.84 19.443 12.394 3.8807 1
198.14 175.84 16.112 24.17 8.0313 1
273.57 261.11 15.468 21.872 9.5277 1
39.048 36.761 32.898 25.334 3.9513 1
37.461 23.281 24.372 0.63544 4.6964 1
256.64 236.66 24.641 25.306 3.4566 1
125.32 160.2 18.421 15.671 7.2492 1
243.05 336.91 65.106 48.184 5.4854 1
36.913 17.693 38.979 1.0833 2.8432 1
305.9 241.9 355.1 228.35 5.4048 1
23.951 33.965 85.2 75.215 2.6656 1
83.513 68.146 20.169 11.163 2.8639 1
47.281 52.504 0.91912 5.7741 4.5132 1
309.9 305.35 359.14 219.09 3.6261 1
105.48 125.22 25.733 19.843 6.2212 1
19.098 1.3096 93.796 95.24 7.2731 1
65.379 53.941 44.135 48.659 3.4611 1
142.92 106.88 20.569 28.98 3.2869 1
12.864 19.54 0.83898 11.362 1.9164 1
156.55 141.46 11.068 9.42 2.7784 1
160.41 172.87 18.942 21.63 2.8749 1
174.23 144.22 24.734 19.81 3.4598 1
38.328 27.991 75.803 86.735 3.8805 1
244.18 231.65 14.448 14.876 2.4985 1
244.01 254.15 28.667 30.178 5.3138 1
254.37 280.29 28.719 21.319 3.9491 1
30.404 14.241 86.741 90.832 3.6354 1
33.29 22.113 70.039 56.23 3.6555 1
50.361 65.401 52.831 47.954 1.9924 1
54.191 42.436 39.278 44.359 8.0317 1
250.99 275.99 32.256 57.256 1.7687 1
22.984 24.164 55.558 46.799 3.3827 1
89.308 83.371 14.605 1.4018 3.4201 1
306.9 346.68 217.62 206.83 4.0492 1
34.176 27.093 45.367 52.116 4.5243 1
271.1 244.65 57.154 31.094 2.6449 1
141.62 176.66 6.7845 8.467 3.2166 1
74.116 116.66 82.835 73.024 2.4361 1
120.42 68.058 75.595 87.432 3.0644 1
436.7 467.08 311.64 177.98 1.828 1
177.83 186.73 8.6204 7.8823 2.5948 1
233.98 213.05 66.979 70.26 3.5845 1
1.059 20.167 72.753 64.87 1.8882 1
44.103 20.326 92.643 94.842 1.8205 1
50.425 40.421 56.215 54.997 2.6327 1
99.304 80.309 48.373 55.19 2.4432 1
15.361 1.171 19.049 21.581 6.8116 1
15.404 1.3032 70.436 77.205 2.885 1
79.242 96.789 51.961 45.845 2.0032 1
347.84 366.6 206.49 201.55 2.3512 1
