135.37 574.12 479 478.98 1.2693 1
638.99 638.98 412.88 147.88 1.2533 1
198.52 158.22 306.21 122.52 5.0888 1
521.8 515.88 113.58 138.65 4.646 1
515.9 477.99 138 295.1 5.9488 1
157.72 189.9 122.11 50.162 4.3304 1
472.3 522.46 44.54 114.43 4.6598 1
190.41 472.91 49.968 44.686 4.9177 1
597.61 629.46 28.382 44.725 3.8481 1
494.33 207.68 298.09 309.12 11.571 1
160.36 360.38 122.1 118.09 5.5263 1
597.19 577.41 9.1562 -0.068459 4.1553 1
623.83 594.43 45.957 31.027 4.0139 1
628.94 639.83 44.26 54.631 3.7093 1
587.23 599.03 0.4988 6.794 2.6842 1
361.59 516.61 117.75 113.61 4.4108 1
639.83 624.14 60.849 46.493 5.613 1
600.04 596.46 10.966 24.081 4.057 1
164.75 170.29 136.76 161.64 1.6211 1
178.75 185.8 200.46 232.78 1.7542 1
170.93 178.1 164.27 197.83 1.7521 1
375.38 327.88 50.375 50.375 1.25 1
