136.62 574.12 478.99 478.97 1.2701 1
638.99 638.97 412.88 146.63 1.27 1
280.48 544.84 188.1 61.873 5.4884 1
544.62 537.83 62.343 87.864 5.3088 1
538.45 501.04 85.519 235.23 5.4631 1
531.87 500.37 22.632 30.335 5.5578 1
521.17 534.24 22.837 14.304 4.4623 1
556.89 539.26 7.4244 13.279 3.5633 1
487.91 520.39 24.332 23.486 4.3349 1
173.66 407.64 101.39 19.713 5.2778 1
533.94 558.48 12.426 2.536 5.1398 1
541.95 530.25 12.866 21.456 4.0305 1
213.06 173.32 274.75 104.02 5.913 1
501.8 307.4 236.8 369.68 9.0001 1
452.05 400.43 15.026 1.4313 3.4327 1
409.37 456.9 0.66966 13.087 3.3242 1
485.29 507.7 16.288 10.898 4.6149 1
516.66 486.39 14.38 18.779 4.2288 1
456.9 484.23 14.435 22.505 4.4986 1
474.9 452.6 26.397 15.974 5.059 1
300.78 212.02 371.37 273.65 7.7504 1
576.72 566.57 7.1237 6.6539 5.6156 1
588.98 576.36 11.028 8.3095 9.8696 1
299.64 281.79 366.7 189.23 4.5722 1
496.72 544.31 31.302 44.7 3.5741 1
507.81 532.75 11.24 13.187 3.3679 1
549.13 536.58 21.621 19.371 3.8176 1
595.61 584.16 14.5 21.686 4.2348 1
527.19 490.99 44.797 33.698 4.7012 1
527.89 516.62 16.276 16.484 2.6146 1
541.76 552.91 15.829 17.686 2.2607 1
570.21 527.66 55.999 44.943 4.3345 1
491.75 475.26 32.543 26.19 7.4482 1
548.27 552.78 44.76 20.129 8.1558 1
639.34 625.53 24.73 29.574 1.6552 1
437.1 533.18 23.993 56.985 5.9609 1
560.49 581.61 15.126 16.807 3.4406 1
620.32 639.15 26.424 21.71 2.731 1
639.22 624.08 17.084 20.138 2.4611 1
608.99 639.48 94.532 104.26 2.963 1
639.34 604.34 109.7 98.442 3.5283 1
525.39 530.63 122.88 101.69 1.5268 1
