638.98 638.98 412.88 146.63 1.2533 1
136.62 575.37 479 478.97 1.2773 1
571.19 486.87 179.59 359.91 5.1321 1
176.85 151.86 330.35 135.19 5.0502 1
517.6 572.01 81.221 179.6 5.0966 1
164.72 183.05 103.41 83.029 5.7586 1
151.72 165.78 135.43 111.13 4.7838 1
485.29 169.17 362.47 332.45 11.357 1
164.5 167.47 110.49 101.1 4.267 1
182.44 202.52 82.095 47.142 4.3589 1
202.64 517.69 47.547 82.09 5.8254 1
175.81 168.68 94.87 106.35 2.7831 1
155.2 569.07 135.81 179.68 5.3011 1
508.06 560.69 307.96 194.27 1.6595 1
161.01 168.5 181.7 239.04 1.8864 1
618.45 603.19 0.78083 35.512 8.5522 1
156.63 158.83 145.37 164.16 1.5324 1
