137.87 574.12 478.99 478.98 1.263 1
638.98 638.99 412.87 146.62 1.2551 1
552.48 512.5 69.702 241.54 5.5684 1
271.57 552.73 182.74 70.639 6.7539 1
515.24 302.97 243.58 364.59 10.282 1
628.72 622.65 1.0911 19.901 4.4529 1
220.04 179.57 269.84 106.82 5.5576 1
592.26 599.61 19.369 0.36162 9.7777 1
179.94 427.66 100.57 25.911 7.1833 1
635.98 631.07 1.3264 11.948 3.8416 1
560.39 589.42 29.158 15.795 6.2722 1
572.56 542.25 30.053 43.078 6.0924 1
296.87 219.06 365.67 268.68 10.671 1
541.52 521.52 41.277 42.535 3.5856 1
590.46 574.11 21.937 26.565 4.1073 1
519.1 561.91 37.627 33.011 6.2743 1
413.94 396.34 6.3907 3.1532 3.6881 1
526.33 498.05 48.453 33.792 5.0962 1
294.04 269.33 353.07 183.91 5.4617 1
395.55 384.17 2.714 1.268 2.0126 1
624.4 607.84 24.69 17.961 11.11 1
585.58 595.65 34.36 25.697 3.7727 1
452.46 411.85 20.29 5.9951 3.0565 1
609.42 602.77 23.413 20.637 3.7508 1
633.91 622.48 23.942 35.008 5.3878 1
581.7 585.98 57.406 35.251 9.3432 1
416.08 425.57 2.712 7.489 2.8098 1
1.3783 27.864 3.8716 1.4984 5.0916 1
556.62 519.09 29.006 30.801 3.3924 1
493.71 511.65 30.789 35.291 3.9463 1
426.21 451.32 7.703 17.416 2.9366 1
582.86 569.09 35.481 33.105 3.4828 1
577.9 526.65 64.045 49.052 3.5097 1
485.85 548.91 47.689 68.513 7.603 1
520.31 555.4 25.599 23.214 4.7342 1
55.238 21.677 0.70959 5.7223 3.0986 1
529.06 540.98 155.36 103.01 2.2685 1
66.612 1.3131 7.784 16.888 4.464 1
131.54 65.508 0.79011 7.8645 4.3057 1
509.8 528.42 239.28 158 2.0825 1
496.63 474.27 34.105 25.015 2.0242 1
534.18 575.3 45.174 56.888 3.4458 1
479.18 493.1 23.997 29.845 1.5637 1
556.53 565.32 24.511 25.013 2.8339 1
595.39 610.47 28.74 29.359 5.0471 1
