137.87 574.12 479 478.97 1.2699 1
638.99 638.98 411.63 146.63 1.2668 1
463.92 454.18 139 154.63 5.4422 1
456.71 463.31 126.58 138.33 4.4937 1
459.42 467.12 99.662 113.3 4.9689 1
143.91 440.28 102.24 136.24 5.3545 1
449.74 448.84 226.58 239.1 4.1 1
180.51 141.36 265.99 102.34 5.9519 1
449.68 455.02 173.28 182.55 4.038 1
447.94 458.38 152.95 143.32 2.8298 1
447.26 447.18 204.12 225.37 5.0551 1
456.08 444.13 191.83 207.88 4.7348 1
441.88 426.17 135.12 274.21 4.4654 1
463.59 458.08 119.7 126.55 4.0859 1
141.39 190.59 101.92 69.45 3.4636 1
287.91 465.2 57.391 71.329 4.8592 1
465.29 462.36 72.573 85.54 6.3717 1
441.66 346.64 5.7949 1.3579 3.4058 1
463.84 462.26 86.464 101.56 4.0577 1
441.87 451.63 203.1 192.82 2.5826 1
486.46 512.83 3.6976 1.1692 3.3749 1
447.59 439.05 238.58 250.32 4.318 1
384.13 414.13 1.625 1.625 1.25 1
424.89 422.01 293.15 314.01 5.8499 1
434.6 442.82 221.61 216.54 2.1901 1
556.78 439.39 21.728 5.9414 3.656 1
420.37 460.35 1.6667 5.6508 2.4877 1
461.62 606.69 5.4264 26.168 3.8829 1
405.79 188.45 315.86 271.32 8.5509 1
639.17 612.86 30.865 29.407 2.9113 1
611.64 557.71 30.276 22.787 3.8182 1
526.59 486.58 2.6205 7.4979 4.3583 1
447.73 405.02 319.41 315.32 9.2406 1
426.05 424.07 275.17 292.87 3.7145 1
607.84 639.14 26.275 27.334 3.1745 1
454.16 452.53 155.38 175.24 3.9423 1
460.35 454.13 84.116 100.84 3.0793 1
451.42 446.01 108.26 123.11 3.0953 1
480.62 467.87 4.1332 1.6353 4.6416 1
445.48 440.42 181.65 199.14 1.6587 1
449.78 445.22 135.6 149.07 3.1526 1
294.09 145.37 123.16 106.66 3.0525 1
439.12 427.73 251.62 293.18 2.9553 1
182.51 184.3 286.57 275.21 4.4825 1
422.76 429.17 221.61 157.88 2.8366 1
191.04 210.54 69.462 56.887 2.1013 1
226.58 260.36 52.355 54.442 2.264 1
431.47 428.93 165.35 184.1 1.9114 1
