638.99 638.98 411.63 147.88 1.2625 1
139.12 572.87 479 478.98 1.2703 1
195.46 207.83 14.236 13.474 4.0501 1
484.56 449.24 173.93 318.85 4.5845 1
276.62 265.92 17.884 11.578 3.9992 1
449.97 318.17 319.24 366.47 7.4903 1
349.35 484.3 48.994 172.8 4.6485 1
292.76 288.16 1.1589 14.649 5.6135 1
157.87 212.87 8.3699 9.2867 3.7703 1
116.62 131.62 26.525 25.296 2.3896 1
246.47 265.41 27.942 30.102 2.7336 1
264.13 257.97 12.377 16.763 4.3525 1
43.074 49.931 27.076 43.065 3.9415 1
275.4 249.3 24.377 27.067 4.0764 1
255.31 349.33 66.248 48.967 4.1134 1
39.681 38.254 42.83 25.243 4.2432 1
225.32 260.44 72.911 130.34 4.3273 1
1.5489 16.619 94.792 92.826 2.9639 1
19.434 40.718 91.447 85.317 4.1511 1
242.93 225.82 206.62 82.987 4.1519 1
11.632 1.5097 1.7343 2.4185 2.0379 1
148.98 116.87 23.46 30.286 3.0421 1
207.45 184.16 18.884 25.498 7.2148 1
71.934 79.194 11.164 35.724 7.6296 1
27.789 21.741 12.918 0.93562 4.4636 1
54.997 53.209 35.73 27.53 6.2167 1
265.73 291.73 29.155 22.006 3.6158 1
56.115 53.495 47.986 35.946 6.3729 1
257.88 244.13 15.739 15.831 1.3329 1
47.395 43.696 14.96 8.1067 3.8937 1
53.095 47.929 27.053 14.622 3.853 1
248.03 242.77 219.55 205.9 6.0149 1
131.36 169.11 22.77 15.315 6.5529 1
41.053 50.735 84.76 75.762 3.4036 1
32.864 10.423 94.066 98.139 7.0425 1
317.58 295.85 363.02 317.65 6.177 1
28.574 35.695 0.36913 11.419 2.4141 1
184.39 152.94 24.928 19.952 3.4387 1
166.76 186.62 18.506 22.904 2.8504 1
71.949 64.011 49.113 51.188 2.7897 1
61.974 70.755 0.32064 11.085 5.8114 1
51.286 39.387 79.996 90.667 4.3649 1
41.874 36.195 18.368 6.8366 2.2933 1
38.548 41.761 56.846 47.081 3.3278 1
295.58 248.38 317.17 220.13 4.2221 1
50.552 43.249 46.483 52.111 4.0423 1
97.036 83.138 20.954 12.446 2.6106 1
177.88 152.82 10.438 11.594 2.3821 1
103.9 98.388 15.472 2.6544 3.1234 1
139.35 75.539 75.092 89.835 3.1791 1
315.62 344.42 220.08 212.78 3.6681 1
11.699 1.4206 98.586 99.649 4.8449 1
69.018 56.756 40.659 45.694 8.4237 1
319.02 316.61 356.6 221.6 3.972 1
107.83 110.23 1.424 15.815 5.3459 1
90.547 138 83.588 72.123 2.6424 1
12.114 21.64 78.55 71.646 2.4793 1
49.778 38.526 72.073 57.074 3.7506 1
245.34 225.47 68.797 71.197 2.9317 1
49.555 53.556 65.123 71.958 3.1576 1
86.279 99.241 10.935 18.937 1.8779 1
156.38 142.89 10.735 1.6095 1.8272 1
32.165 13.889 70.423 81.226 3.472 1
117.95 96.806 46.808 55.8 2.6178 1
262.6 288.7 31.892 58.299 2.816 1
283.53 259.98 58.457 34.536 2.6989 1
343.81 401.55 212.93 197.59 2.6609 1
66.528 55.325 57.31 55.73 2.4755 1
90.562 114.25 54.62 45.695 2.4921 1
61.638 34.104 93.045 95.092 2.359 1
31.525 1.3643 20.006 28.161 6.0333 1
412.95 386.62 9.3899 16.611 2.5073 1
410.26 436.66 194.95 188 2.1636 1
437.8 479.24 187.61 175.78 2.2332 1
349.12 329.1 21.572 22.378 1.7012 1
211.52 223.04 82.387 79.894 1.7505 1
326.62 350.37 20.229 18.944 1.7884 1
455.26 431.82 150.5 128.91 1.3301 1
11.659 21.697 9.7614 10.31 2.7009 1
