638.98 638.98 412.88 147.88 1.2502 1
136.62 574.12 479 478.97 1.2796 1
552.52 478.8 128.47 308.99 4.9562 1
159.06 154.76 80.339 88.22 2.9949 1
150.63 163.5 84.368 70.978 4.4013 1
151.83 151.44 100.37 84.159 3.9868 1
479.2 167.81 310.57 319.52 10.634 1
180.91 151.75 316.36 118.92 6.1648 1
175.29 482.79 30.858 45.832 5.2286 1
164 174.02 71.278 31.598 4.0006 1
482.46 552.77 45.522 129.41 5.3279 1
157.85 161.68 96.301 81.32 3.9426 1
151.97 156.22 119.21 102.46 4.8642 1
155.32 550.35 120.11 130.1 5.281 1
505.45 547.34 235.41 132.66 1.7985 1
477.83 490.51 302.86 271.68 1.6288 1
472.18 466.4 319.93 328.98 4.7973 1
395.39 371.63 44.299 44.035 1.25 1
226.65 207.89 36.109 35.068 1.3174 1
