135.37 575.37 479 478.97 1.2703 1
638.98 638.98 412.88 149.13 1.254 1
194.12 154.17 274.4 92.591 5.004 1
471.78 460.33 376.59 408.66 7.9039 1
153.21 274.82 92.262 27.931 4.577 1
274.92 582.45 28.484 103.37 4.9842 1
504.95 496.1 268.99 296.86 4.3306 1
496.01 470.86 297.23 375.53 4.2988 1
519.42 505.05 222.1 268.64 4.8655 1
202.82 192.06 279.26 275.42 4.3725 1
582.35 571.3 104.61 130.07 8.373 1
72.989 61.646 9.2151 8.6806 4.9945 1
556.49 518.14 151.55 224.2 5.9581 1
573.39 518.06 131.37 288.75 3.7588 1
454.14 264.78 407.84 312.81 9.2781 1
569.13 556.99 128.46 151.24 4.116 1
156.58 519.54 93.022 215.41 3.9687 1
228.39 201.53 294.41 281.59 11.923 1
264.28 228.29 312.58 294.55 7.2935 1
93.739 1.4874 96.58 67.055 3.6217 1
515.72 485.26 292.45 356.57 3.8958 1
1.2644 18.096 62.669 68.484 3.2657 1
21.427 101.07 69.759 94.647 3.878 1
485.04 475.34 357.07 377.26 4.8106 1
96.23 69.389 98.281 112.14 3.2962 1
1.7079 91.126 143.04 96.907 3.3945 1
104.39 142.98 36.241 24.456 2.3554 1
45.501 85.176 55.717 41.087 2.4117 1
175.59 150.87 9.5067 23.738 2.2986 1
148.11 121.82 24.736 34.643 2.4567 1
153.24 179.76 19.688 2.6125 2.3182 1
68.946 1.1089 112.53 148.14 3.1805 1
25.198 45.358 66.257 56.589 1.8056 1
174.53 177.36 152.8 167.74 1.3004 1
