638.97 638.99 412.87 147.87 1.2612 1
136.62 575.37 479 478.97 1.2796 1
217.02 212.68 271.61 116.6 4.6745 1
214.42 351.04 86.198 179.4 5.0449 1
212.61 211.57 114.22 85.287 5.2585 1
352.06 564.65 178.92 90.386 4.8032 1
567.11 499.76 89.536 251.37 4.8098 1
212.04 437.64 84.671 33.118 4.7007 1
317.09 217.47 371.17 272.02 4.3382 1
499.95 365.39 252.25 343.5 8.8708 1
301.68 272.81 166.47 155.55 2.9375 1
437.67 567.57 33.355 88.596 4.5234 1
278.94 299.42 160.89 168.31 2.4526 1
251.49 245.78 140.43 126.46 3.0496 1
291.77 266.91 194.99 185.84 2.591 1
252.84 245.16 174.67 156.72 3.6068 1
294.06 263.02 254.3 242.49 2.4009 1
248.69 244.24 226.38 211.59 3.4753 1
271.62 299.24 190.39 200.04 2.5285 1
289.87 256.21 302.74 287.54 3.0467 1
250.27 243.76 280.41 261.75 3.2915 1
331.57 322.9 365.29 371.03 7.2675 1
262.93 287.69 294 304.56 2.4832 1
365.21 330.39 343.27 366.67 7.9599 1
261.92 248.71 242.44 226.98 3.3685 1
619.16 639.1 18.782 20.612 1.5332 1
247.08 217.26 141.02 118.7 2.5183 1
217.88 244.17 115.36 135.32 2.617 1
619.16 581.55 21.409 15.856 3.8508 1
219.09 219.21 206.63 224.12 1.2669 1
247.77 265.54 125.66 132.45 4.3952 1
248.84 265.32 157.46 163.02 3.1826 1
205.8 219.85 289.44 277.1 7.8569 1
262.62 251.23 151.86 139.49 2.9046 1
639.19 620.28 23.633 21.056 2.1964 1
218.93 219.61 227.88 269.14 1.515 1
246.34 261.62 212.42 217.88 3.702 1
348.9 290.33 181.95 141.69 1.7392 1
372.78 354.2 173.91 181.8 1.6697 1
215.9 217.45 120.36 174.14 1.9685 1
343.15 275.37 211.25 161.63 2.4695 1
264.39 253.39 185.09 174.82 2.6194 1
257.11 273.56 234.03 244.97 2.4405 1
346.74 297.5 187.71 153.41 2.211 1
357.79 335.96 185.36 312.98 2.7717 1
264.12 252.81 224.14 219.28 2.4574 1
210.18 214.64 291.51 283.7 4.9609 1
247.04 220.84 251.17 227.36 2.4422 1
217.1 218.19 177.85 202.86 1.5216 1
296.34 302.13 155.56 164.6 3.8325 1
220.27 262.08 222.99 261.13 2.4798 1
296.18 345.38 173.49 209.11 2.34 1
400.23 374.3 162.53 173.29 1.7427 1
334.94 326.92 317.8 364.18 2.5098 1
270.65 287.9 131.22 142.83 1.7541 1
266.87 252.72 168.45 163.3 2.7766 1
302.47 346.61 153.46 184.15 1.9164 1
343.75 350.28 250.31 211.61 1.9004 1
351.32 354.24 205.32 187.89 2.0588 1
369.13 350.39 156.19 155.92 1.4815 1
335.64 340.66 297.92 269.17 1.6038 1
333.04 321.48 373.79 375.82 2.7467 1
230.46 251.63 182.78 200.37 1.7603 1
241.47 226.48 195.56 183.05 1.1357 1
330.35 347.9 159.3 161.38 2.1225 1
