193.29 151.19 296.22 122.38 5.0776 1
135.37 574.12 478.98 478.98 1.2514 1
638.99 638.98 414.13 147.88 1.2593 1
483.77 489.43 100.57 110.89 3.9964 1
468.52 479.44 64.314 99.025 4.3274 1
483.81 490.43 112.59 134.49 4.9232 1
476.44 192.73 313.96 299.51 9.9639 1
489.19 459.85 134.96 308 5.8199 1
152.78 485.38 124.14 132.5 6.6422 1
202.85 466.65 61.405 64.647 6.547 1
397.88 370.4 2.8044 1.2619 2.7062 1
508.97 401.63 14.338 2.8152 3.8547 1
590.41 509.12 16.222 14.582 3.3459 1
529.12 547.87 10.739 10.835 2.5193 1
545.31 565.39 11.516 10.613 3.69 1
639.49 602.81 23.191 17.005 4.2922 1
189.1 202.54 77.858 61.111 4.3083 1
565.44 625.5 10.711 14.899 3.7113 1
158.72 182.29 139.22 236.46 1.9148 1
182.92 190.34 239.11 270.38 1.7932 1
601.65 591.52 17.535 16.829 2.5809 1
424.27 516.6 0.30328 10.599 3.7133 1
516.58 532.91 10.629 9.8857 3.0088 1
475.64 464.66 307.3 311.7 3.2504 1
626.33 639.25 15.277 18.626 2.7336 1
192.87 157.87 129.2 127.95 2.006 1
