251.18 256.06 284.18 94.175 5.2215 1
638.98 638.99 412.87 147.87 1.2617 1
136.62 574.12 479 478.97 1.2716 1
388.09 250.63 366.26 284.95 4.9854 1
254.56 422 93.866 19.972 4.3001 1
257.43 447.41 93.954 172.75 5.3 1
561.47 499.62 63.576 221.82 4.3083 1
443.54 437.76 181.83 200.34 3.2077 1
436.84 421.7 205.07 257.01 3.4539 1
499.67 421.53 222.34 326.55 6.4969 1
335.48 355.35 157.5 162.95 3.8287 1
248.27 250.08 319.16 296.5 10.267 1
421.61 404.96 257.5 314 3.597 1
360.18 326.53 194.77 184.45 2.9469 1
404.45 398.56 314.22 335.22 3.2725 1
366.69 333.91 161.36 153.82 3.6625 1
396.79 393.49 341.29 351.82 2.8301 1
422.55 561.2 20.223 61.789 4.4433 1
348.89 322.62 252.34 243.64 2.3961 1
333.03 356.58 189.85 196.76 2.6854 1
258.18 255.6 127.85 230.38 2.4447 1
341.37 315.27 301.11 291.92 2.9731 1
450.18 442.35 176.56 200.61 1.6849 1
322.86 342.73 246.67 253.31 2.375 1
421.19 395.24 326.59 360.57 5.5101 1
316.67 336.64 295.26 302.84 2.4569 1
255.61 254.32 236.63 282.88 1.8807 1
259.18 258.58 97.877 120.36 1.5868 1
441.75 364.12 180.08 147.89 2.1965 1
320.52 303.87 146.46 131.92 3.1821 1
315.5 301.94 177.75 163.82 3.6038 1
639.36 592.82 28.693 2.9706 3.3409 1
262.73 304.55 124.45 143.18 2.5198 1
435.5 260.13 203.83 127.19 2.8 1
305.18 316.8 143.29 148.75 2.0758 1
305.26 321.58 163.4 166.83 2.7036 1
315.72 302.69 239.94 229.35 2.365 1
301.39 312.94 220.79 222.39 3.3728 1
294.01 307.94 268.43 271.32 2.7022 1
307.82 325.36 132.03 134.26 2.953 1
449.27 461.91 169.27 156.91 1.7677 1
386.95 379.91 369.55 377.46 6.3305 1
253.25 252.13 326.58 317.97 2.6407 1
549.62 557.86 75.764 65.364 2.5165 1
