242.49 245.41 274.14 114.15 5.7353 1
638.98 638.98 412.88 147.88 1.2546 1
137.87 574.12 479 478.97 1.2805 1
374.4 242.1 358.7 274.63 5.3963 1
245.33 245.57 111.64 82.887 3.9723 1
247.45 430.09 82.567 164.76 4.7866 1
245.49 421.91 81.924 12.352 4.3739 1
560.46 496.57 58.658 218.6 4.3967 1
496.72 407.95 219.01 324.38 6.5937 1
380.76 371.39 355.98 361.96 7.8684 1
404.39 376.97 258.85 356.37 3.61 1
321.61 350.46 147.94 156.32 4.3386 1
422.54 560.12 12.662 57.401 3.9902 1
355.26 319.97 153.35 144.5 3.3409 1
357.69 312.42 188.54 175.71 3.5887 1
336.66 309.07 244.03 234.28 2.7026 1
319.11 350.12 180.43 189.96 2.9452 1
311.58 329.06 238 244.29 1.9291 1
427.49 422.42 175.26 191.87 3.3234 1
388.49 379.93 345.81 357.92 6.9695 1
328.85 301.43 292.36 282.16 2.4794 1
239.94 240.69 311.69 286.52 11.504 1
420.89 405.1 198.92 256.55 3.6168 1
246.7 245.32 227.88 272.87 2.094 1
407.26 388.25 324.67 346.77 6.5198 1
247.07 246.92 174.12 220.38 1.3943 1
310.23 291.71 139.28 121.53 2.9311 1
304.22 326.45 286.37 294.61 2.5165 1
431.49 475.38 163.96 127.88 3.5836 1
311.14 290.09 174.63 154.42 3.283 1
434.77 423.05 168.95 210.43 2.322 1
419.16 249.97 196.55 116.23 2.7836 1
425.42 331.66 172.77 130.29 2.31 1
254.01 317.86 114.36 145.42 2.5506 1
494.6 501.72 223.61 230.16 3.207 1
295.91 286.02 224.65 211.15 3.4943 1
249.2 248.82 87.876 109.12 1.3644 1
639.66 610.69 18.227 1.0924 3.273 1
248.73 247.74 117.87 170.37 1.745 1
287.88 302.96 210.37 213.75 3.1126 1
304.17 274.05 111.54 98.034 1.4937 1
342.95 358.2 157.71 164.66 1.4509 1
284.24 266.2 247.68 237.36 1.7057 1
264.3 249.22 236.32 227.71 1.8603 1
324.01 306.72 120.63 112.66 1.3987 1
360.27 378.96 165.6 174.47 2.0828 1
522.9 557.05 89.154 60.893 2.7569 1
297.78 319.21 122.12 126.19 3.388 1
293.88 308.96 153.99 157.36 3.1139 1
381.58 408.93 175.47 188.3 1.6625 1
284.07 300.4 259.4 262.74 2.6995 1
341.71 349.79 235.3 244.63 2.7086 1
