638.98 638.99 412.87 147.87 1.2601 1
136.62 575.37 479 478.97 1.2722 1
171.49 144.94 311.64 114.02 5.7327 1
550.2 473.14 137.8 315.66 6.8444 1
177.76 489.06 26.872 50.007 4.9101 1
149.54 162.62 79.576 67.498 6.0064 1
149.09 150.32 91.741 78.881 5.7461 1
145.06 152.04 115.63 95.888 5.6911 1
488.38 547.89 50.007 131.28 4.8278 1
180.56 167.81 312.6 315.02 4.9128 1
462.95 179.18 318.18 315.32 12.718 1
162.55 177.51 67.754 28.047 6.2894 1
155.71 159.95 88.726 78.942 3.2889 1
147.82 547.84 115.16 137.29 5.2917 1
382.89 357.9 45.173 43.688 1.3961 1
407.9 386.63 46.942 46.45 1.25 1
242.88 224.13 34.125 34.125 1.25 1
467.01 459.39 327.21 337.12 4.1903 1
435.37 411.65 49.165 47.49 1.25 1
