461.07 431.98 167.55 326.69 5.4078 1
638.99 638.98 411.63 146.63 1.257 1
139.12 574.12 478.99 478.98 1.2583 1
264.75 265.62 1.4442 10.472 3.8526 1
431.77 306.84 328.2 384.61 5.76 1
197.5 179.06 241.83 92.728 4.5554 1
305.1 460.84 199.33 158.4 5.4179 1
302.22 461.87 74.136 157.41 4.331 1
267.86 384.17 8.826 2.453 3.351 1
497.66 639.36 10.122 40.529 6.651 1
367.83 267.88 0.72672 5.4008 3.3731 1
183.27 304.86 94.911 198.26 4.2861 1
97.102 104.43 14.833 21.279 3.6412 1
137.6 135.97 11.669 1.5294 3.4623 1
639.61 494.98 53.25 20.349 10.924 1
131.25 133.8 1.0496 10.463 5.1529 1
139.57 140.91 1.5582 10.482 2.8451 1
61.32 72.986 7.5937 11.272 4.704 1
91.407 92.821 1.4813 11.633 3.5417 1
147.5 161.58 14.406 9.0146 4.9425 1
40.25 60.533 6.16 9.3813 4.4878 1
256.5 257.29 11.615 1.4812 3.9338 1
569.86 564.12 1.1393 21.968 4.5304 1
559.46 565.22 22.627 1.2457 4.9219 1
179.28 302.92 91.516 74.442 4.9883 1
96.941 94.985 11.564 1.4586 2.9692 1
300.04 300.14 376.62 202.87 2.5086 1
296.6 201.65 377.89 250.68 6.1698 1
553.14 535.29 51.183 48.419 4.3672 1
75.058 78.944 1.232 10.451 3.2747 1
518.53 471.04 47.118 30.82 4.1829 1
302.59 295.72 384.02 374.8 6.014 1
302.48 302.41 227.87 330.37 1.3214 1
143.72 142.79 12.805 1.5286 2.3889 1
469.02 447.95 22.108 17.529 3.1335 1
318.31 302.14 396.49 384.67 9.0055 1
472.42 510.33 27.873 41.749 3.4673 1
305.08 305.03 381.63 334.12 2.5463 1
542.77 550.42 44.215 44.82 3.9355 1
433.98 454.49 299.1 186.46 2.1223 1
364.17 307.54 211.77 227.95 2.4065 1
145.21 146.45 1.4928 11.647 2.1797 1
302.85 302.34 204.12 220.4 1.5665 1
511.45 539.2 41.401 46.163 2.9596 1
534.21 519.21 48.648 46.106 2.695 1
129.36 69.038 48.405 41.093 3.6474 1
639.65 553.27 74.561 52.572 4.1182 1
199.88 163.74 26.482 39.275 4.3162 1
202.82 252.85 15.765 12.523 2.4948 1
302.34 302.44 332.87 376.63 1.3533 1
307.73 330.51 224.88 218.34 2.5935 1
67.962 37.963 40.927 37.17 2.6338 1
392.98 380.48 225.92 228.42 2.4515 1
492.99 452.91 10.215 14.435 2.748 1
371.63 355.35 281.68 282.32 1.7384 1
430.36 427.18 339.67 351.08 5.5482 1
255.33 202.85 14.822 18.792 2.21 1
394.6 371.68 317.68 328 3.0192 1
374.13 357.86 229.3 229.71 2.6911 1
395.62 376.97 274.83 281.35 2.83 1
555.24 639.35 49.68 70.72 3.3406 1
387.85 417.92 186.34 183.35 3.4743 1
395.37 414.19 211.49 210.64 4.0253 1
146.72 129.31 47.965 49.206 4.6291 1
331.66 370.19 218.01 207.2 2.321 1
449.02 474.08 12.113 8.7708 2.396 1
369.12 352.85 327.74 328.35 1.4817 1
391.61 406.64 262.69 261.85 1.7405 1
414.13 400.38 188.49 188.33 1.415 1
305.07 306.19 280.34 230.37 3.0301 1
409.08 399.74 262.84 273.42 3.6391 1
429.68 433.53 324.22 301.74 1.6547 1
199.48 200.39 1.5278 16.548 4.1979 1
396.58 382.91 197.65 200.53 2.1888 1
401.26 395.22 308.84 316.5 2.1123 1
130.19 137.04 12.652 45.288 3.7309 1
391.46 366.8 203.56 210.95 2.3969 1
385.5 401.57 230.84 226.42 1.6258 1
389.12 400.4 306.5 306.09 2.0514 1
37.134 32.494 27.747 9.2205 3.64 1
305.4 304.95 330.39 281.62 2.8834 1
312.87 280.39 8.9752 10.593 1.8082 1
304.91 305.26 221.61 207.87 2.595 1
452.81 410.3 167.63 178.84 2.0831 1
475.33 492.9 8.6984 6.857 2.3561 1
158.97 147.01 42.418 46.505 3.5484 1
359.15 375.01 197.92 189.67 3.3268 1
340.38 321.63 7.875 7.875 1.25 1
329.25 319.56 398.82 394.89 5.573 1
