638.98 638.99 411.62 147.87 1.2577 1
137.87 572.87 479.02 478.98 1.2832 1
420.29 396.41 150.16 299.09 4.4476 1
398.02 253.94 301.01 333.32 7.9524 1
347.58 420.57 41.822 149.84 4.3668 1
31.698 51.625 36.978 32.875 3.4209 1
242.77 229.12 269.14 181.43 3.9751 1
251.88 245.91 330.53 291.73 5.6074 1
245.2 242.83 291.64 269.26 6.8739 1
230.42 415.52 180.66 151.26 4.3134 1
1.5913 27.895 39.828 38.206 3.2646 1
60.351 7.8468 41.105 43.511 6.7011 1
50.991 61.808 32.587 25.661 3.5369 1
192.29 205.38 27.713 81.623 3.679 1
64.714 48 28.092 38.776 5.006 1
271.74 193.06 17.729 25.924 4.1183 1
8.0186 1.3961 44.257 43.406 4.3566 1
24.919 43.968 24.45 15.056 3.9622 1
49.023 34.25 17.605 23.206 2.9414 1
33.402 26.39 23.374 30.131 3.5021 1
111.72 146.78 33.32 26.14 2.4783 1
151.78 99.296 28.77 37.637 2.8984 1
50.405 80.373 39.63 37.846 1.827 1
81.601 61.564 40.153 42.308 1.9508 1
228.56 214.04 176.45 120.4 2.786 1
213.71 200.59 154.42 80.338 3.2697 1
130.41 114.32 1.7415 7.2107 2.7226 1
290.27 280.95 14.203 1.2119 3.0476 1
393.51 416.27 296.73 155.32 2.0582 1
216.84 213.8 174.29 155.23 3.5055 1
200.57 195.45 79.32 51.612 2.5926 1
218.48 216.21 187.99 175.45 2.4201 1
152.74 169.08 11.422 9.9158 1.635 1
239.26 220.06 276.6 190.45 3.0036 1
285.81 294.54 1.3184 13.834 2.954 1
87.898 72.794 6.3378 5.1461 2.4923 1
336.46 327.57 26.733 13.072 2.36 1
