183.99 142.12 269.16 101.19 5.1983 1
136.62 572.87 479 478.98 1.2689 1
142.69 460.51 101.38 127.5 4.9338 1
391.79 183.7 304.24 273.21 9.6739 1
638.98 638.99 412.87 147.87 1.2594 1
474.74 468.79 103.67 95.624 3.7584 1
460.36 467.58 167.14 179.3 4.7345 1
463.49 461.98 184.22 174.07 3.209 1
467.3 475.74 117.88 130.95 2.761 1
467.77 479.21 90.442 101.53 4.4881 1
465.57 460.12 124.31 166.75 4.9941 1
453.92 461.28 209.8 223.06 4.2501 1
458.85 453.65 171.93 209.41 5.1887 1
475.21 468.15 130.94 145.51 5.1466 1
240.38 467.88 47.705 60.328 4.5784 1
452.65 440.24 215.69 305.18 5.3401 1
469.68 467.61 60.242 90.443 4.9338 1
460.34 455.3 223.26 239.1 3.6794 1
467.17 460.87 181.16 195.59 4.2918 1
479.35 472.28 107.26 117.47 5.6906 1
467.23 465.39 96.777 119.23 4.5749 1
525.23 579.1 6.5796 13.049 3.1244 1
577.95 522.84 15.978 9.3944 3.7617 1
639.14 579.09 17.132 15.629 3.5001 1
522.81 460.52 8.4115 0.50041 3.6803 1
580.35 639.13 12.645 13.859 3.1702 1
484.26 524.24 0.54952 5.7397 3.188 1
461.27 391.82 310.63 304.43 9.8047 1
189.33 188.25 292.95 277.85 4.1866 1
207.89 147.82 110.19 106.2 3.9983 1
269.08 209.13 114.71 110.3 1.9808 1
161.19 164.15 162.98 175.37 1.5595 1
427.88 405.38 60.375 60.375 1.25 1
166.39 197.97 81.336 55.493 2.1106 1
355.38 335.38 56.625 56.625 1.25 1
