286.67 324.09 5.1426 13.051 3.7186 1
317.94 274.32 15.065 5.7132 3.5788 1
323.88 372.75 15.131 27.136 4.3228 1
369.03 324.06 29.533 19.411 4.5721 1
638.98 639 411.62 149.12 1.2651 1
272.95 286.31 1.3671 5.2292 3.2552 1
373.26 410.57 26.653 38.528 3.4619 1
140.37 574.12 479.03 478.97 1.302 1
404.25 369.72 41.282 28.738 4.3828 1
423.05 450.41 40.901 38.191 4.113 1
410.13 424.09 37.935 40.55 2.5352 1
456.67 428.07 39.355 45.103 4.6438 1
457.85 477.77 25.294 18.805 3.593 1
491.83 476.63 23.003 24.205 6.1281 1
475.37 461.75 22.851 28.192 3.7419 1
460.51 427.59 58.606 50.237 3.285 1
625.34 638.32 50.169 47.935 5.3516 1
345.34 528.55 225.33 84.628 7.0824 1
426.59 474.18 46.746 58.901 3.1459 1
452.87 422.88 31.282 31.753 2.7945 1
477.89 500.33 29.047 31.969 2.0462 1
419.12 454.11 28.73 28.268 4.0469 1
430.32 416.6 43.347 41.865 2.2172 1
566.48 592.96 31.746 34.614 4.4012 1
639.35 612.97 54.045 51.776 4.8744 1
421.89 404.93 47.174 40.745 6.1651 1
477.59 483.29 18.576 0.56957 10.983 1
192.69 394.6 146.24 45.071 5.7354 1
527.44 454.47 84.342 62.935 4.3176 1
506.39 503.25 1.3858 20.839 7.4043 1
474.04 460.29 35.854 33.317 2.7802 1
341.71 224.64 394.82 308.43 7.2424 1
582.83 557.82 36.92 33.251 3.3805 1
501.78 492.06 24.44 22.796 7.8119 1
607.06 584.31 42.621 36.002 4.2557 1
226.83 194.91 308.33 145.73 9.1812 1
569.04 563.37 1.2624 22.1 6.5721 1
486.71 461.45 65.048 58.572 2.4525 1
117.82 1.4463 1.1158 13.726 3.7898 1
520.68 499.59 110.78 197.04 8.3092 1
1.5549 94.006 9.6734 0.4381 3.4856 1
528.8 519.56 87.245 110.3 9.057 1
393.99 435.35 44.59 56.712 3.5987 1
491.65 346.49 240.4 393.86 8.4189 1
541.6 574.01 73.011 79.701 2.9146 1
572.93 539.1 82.599 75.478 2.5753 1
593.89 631.65 34.409 40.22 5.4167 1
499.89 488.97 197.11 239.73 7.6688 1
506.62 480.33 34.209 32.211 3.6296 1
198.94 322.93 148.22 214.02 4.5762 1
541.72 582.83 102.53 114.27 2.579 1
617.62 633.05 29.946 34.812 2.4492 1
639.21 540.68 133.84 105.55 2.7363 1
626.8 610.54 36.043 31.08 2.492 1
539.96 549.07 11.969 22.923 2.5593 1
547.97 523.02 39.7 43.744 2.3019 1
520.45 540.66 16.234 20.154 2.8935 1
522.97 546.63 40.899 36.663 2.2406 1
471.01 474.73 55.794 36.264 8.7122 1
555.69 556.15 16.769 7.7864 5.0574 1
529.12 547.87 29.076 28.922 1.3937 1
539.84 529.87 18.345 7.0714 3.0244 1
607.31 617.56 39.567 48.252 2.5701 1
552.9 536.56 5.1417 3.4815 2.2547 1
526.71 506.67 69.641 67.427 2.3407 1
597.98 639.13 118.77 130.36 2.0332 1
639.26 615.28 23.138 19.837 3.3741 1
612.83 606.71 51.667 45.292 2.116 1
