638.97 638.99 412.87 146.62 1.2668 1
136.62 575.37 479 478.97 2.511 1
571.58 486.24 177.26 358.35 5.7835 1
174 146.46 325.22 130.22 5.0974 1
202.74 521.59 41.549 78.209 4.7586 1
146.17 164.06 129.63 101.58 4.506 1
162.19 183.26 98.346 72.982 5.4596 1
485.35 245.83 360.59 335.98 10.462 1
521.9 573.17 78.375 178.37 4.6753 1
182.88 202.7 72.081 41.061 4.4181 1
245.74 180.95 335.76 328.79 11.759 1
149.06 569.19 129.74 177.34 4.7535 1
500.39 401.66 78.975 67.535 1.9078 1
503.81 544.51 313.98 226.8 1.7441 1
154.22 160.41 162.86 206.62 1.9128 1
151.34 153.61 140.41 157.94 1.7217 1
486.11 498.97 351.38 324.05 1.4621 1
632.32 619.15 0.64323 24.819 9.2741 1
