137.87 574.12 479.03 478.97 1.3021 1
639 638.97 411.63 147.88 1.2726 1
218.89 173.93 325.98 167.22 5.0488 1
269.76 291.64 14.879 7.9076 4.2279 1
299.62 287.95 2.1033 14.197 3.7237 1
384.38 436.76 166.73 36.678 4.2678 1
286.5 272.83 13.705 17.722 3.5979 1
173.18 273.51 167.95 50.919 5.2867 1
365.46 218.04 362.54 325.95 8.0898 1
111.58 166.75 2.4832 5.5153 5.4861 1
209.17 92.714 13.532 5.0965 5.5838 1
92.874 110.46 1.6392 3.2286 3.2776 1
254.19 210.46 18.703 12.321 4.7939 1
167.77 256.77 6.7258 13.54 5.283 1
93.629 84.373 4.7673 1.0125 3.6934 1
260.39 269.09 14.279 13.646 2.6746 1
279.65 259.87 1.0867 9.1391 4.1594 1
434.28 421.37 58.03 175.21 4.1382 1
437.52 434.47 39.068 57.931 3.2663 1
435.24 300.35 35.627 23.195 5.4895 1
574.16 546.63 13.112 13.452 4.8763 1
371.62 368.48 342.05 360.48 9.4667 1
542.79 590.36 16.198 18.247 4.3498 1
593.39 574.74 7.6818 11.871 10.703 1
421.54 419.43 175.36 187.93 3.6985 1
512.92 550.35 1.1555 4.4446 3.7356 1
273.09 255.07 21.81 18.109 6.4062 1
421.35 374.69 185.29 342.3 4.7959 1
294.11 274.04 24.261 22.632 3.2319 1
274.11 300.27 19.335 21.581 3.0256 1
176.58 371.32 168.12 202.09 4.1859 1
573.77 567.46 9.4604 3.2715 3.8199 1
372.4 368.31 202.86 341.67 4.2307 1
532.82 502.75 5.8849 2.8763 3.2337 1
504.82 502.86 20.287 60.374 3.8065 1
497.14 500.4 59.063 20.377 3.1955 1
501.67 464.11 62.271 59.29 3.2832 1
451.65 495.41 55.034 58.751 2.2794 1
315.9 314.09 17.956 1.6285 3.316 1
394.15 382.87 27.567 26.736 1.9567 1
384.18 415.33 23.402 25.914 1.9895 1
415.37 395.35 28.018 27.578 1.2772 1
462.89 446.63 58.891 57.839 1.812 1
639.24 620.36 34.603 31.725 2.5542 1
336.62 356.6 22.971 23.56 1.5808 1
