158.79 120.4 221.1 62.566 4.6144 1
136.62 574.12 478.99 478.98 1.2549 1
638.99 638.98 412.88 147.88 1.2606 1
122.17 363.28 63.01 127.61 4.975 1
167.57 158.38 223.91 221.18 3.4633 1
441.51 420.53 68.946 229.31 4.4379 1
221.47 440.44 23.623 67.531 4.1779 1
370.03 410.84 122.43 90.985 4.885 1
420.45 357.06 229.4 305.95 4.4055 1
363.76 369.7 127.46 122.28 3.6461 1
639.34 521.88 24.298 0.39241 3.795 1
411.12 439.21 90.969 69.231 6.6271 1
120.84 222.43 61.64 24.163 3.7576 1
539.28 639.26 0.87244 20.953 3.7074 1
584.09 625.37 3.3214 1.5284 2.9858 1
373.87 165.31 317.62 227.64 9.6404 1
408.84 407.33 215.34 228.11 3.4321 1
413.69 412.43 171.59 185.33 2.5466 1
401.47 417 127.32 122.95 3.2715 1
408.16 420.82 100.31 97.219 3.2854 1
400.35 411.91 175.29 171.18 3.1928 1
397.53 407.15 218.36 214.04 3.3051 1
413.94 398.77 127.48 134.63 2.9836 1
409.92 390.88 188.37 199.96 2.3209 1
407.83 395.1 176.54 183.62 3.0398 1
364.22 363.73 130.35 150.4 2.8674 1
631.59 577.99 4.6493 7.5298 4.8851 1
407.68 390.81 228.87 242.18 1.541 1
363.25 361.18 156.59 207.91 3.8366 1
394.31 369.61 130.59 150.96 2.3864 1
364.96 396.56 151.12 125.3 2.6315 1
349.67 354.59 295.35 134.14 2.8599 1
360.61 359.07 206.63 259.16 3.967 1
356.64 356.55 155.38 185.37 1.2682 1
126.24 131.83 74.215 97.826 1.9499 1
344.24 198.85 126.19 87.678 3.6116 1
134.84 140.27 109.26 131.65 1.8043 1
354.56 354.1 212.86 246.62 1.5602 1
198.08 141.72 87.145 71.276 2.4064 1
436.6 415.39 79.086 95.397 2.134 1
434.46 425.14 97.017 105.1 2.0148 1
424.29 434.01 101.83 93.987 1.9451 1
389.11 372.84 310.88 311.18 6.3874 1
361.4 370.39 257.67 247.89 1.7662 1
352.97 352.6 267.88 289.12 1.3166 1
358.6 357.66 259.1 280.37 1.5266 1
