135.38 574.13 478.98 478.98 1.2514 1
638.98 638.98 411.63 146.63 1.2521 1
467.37 448.08 86.264 246.8 6.9032 1
354.43 465.93 137.28 85.31 5.5708 1
449.54 358.28 246.73 313.43 4.7339 1
181.39 354.54 67.203 138.1 5.018 1
206.81 177.49 211.59 66.199 7.1572 1
282.88 468.92 34.112 84.891 4.5842 1
624.07 546.66 13.3 2.6282 4.2679 1
15.282 26.617 12.146 14.17 3.6916 1
582.88 639.15 1.4654 3.3399 3.2477 1
639.16 567.85 7.4902 1.8991 3.396 1
570.33 639.1 4.6242 10.662 2.9519 1
353.53 212.83 315.59 219.86 8.3744 1
639.19 625.33 13.289 12.147 3.2102 1
7.8661 21.644 4.3025 4.9896 2.6214 1
29.212 16.59 3.13 2.0232 3.0364 1
177.01 281.92 65.471 35.13 4.0602 1
351.22 345.84 311.08 308 4.3365 1
369.9 352.69 321.63 315.07 8.009 1
401.62 354.16 141.62 165.45 2.2241 1
1.4323 7.9203 5.2474 6.3614 3.9074 1
423.22 407.87 152.41 159.11 2.5837 1
414.06 432.98 142.61 138.33 2.99 1
414.09 428.02 190.19 187.36 2.9664 1
357.87 400.48 160.36 139.35 2.3201 1
408.94 424.35 233.07 230.4 3.5274 1
70.381 1.6258 40.604 40.754 3.7364 1
418.13 402.99 128.73 133.26 2.2736 1
408.01 392.87 158.55 161.62 1.9872 1
413.88 435.56 118.23 112.32 3.9468 1
350.08 349.66 295.39 287.85 1.5945 1
447.74 447.34 259.05 272.93 6.32 1
351.65 281.42 140.31 112.14 1.9157 1
349.95 349.27 286.63 239.12 2.8754 1
117.6 104.07 11.781 15.162 3.9412 1
385.69 370.46 322.93 320.96 6.8384 1
352.85 352.54 274.12 294.12 1.3869 1
392.01 399.98 132.05 124.93 2.3791 1
348.31 347.76 230.37 165.38 1.5555 1
104.83 91.569 15.756 24.035 3.843 1
394.2 370.25 125.53 136.36 1.654 1
