135.37 574.12 479 478.98 1.2664 1
538.22 497.56 73.624 248.76 6.0013 1
638.98 638.99 412.87 147.87 1.2556 1
161.79 427.04 83.599 22.172 5.7037 1
181.07 160.82 166.76 83.712 4.0898 1
226.57 535.86 166.43 73.231 6.4915 1
511.8 538.69 61.224 72.646 4.4289 1
451.71 487.33 7.6675 21.764 4.4559 1
498.81 461.77 27.655 16.168 3.2945 1
259.21 255.09 355.35 340.81 7.557 1
202.92 181.31 256.31 167.65 4.2962 1
462.59 421.16 15.346 -0.42712 5.0643 1
488.3 535.13 20.584 39.731 3.7898 1
500.59 257.68 249.6 357.45 11.516 1
431.93 451.83 0.49035 5.8585 3.5253 1
256.8 224.35 340.11 164.31 4.3986 1
522.92 499.36 39.037 27.399 3.4024 1
623.65 635.39 26.967 0.52009 10.661 1
223.75 163.1 164.42 86.451 4.3884 1
427.21 494.45 21.782 53.44 4.6555 1
252.38 203.05 341.91 255.99 5.2594 1
542.97 587.98 43.422 41.088 5.2982 1
618.19 601.72 30.395 34.52 4.2428 1
596.86 571.26 39.843 48.121 6.3666 1
570.42 547.82 47.69 46.943 4.2436 1
595.44 536.26 70.213 47.567 4.8715 1
50.331 1.517 1.2511 6.9502 4.2226 1
589.16 621.24 35.487 24.28 6.142 1
611.61 596.47 42.911 38.387 5.1486 1
639.18 631.55 28.719 29.26 4.0053 1
578.97 591.73 31.665 33.244 3.1081 1
550.46 612.65 50.124 71.037 3.6168 1
166.49 175.62 94.159 131.57 2.0473 1
1.5654 26.604 3.389 1.3612 2.4918 1
547.84 577.89 31.964 30.799 4.3283 1
586.62 544.11 35.173 35.607 3.7115 1
639.11 596.34 81.673 70.191 3.8244 1
622.81 639.22 36.447 37.371 5.1327 1
604.31 615.56 37.042 39.56 3.1132 1
609.25 614.95 67.592 44.954 8.808 1
521.3 527.06 131.54 107.98 1.5881 1
501.42 511.28 57.114 61.213 2.5942 1
