638.99 638.98 411.63 149.13 1.2627 1
137.87 572.87 479.01 478.97 1.2836 1
398.6 382.37 164.07 315.19 4.8112 1
235.66 203.95 344.06 196.13 4.624 1
384.1 237.71 316.53 347.09 8.4601 1
341.07 398.27 65.69 165.69 4.1842 1
40.206 65.962 48.647 39.534 3.8975 1
204.34 188.38 198.03 90.301 4.4886 1
181.97 189.22 40.321 86.805 3.737 1
63.61 74.257 13.533 4.2763 4.2241 1
105.38 82.868 7.3334 7.4264 11.281 1
276.68 183.06 29.594 39.596 4.2599 1
272.88 300.38 2.1496 2.1288 2.5132 1
1.5341 34.138 51.549 49.313 4.2544 1
206.52 395.58 195.97 166.73 4.8129 1
72.704 54.428 37.614 49.588 4.7952 1
90.228 104.07 14.775 11.386 2.4034 1
14.259 1.5641 55.885 55.033 3.7416 1
33.463 50.36 35.346 26.596 3.2905 1
56.604 26.488 52.493 54.164 6.2404 1
65.255 36.611 26.292 36.586 4.0989 1
47.794 64.102 28.849 24.045 2.6119 1
26.681 12.858 55.215 54.925 5.2089 1
154.26 109.35 39.876 47.901 2.9427 1
91.636 57.863 50.484 54.008 2.7459 1
292.45 281.54 25.645 8.3899 2.9517 1
121.71 151.62 43.272 36.61 2.3073 1
285.19 297.38 6.7397 26.154 2.782 1
145.4 116.92 9.1844 19.916 3.0504 1
57.889 89.151 50.56 48.224 2.271 1
127.95 140.41 13.053 7.9598 2.103 1
326.06 319.12 40.715 29.13 1.9317 1
388.56 392.12 225.31 194.18 2.0573 1
354.13 331.63 1.625 1.625 1.25 1
386.98 388.08 244.15 227.89 1.6701 1
392.57 394.31 190.35 171.64 1.25 1
380.49 382.03 304.13 285.41 1.25 1
