137.87 574.12 479.01 478.97 1.2849 1
224.09 181.03 327.54 171.1 4.8312 1
638.99 638.98 411.63 149.13 1.2611 1
180.28 278.23 171.55 53.167 5.5838 1
392.04 439.92 164.28 37.704 4.7696 1
301.25 286.3 3.7459 18.795 4.4629 1
271.69 290.31 18.067 11.456 3.4572 1
102.9 159.11 7.0357 8.4223 4.4745 1
85.388 102.69 1.584 7.203 3.6273 1
287.01 272.06 16.833 20.782 3.8762 1
371.73 222.95 364.94 328.8 8.3861 1
107.63 79.068 12.366 3.0504 4.4435 1
159.08 257.96 9.7572 16.665 5.1024 1
261.58 275.41 17.569 15.643 3.338 1
250.43 207.86 21.205 15.458 4.7196 1
375.09 373.15 355.33 369.16 5.8438 1
144.13 109.12 11.322 11.565 2.725 1
272.41 261.11 5.9146 13.335 3.4938 1
437.27 423.92 60.309 184.1 4.1533 1
210.4 142.88 17.468 12.736 5.8211 1
571.71 551.58 13.543 14.422 3.6374 1
388.06 305.28 33.11 26.51 5.481 1
593.41 572.5 7.8474 12.4 11.524 1
441.22 437.04 39.042 59.211 3.1641 1
379.12 374.97 205.33 322.9 3.9241 1
277.9 250.63 25.204 21.16 6.4128 1
546.62 592.88 17.865 17.663 4.9562 1
294.13 272.63 2.8898 6.4066 3.3196 1
425.18 376.91 184.78 355.46 5.5891 1
266.5 287.69 4.7154 0.65515 2.9773 1
374.66 373.64 324.06 354.15 3.8321 1
429.12 399.11 36.673 34.299 4.7239 1
510.35 550.36 3.8657 4.7763 3.6353 1
296.67 277.92 27.172 25.966 3.3778 1
550.49 538.96 13.825 9.5866 3.3297 1
573.59 568.12 9.7185 3.8004 4.5217 1
399 389.23 34.092 33.119 7.2153 1
184.09 377.66 171.85 204.19 4.3566 1
276.63 309.14 22.782 23.798 2.6549 1
506.24 503.49 12.853 61.589 3.6931 1
437.85 429.15 37.43 37.115 3.8381 1
498.4 501.33 60.408 14.106 3.3752 1
185.22 218.1 173.83 294.06 2.2886 1
504.18 455.4 63.358 60.011 2.7874 1
316.32 314.95 19.155 5.2934 2.9797 1
467.9 489.13 57.516 59.018 1.5115 1
