638.98 639 411.62 149.12 1.2726 1
139.12 572.87 479.01 478.98 1.2741 1
94.136 157.91 1.1469 2.6753 2.6191 1
156.65 79.111 5.6737 3.331 4.3976 1
158.94 184.18 3.8874 5.9657 3.7522 1
206.82 169.89 316.87 161.15 5.4261 1
189.06 215.42 6.1996 1.9058 3.5003 1
173.95 151.97 10.055 5.9948 3.954 1
357.75 205.25 338.86 318.81 8.1737 1
373 359.9 195.39 335.45 7.4674 1
301.71 264.05 16.587 14.034 4.6714 1
221.58 201.63 1.5022 9.135 4.0506 1
263.07 253.98 13.912 12.676 3.3788 1
380.89 372.66 136.35 195.17 6.388 1
422.86 465.39 2.6099 3.2961 3.024 1
169.19 227.18 161.47 60.693 5.744 1
391.59 301.35 23.341 16.395 6.1348 1
255 235.75 13.367 47.379 4.5371 1
172.77 371.62 161.36 181.67 4.3227 1
215.38 187.83 15.329 10.619 4.3284 1
190.46 174.03 9.1762 10.31 5.8486 1
250.39 216.6 16.033 15.199 2.6535 1
200.36 246.57 10.627 13.673 2.7412 1
79.077 59.114 2.7405 1.8879 2.8178 1
381.21 393.23 106.57 23.994 4.4081 1
428.3 424.82 45.335 7.6951 3.8494 1
386.82 381.1 91.651 135.63 4.1518 1
279.14 294.16 13.133 12.332 1.25 1
428.89 433.46 6.8008 45.453 3.151 1
434.15 392.87 47.423 45.506 3.2513 1
395.38 425.37 42.858 44.319 1.8568 1
594.12 551.61 20.805 19.977 2.1341 1
388.47 387.09 76.565 91.553 1.7014 1
564.13 587.88 17.875 17.875 1.25 1
526.58 501.6 15.809 13.109 1.8139 1
356.72 358.27 335.38 316.66 1.25 1
