638.98 638.97 414.13 147.88 1.2567 1
136.62 574.12 478.99 478.98 1.2681 1
593.9 520.5 154.77 334.18 4.68 1
218.49 194.33 245.46 72.672 5.3814 1
65.516 79.04 28.173 26.943 4.8662 1
522.11 401.07 333.21 434.71 6.1143 1
114.5 80.82 22.217 15.606 4.6201 1
78.093 56.626 33.561 40.379 9.5873 1
402.69 217.12 429.33 246.13 10.11 1
196.15 333.29 72.364 35.689 5.4623 1
333.46 593.81 35.578 155.04 7.3525 1
79.986 76.251 14.588 1.3773 3.6086 1
53.064 17.789 40.941 37.502 3.521 1
20.245 50.421 34 37.475 3.3417 1
145.09 201.4 35.852 69.507 3.4655 1
1.2852 31.603 36.116 30.259 6.3319 1
195.81 143.96 70.491 39.401 3.8571 1
9.1185 26.638 23.171 23.557 2.8304 1
27.872 70.389 22.544 22.219 3.7976 1
39.111 6.5029 25.132 27.073 3.5948 1
16.679 1.4619 38.225 40.564 3.6107 1
105.59 100.99 12.789 1.3769 2.5605 1
196.97 357.2 74.876 184.53 4.1292 1
114.22 192.88 103.19 79.132 2.9119 1
193.21 115.28 82.717 106.31 3.1938 1
66.767 81.768 83.301 78.305 1.5839 1
448.01 406.76 245.12 425.41 5.7199 1
517.73 557.97 332.82 234.16 1.8664 1
466.38 449.18 231.23 241.72 1.9519 1
200.05 216.05 85.246 200.28 2.7213 1
1.7029 17.606 103.05 96.018 2.1544 1
563.66 586.6 220.19 164.11 1.5766 1
225.54 223.14 267.83 259.79 2.7009 1
82.944 68.039 80.572 85.839 1.595 1
361.34 375.29 188.43 195.54 2.2713 1
276.62 255.32 22.866 26.294 1.674 1
305.48 287.71 13.145 19.954 1.5373 1
252.79 232.82 27.229 29.973 2.0131 1
374.45 401.39 195.44 214.46 3.2461 1
