638.98 638.98 412.87 146.62 1.2526 1
135.37 575.37 479 478.97 1.2716 1
582.82 511.82 94.287 261.18 5.4337 1
218.43 209.67 247.85 64.039 4.5786 1
299.02 580.57 157.38 94.998 5.5903 1
209.33 465.23 64.524 32.931 4.9469 1
512.39 503.03 261.03 263.46 5.1536 1
285.26 219.03 349.64 247.5 4.3558 1
233.01 232.03 151.69 134.1 3.1222 1
232.67 230.41 122.9 104.12 3.8288 1
233.64 232.59 206.65 189.14 3.5931 1
234.09 234.17 254.12 236.63 2.5532 1
464.73 582.64 32.893 93.328 4.2137 1
503.88 288.05 266.61 352.06 11.437 1
234.75 241.18 196.86 214.29 3.3916 1
267.86 246.58 142.91 134.23 2.4564 1
266.93 244.7 173.31 165.08 3.5168 1
214.43 229.08 93.703 110.42 2.6942 1
233.6 249.25 133.99 141.35 3.9252 1
234.89 247.11 189.01 194.24 3.7728 1
233.65 248.34 104.59 108.69 4.9538 1
235.41 246.83 149.09 162.7 2.5342 1
246.23 234.16 224.4 207.49 4.5059 1
234.7 245.74 117.38 130.06 2.7062 1
251.58 236.35 147.96 139.62 3.1032 1
309.42 295.93 164.15 329.07 2.7633 1
249.21 237.76 201.48 194.32 3.4453 1
242 259.99 214.21 225.97 2.8948 1
242.76 234.47 266.69 252.14 3.5733 1
227.08 214.22 112.47 97.795 2.8309 1
264.16 243.94 277.81 266.96 2.6056 1
250.12 236.79 117.1 110.05 2.8582 1
293.73 304.84 326.59 189.08 2.6173 1
244.68 234.2 134.72 122.64 5.2195 1
237.57 247.11 253.1 265.94 2.7251 1
243.87 233.65 165.57 152.28 3.9648 1
217.79 240.59 196.31 228.98 2.6487 1
255 245.07 226.11 220.97 3.9435 1
305.32 306.59 184.21 165.37 2.3265 1
247.5 260.64 162.44 168.55 2.1078 1
207.26 219.46 259.02 252.23 8.6238 1
291.91 296.72 260.39 190.3 2.8735 1
215.92 227.82 148.41 164.16 1.6359 1
246.07 261.67 130.28 137.78 2.4257 1
299.07 272.73 166.68 139.26 2.4907 1
297.22 270.16 189.73 160.58 3.0762 1
249.6 268.31 108.58 125.05 5.141 1
267.7 247.55 133.04 111.94 2.217 1
271.19 296.65 133.28 160.35 2.0926 1
256.8 295.51 141.47 184 2.2831 1
297 298.72 182.92 167.83 2.484 1
273.86 296.8 129.39 152.68 2.8684 1
242.21 220 235.84 204.39 2.042 1
239.37 226.42 103.89 90.578 1.25 1
414.28 395.46 136.21 139.61 3.2459 1
241.63 256.59 230.37 250.4 2.5197 1
268.12 256.5 157.64 145.5 1.25 1
199.42 208.37 267.06 261.11 6.932 1
230.07 266.66 166.87 212.85 2.1356 1
245.29 218.79 190.44 156.89 1.9133 1
215.38 215.38 105.38 129.13 1.25 1
284.21 274.47 352.6 358.45 7.2887 1
