140.37 574.12 479.01 478.97 1.282 1
638.98 638.99 411.62 149.12 1.263 1
205.63 148.34 279.84 118.52 4.4618 1
147.13 261.47 118.37 1.4743 4.4876 1
350.92 205.54 320.89 281.03 8.164 1
346.4 428.57 152.76 0.64989 5.6511 1
435.17 420.59 6.8598 149.02 4.5235 1
420.39 349.79 148.86 329.39 5.2322 1
150.24 346.44 118.58 156.36 4.3844 1
436.18 434.7 1.3159 9.4572 3.9135 1
347.26 352.15 157.82 316.61 3.7629 1
154.39 195.8 125.28 242.73 2.078 1
515.49 516.83 10.393 1.4685 3.0263 1
521.71 521.35 1.5876 12.866 2.7389 1
