314.19 285.38 29.829 26.58 4.0066 1
638.99 638.97 412.88 147.88 1.2647 1
370.38 347.88 11.674 11.736 1.2908 1
136.62 574.12 479.01 478.98 1.2743 1
305.27 356.78 68.31 61.581 5.3375 1
352.87 362.88 8.8174 8.7277 6.3057 1
440.34 574.08 78.497 84.997 3.8839 1
511.11 461.35 208.05 413.45 8.1344 1
279.88 279.4 435.39 422.77 6.4339 1
214.13 196.61 39.131 40.052 4.0729 1
119.06 155.4 58.158 55.834 4.0613 1
180.32 210.43 54.171 52.784 3.4583 1
249.16 263 57.59 59.505 3.5432 1
261.41 231.61 5.747 1.721 2.9126 1
290.76 307.6 5.2668 10.095 15.462 1
347.86 379.08 15.194 13.398 2.882 1
370.35 315.41 47.626 53.245 3.7305 1
162.94 117.87 40.747 42.657 4.6464 1
200.37 216.62 3.2398 3.2302 2.5052 1
290.39 510.39 202.93 200.35 4.762 1
227.97 249.13 53.455 56.603 4.7615 1
562.87 442.87 81.629 75.437 3.3831 1
308.52 315.27 13.1 0.87729 7.5132 1
282.78 319.1 30.274 33.209 3.8763 1
282.38 296.11 68.6 64.77 4.8161 1
295.21 277.88 51.555 49.102 4.2497 1
226.71 262.81 4.5817 8.4967 3.623 1
393.85 514.9 107.86 200.99 4.4202 1
356.81 372.88 61.64 60.447 4.4802 1
194.2 169.19 33.611 36.008 4.1425 1
375.28 354.19 42.596 43.929 3.5848 1
572.87 639.17 71.809 73.544 4.2462 1
446.55 437.14 1.1569 78.091 7.8283 1
320.28 316.76 4.1051 20.926 7.597 1
461.6 282.87 413.94 434.04 8.0288 1
335.49 349.34 58.789 57.087 2.9595 1
85.436 75.285 27.062 28.485 3.8872 1
319.39 334.53 31.128 22.624 4.3593 1
281.76 282.06 385.41 365.36 5.208 1
316.71 304.1 47.807 48.736 4.3823 1
96.579 110.35 46.036 47.004 2.9322 1
211.61 226.62 52.598 52.437 3.8167 1
249.44 237.9 43.698 41.518 5.0759 1
271.55 259.58 48.236 45.715 3.6427 1
281.41 281.3 394.15 386.58 5.0901 1
110.45 96.715 43.424 42.003 2.7441 1
289.39 281.45 434.3 432.31 3.0177 1
156.63 171.63 2.1569 2.2424 1.3284 1
1.4802 64.134 49.223 52.715 5.1275 1
167.86 185.37 81.847 81.526 1.3185 1
280.41 277.95 409.52 394.11 11.059 1
282.25 288.33 364.27 231.82 7.1751 1
429.45 440.28 77.207 1.4333 8.1375 1
171.42 167.98 36.583 53.156 7.8996 1
279.94 277.23 422.2 408.28 10.021 1
288.3 289.17 234.09 210.33 5.7885 1
259.12 392.87 104.38 108.02 3.8505 1
76.781 96.631 47.331 49.06 5.1981 1
95.172 84.273 30.257 28.299 4.258 1
425.38 291.61 235.41 238.24 2.8783 1
77.876 92.876 7.1905 7.2049 2.5072 1
420.47 389.18 260.94 262.61 2.9453 1
449 497.88 72.789 0.77742 3.735 1
164.77 163.8 50.45 42.607 3.7218 1
368.99 325.12 85.745 92.455 4.7391 1
412.84 375.25 228.19 224.01 2.9009 1
114.13 135.38 1.9936 1.9734 1.2678 1
273.35 254.59 400.12 272.81 5.3884 1
365.3 397.98 224.63 229.72 2.4395 1
166.63 152.87 85.857 85.87 1.2623 1
482.86 452.87 83.172 81.792 1.8231 1
154.17 117.9 87.398 89.504 4.1945 1
468.27 451.35 32.273 56.43 4.709 1
187.82 167.76 83.52 85.399 1.6309 1
334.67 337.71 23.059 14.068 2.1603 1
370.39 425.39 77.459 80.084 2.3212 1
453.48 460.36 416.38 433.1 8.2969 1
488.49 468.12 1.2008 31.788 3.481 1
66.572 75.365 43.734 44.281 2.8057 1
254.66 257.56 267.91 105.39 6.3814 1
150.38 166.72 84.173 83.283 2.4963 1
430.36 414.13 225.19 226.63 2.2681 1
564.92 544.09 67.625 1.2441 3.6036 1
430.38 369.13 82.85 80.164 2.3443 1
445.87 453.83 61.69 1.5855 3.299 1
286.77 278.91 444.07 435.66 6.6219 1
310.26 282.71 97.558 94.234 6.0553 1
407.85 445.35 230.99 232.25 4.254 1
62.294 58.313 26.12 1.1565 10.019 1
282.53 219.47 93.163 78.862 3.8332 1
291.62 399.11 235.03 233.34 2.3617 1
405.65 394.21 380.18 383.2 2.111 1
419.22 403.11 323.35 326.56 2.9466 1
506.62 351.62 209.83 210.94 2.3109 1
95.419 93.696 41.617 31.699 5.5679 1
116.57 117.55 46.445 52.924 3.7079 1
375.35 364.11 222.4 222.03 1.5853 1
583.06 568.6 0.64195 71.517 13.399 1
310.4 311.03 61.626 51.587 1.6418 1
370.34 377.88 5.9112 5.5475 5.1146 1
377.85 404.12 263.12 265.4 2.0018 1
535.01 560.12 1.3359 78.365 3.513 1
515.38 494.13 84.125 84.125 1.25 1
210.38 231.63 77.875 77.875 1.25 1
445.39 430.3 221.95 222.77 2.4963 1
499.11 427.85 233.69 235.69 2.3935 1
184.12 202.88 79.926 79.956 2.5216 1
347.88 292.88 211.01 211.81 1.5019 1
323.9 311.21 93.154 96.055 5.4313 1
446.62 497.88 231.61 230.77 1.8219 1
206.63 192.85 81.697 82.459 1.7311 1
296.63 330.38 240.38 240.38 1.25 1
391.63 484.13 208.08 207.37 1.5501 1
459.41 453.66 433.73 447.68 4.2178 1
554.12 529.13 86.681 85.275 1.8798 1
575.49 574.57 81.612 73.923 5.1126 1
64.761 63.555 40.448 30.294 4.1661 1
371.46 368.27 62.841 78.216 5.4481 1
421.65 437.61 249.01 252.77 3.3636 1
337.87 309.12 305.2 306.41 1.8284 1
432.98 444.17 217.19 218.85 2.4729 1
396.63 419.13 212.87 212.87 1.25 1
413.98 427.78 313.76 315.96 2.2713 1
