638.98 638.98 412.88 147.88 1.252 1
135.37 575.37 479 478.98 1.2671 1
489.97 437.08 134.92 326.75 6.7294 1
436.78 287.97 328.6 360.83 7.2207 1
349.13 348.67 1.5679 11.604 4.0333 1
351.66 461.64 10.925 16.3 3.4077 1
588.63 639.52 33.401 47.72 5.2287 1
300.41 491.77 147.12 135.13 6.391 1
466.65 355.39 13.723 7.6565 3.6764 1
640.73 585.41 61.217 44.785 10.287 1
339.58 341.45 11.707 1.3671 4.3571 1
462.66 468.13 1.2147 15.015 4.2092 1
475.35 555.39 3.5497 6.188 4.5443 1
585.81 589.04 41.21 34.701 5.0348 1
218.56 216.86 206.6 46.609 4.9997 1
471.33 470.81 1.5619 14.194 3.4924 1
639.56 600.38 78.212 70.341 4.4323 1
217.87 349.13 45.776 47.425 3.5987 1
283.67 220.4 362.53 216.61 8.2101 1
285.65 300.04 356.75 176.7 4.0346 1
601.65 591.59 1.2028 30.363 3.6275 1
585.38 541.62 34.587 35.159 2.6469 1
556.39 533.97 43.669 37.142 3.1451 1
295.07 284.39 373.02 361.13 10.686 1
299.87 301.37 174.09 149.19 3.2163 1
349.63 485.98 47.82 132.66 5.7311 1
599.86 557.48 70.353 52.567 3.9833 1
475.78 476.42 14.151 4.1917 4.1408 1
414.17 395.42 194.49 196.98 2.5569 1
535.37 585.37 32.727 32.172 2.486 1
541.66 557.75 36.496 40.838 2.9693 1
559.88 603.99 50.341 68.209 3.315 1
407.77 385.5 252.38 257.19 2.8732 1
590.36 571.53 16.791 15.346 3.9302 1
605.1 625.38 67.731 72.857 2.4368 1
396.98 378.18 302.72 308.82 2.4719 1
426.65 433.23 332.75 338.84 4.9259 1
285.33 335.4 10.639 12.176 2.5372 1
215.72 130.46 32.586 13.738 4.0726 1
281.26 241.36 19.503 26.335 4.5735 1
436.22 413.73 157.33 162.39 3.6867 1
459.1 301.63 167.58 180.49 3.0247 1
402.83 420.35 168.12 167.27 3.685 1
480.38 402.89 144.26 149.31 2.5457 1
241.78 300.73 75.245 145.27 4.9287 1
392.84 370.36 164.39 161.72 2.5672 1
301.65 402.81 176.91 169.51 2.9794 1
281.29 295.16 349.1 166.7 2.83 1
320.37 285.36 14.331 13.53 1.5067 1
374.13 351.63 14.125 14.125 1.25 1
392.97 412.88 242 244.1 3.2063 1
421.63 452.86 167.92 165.19 2.1161 1
456.63 474.16 164.35 163.59 1.4645 1
236.46 220.24 28.434 32.297 4.9221 1
405.37 426.56 184.23 186.07 2.9224 1
560.38 534.13 12.655 12.645 5 1
42.874 16.624 23.629 23.703 3.8132 1
459.13 432.88 17.875 17.875 1.25 1
213.23 214.48 1.6043 22.854 3.9644 1
371.6 352.99 256.82 254.48 2.0217 1
402.85 432.69 151.82 155.59 3.7091 1
390.32 401.49 293.23 294.99 2.4693 1
434.13 455.4 144.36 143.57 1.3414 1
15.52 4.2588 23.686 19.97 3.1575 1
387.88 371.63 150.38 150.38 1.25 1
413.68 407.65 247.22 251.3 3.1814 1
430.32 426.16 347.35 357.69 5.3325 1
55.389 43.837 20.454 22.499 4.3462 1
350.48 360.37 251.88 247.85 2.3155 1
307.24 295.56 377.77 372.47 6.6196 1
354.14 339.11 151.87 152.52 1.7949 1
366.63 352.86 309.09 308.04 1.8184 1
497.87 479.11 11.531 11.839 1.25 1
356.69 373.97 193.07 187.42 1.987 1
366.66 388.83 158.02 151.82 2.7954 1
