638.98 638.97 411.63 147.88 1.2534 1
466.38 309.23 360.51 394.6 7.0685 1
506.62 465.96 188.53 359.92 5.9399 1
137.87 574.12 478.99 478.98 1.2545 1
250.4 217.9 7.5511 5.0595 5.1723 1
511.8 506.1 167.26 188.73 6.8513 1
371.1 368.66 1.5407 52.912 5.2915 1
372.86 491.6 53.694 55.677 3.3344 1
597.84 630.31 8.2826 11.106 4.5481 1
317.87 504.27 170.35 157.4 4.5886 1
229.05 212.61 30.881 28.301 3.7762 1
610.21 639.41 67.324 74.179 4.7937 1
161.73 176.72 34.782 37.326 3.1141 1
237.59 240.09 25.2 38.951 5.3662 1
287.89 305.38 38.65 38.403 5.1582 1
274.44 266.18 27.642 30.175 3.9517 1
285.57 277.64 26.399 27.892 4.148 1
239.83 236.92 246.68 82.87 6.8318 1
486.65 372.87 52.791 50.5 3.4221 1
399.09 371.28 1.6067 50.72 3.8118 1
494.12 574.13 43.252 43.27 3.7531 1
587.67 598.63 33.234 1.4557 5.8239 1
217.78 241.79 8.6532 11.479 3.5057 1
246.86 246.97 27.873 40.382 1.343 1
39.852 53.089 40.036 43.241 5.4863 1
640.07 608.56 86.492 78.823 9.4853 1
126.78 117.19 25.236 14.75 4.6129 1
250.38 267.93 45.456 43.304 4.94 1
27.925 13.868 27.696 23.801 3.5409 1
107.65 103.66 32.939 19.262 4.4484 1
14.183 28.164 27.683 31.92 3.1175 1
81.628 70.371 23.662 23.6 3.7912 1
205.45 217.5 1.4734 7.3891 3.9579 1
310.32 299.58 402.44 382.63 8.2878 1
107.33 110.6 15.245 32.834 2.8332 1
191.53 203.24 38.187 41.655 2.7859 1
243.63 243.7 41.629 29.123 2.5554 1
466.86 484.98 1.0793 50.519 3.6009 1
242.83 252.86 11.561 11.208 3.2107 1
68.424 66.038 38.02 26.488 3.4613 1
52.847 43.243 26.701 23.134 3.5154 1
361.09 365.55 53.045 1.4243 8.1048 1
113.71 112.75 34.151 19.053 3.2067 1
253.37 264.8 8.7067 1.9118 5.3728 1
41.501 28.966 19.553 15.924 3.4442 1
29.603 36.871 19.44 37.265 5.0571 1
97.303 94.894 16.875 35.475 6.1982 1
164.09 163.56 29.179 16.701 4.0617 1
583.17 588.24 45.502 33.742 6.0758 1
298.82 241.2 382.47 249.48 6.349 1
487.66 471.33 46.249 1.2776 4.0632 1
431.9 405.59 279.08 285.08 2.8859 1
69.227 71.633 23.87 36.624 2.5966 1
376.5 404.6 49.778 1.1797 4.4171 1
302.75 314.43 384.12 175.39 2.9662 1
578.05 554.41 78.36 72.895 2.8091 1
373.63 375.94 42.917 1.5866 3.4724 1
607.64 610.78 75.21 68.665 6.0807 1
495.71 489.51 1.0687 53.07 9.577 1
115.77 117.46 16.584 33.046 3.476 1
435.49 415.33 218.77 221.27 2.3268 1
422.02 400.29 332.81 340.13 2.394 1
307.33 310.17 389.1 332.86 2.9479 1
310.61 317.98 330.39 205.38 3.2413 1
90.583 87.709 38.123 26.069 4.9203 1
554.12 592.85 69.105 66.334 3.0268 1
573.27 585.53 43.519 0.95059 5.8427 1
505.34 379.18 166.18 174.97 2.7849 1
1.5831 11.867 31.788 34.436 4.8786 1
365.52 506.23 78.847 152.49 4.0793 1
500.45 320.32 188.75 204.72 2.8824 1
592.78 583.81 1.1582 26.949 4.4678 1
626.84 578.7 103.51 86.574 3.6267 1
435.42 421.72 185.75 187.4 2.1832 1
562.98 577.88 72.358 75.339 2.2063 1
639.22 627.67 104.92 102.64 2.713 1
628.02 631.67 8.5516 1.0384 5.5578 1
303.94 304.68 36.615 22.838 3.6773 1
609.12 587.72 52.875 50.492 3.4531 1
318.42 318.96 199.11 171.65 2.7687 1
400.38 374.13 339.57 339.62 1.2951 1
596.28 639.24 90.342 102.47 2.8732 1
182.9 161.56 66.427 63.314 3.1694 1
302.75 265.03 63.506 71.161 5.1127 1
225.52 195.15 74.579 69.152 3.2518 1
237.87 365.36 81.564 79.66 3.6003 1
420.37 432.9 222.84 221.97 1.7638 1
320.37 500.45 201.56 186.26 3.2552 1
606.63 561.64 69.226 70.808 2.9377 1
629.74 611.85 12.237 65.027 5.1366 1
310.38 310.38 276.63 302.88 1.25 1
404.08 375.3 284.72 282.57 2.3999 1
580.35 595.64 82.926 89.787 2.2808 1
305.38 357.89 55.022 55.724 2.6501 1
257.96 318.41 104.04 168.62 3.6865 1
306.63 306.63 342.88 369.13 1.25 1
494.42 495.36 52.769 44.262 3.865 1
417.78 390.29 187.61 185.01 2.0856 1
194.37 185.44 68.836 67.436 2.1108 1
449.15 439.02 181.77 183.49 2.4878 1
416.63 372.88 56.625 56.625 1.25 1
391.63 415.31 187.86 189.84 2.073 1
456.05 462.64 364.65 370.74 8.9715 1
407.89 462.87 170.6 166.57 2.1866 1
11.187 5.3594 32.17 14.13 7.5211 1
414.11 396.63 221.85 220.31 1.7943 1
387.85 410.37 221.84 224.21 1.8981 1
241.49 226.64 76.717 75.234 4.9753 1
56.806 29.124 75.68 70.378 3.3439 1
424.11 451.55 208.05 210.16 3.6431 1
85.597 57.747 72.252 75.54 4.8189 1
305.5 305.05 6.5843 19.068 4.0632 1
309.38 308.4 307.89 322.91 1.5717 1
419.1 437.87 269.54 270.48 2.9338 1
465.36 504.16 166.45 163.32 2.327 1
359.12 305.37 58.281 58.156 1.3662 1
313.09 312.13 239.13 264.14 1.6772 1
381.6 400.36 285.83 286.86 1.6621 1
90.337 117.88 67.56 64.195 2.9362 1
314.51 313.94 207.85 231.62 1.25 1
329.47 310.55 412.2 402.53 5.59 1
415.34 427.86 323.49 324.29 2.8899 1
410.51 459.09 173.87 178.3 3.7345 1
32.451 25.31 16.197 1.657 3.4257 1
305.17 303.34 40.187 54.346 4.039 1
342.87 321.63 177.79 178.24 1.4071 1
261.81 241.5 72.37 77.354 4.2601 1
442.9 432.87 255.59 256.53 1.8284 1
18.931 25.761 1.1355 15.867 3.6805 1
374.12 350.37 175.35 176.53 1.87 1
460.12 456.63 375.27 384.13 3.4888 1
580.33 551.62 49.162 50.29 5.3397 1
440.32 432.13 272.79 277.93 3.3237 1
477.88 454.13 57.875 57.875 1.25 1
237.4 238.58 46.534 72.844 3.5786 1
13.203 2.6202 52.345 45.786 2.8505 1
153.87 151.79 15.414 1.5997 3.0289 1
421.63 405.38 166.63 166.63 1.25 1
115.35 86.603 67.717 71.456 2.2067 1
370.38 351.63 170.38 170.38 1.25 1
512.55 517.95 32.815 4.14 1.7794 1
435.38 419.13 212.79 212.67 0.6804 1
