638.98 638.99 411.62 147.87 1.2551 1
139.12 572.87 479.01 478.97 1.2883 1
39.569 64.202 54.581 48.172 3.4129 1
385.76 239.3 318.42 349.95 7.9594 1
1.5538 37.869 58.249 55.298 3.8389 1
299.15 272.94 2.3597 3.347 3.204 1
271.61 296.62 5.3694 5.7283 2.7687 1
403.84 389.27 166.47 314.26 6.2894 1
213.94 400.49 199.26 168.58 4.5447 1
29.137 1.6036 61.1 61.544 4.9994 1
243.45 211.06 345.94 199.67 6.7899 1
297.68 315.34 4.0951 1.3856 3.4189 1
277.95 184.31 33.532 44.452 4.3039 1
65.981 75.33 19.728 10.33 4.4264 1
211.35 192.93 200.64 96.615 6.0246 1
346.57 403.29 72.905 167.13 6.01 1
59.54 70.655 48.586 42.106 3.2396 1
82.802 80.104 15.389 0.97396 6.1434 1
57.886 30.259 58.025 60.022 7.3003 1
90.15 106.66 20.679 16.758 2.3718 1
74.266 57.272 44.347 55.144 5.3625 1
185.1 191.65 45.206 82.871 4.7119 1
102.77 83.948 9.2225 10.935 8.0343 1
35.623 57.716 40.941 31.262 4.0126 1
67.127 39.062 32.139 42.709 3.9348 1
91.61 59.045 56.464 59.519 3.5399 1
158.11 108.07 44.056 53.884 3.2636 1
285.35 298.68 9.1415 29.859 2.4774 1
59.121 89.106 56.576 53.913 2.3507 1
128.02 154.05 47.267 41.288 2.6339 1
147.89 128.53 12.919 21.799 3.1703 1
294.8 282.12 30.751 11.301 3.189 1
394.13 375.38 1.625 1.625 1.25 1
374.12 352.87 2.1856 1.8941 2.6541 1
