638.99 638.97 414.13 147.88 1.2703 1
136.62 575.37 479 478.97 1.2735 1
188.06 439.25 61.632 23.69 5.0337 1
291.25 554.61 153.96 83.423 5.9946 1
190.79 188.92 90.599 62.721 6.1519 1
557.87 491.68 82.614 246.89 7.4069 1
200.63 190.84 246.69 92.687 6.4114 1
276.77 200.72 347.76 246.68 4.5566 1
287.94 271.53 345.51 352.93 10.329 1
439.79 558.62 24.001 81.421 4.6614 1
255.39 241.64 140.34 135.35 2.3501 1
216.05 213.56 117.97 102.76 2.8715 1
263.68 287.41 128.23 149.64 3.6011 1
219.33 218.27 251.7 236.6 2.4065 1
253.72 227.26 277.42 264.09 2.8406 1
217.29 214.75 149.22 132.78 3.7972 1
218.73 231.58 187.57 192.99 4.0667 1
217.45 234.15 132.74 139.05 4.1074 1
218.31 216.77 204.2 187.86 4.2021 1
215.11 227.8 100.95 106.78 3.9292 1
482.94 292.2 254.11 343.78 9.6696 1
239.4 218.4 148.64 136.93 3.5067 1
300.78 287.6 159.16 320.35 3.0662 1
236.46 251.58 271.98 279.22 1.8119 1
225.1 236.56 209.44 219.2 2.7137 1
230.37 218.31 220.38 205.03 3.6533 1
241.54 227.51 166.85 161.31 2.2382 1
220.01 224.53 196.76 208.98 3.3902 1
289.24 257.96 162.74 134.03 2.5358 1
223.39 237.69 152.63 163.13 2.895 1
221.3 223.52 242.67 252.73 2.4414 1
180.65 202.2 268.24 251.98 6.9656 1
219.72 232.66 117.33 129.36 2.5527 1
287.27 263 186 162.74 2.3337 1
209.81 194.09 110.93 95.412 1.8888 1
227.11 218.35 161.26 149.71 3.4654 1
293.61 295.61 212.84 186.55 2.2081 1
232.51 257.56 102.03 124.61 6.3167 1
228.08 216.95 131.44 118.69 4.3642 1
251.71 233.82 127.78 110.69 2.6712 1
295.97 297.6 180.43 164.1 2.1163 1
224.15 236.39 99.09 109.4 1.942 1
246.59 286.63 142.91 181.62 2.2735 1
194.89 208.4 92.146 104.82 2.5652 1
254.95 287.95 127.09 157.8 1.8301 1
290.38 290.38 264.13 246.63 1.25 1
284.26 287.65 235.38 187.77 2.7599 1
291.77 293.14 239.13 216.64 1.705 1
409.13 375.4 126.63 135.48 2.3584 1
288.09 289.31 180.39 164.05 2.3998 1
226.64 206.45 234.11 209.27 1.7584 1
287.74 288.65 284.11 272.84 1.6492 1
207.9 234.29 206.6 238.99 1.8659 1
301.69 287.79 349.4 352.48 2.4406 1
