184.8 143.56 268.96 98.656 4.7711 1
136.62 574.12 478.99 478.98 1.2639 1
638.98 638.98 412.87 147.87 1.2557 1
463.76 459.58 185.29 202.98 6.0832 1
465.64 470.33 162.8 178.27 4.8946 1
479.94 475.49 103.79 92.827 3.9448 1
472.07 466.24 133.96 161.81 6.7715 1
458.81 462.41 203.94 221.97 5.1439 1
471.54 470.63 122.87 134.15 1.7663 1
472.77 483.94 85.458 99.273 5.0464 1
475.81 478.26 119.01 128.11 3.7134 1
145.2 469.14 99.048 122.61 5.4634 1
471.34 471.69 55.378 86.61 3.8059 1
469.75 466.3 178.82 185.86 3.3924 1
463.85 462.73 171.71 184.22 2.4899 1
462.25 458.8 222.59 230.23 2.7929 1
471.71 472.38 91.588 115.42 4.2379 1
457.25 455.39 216.73 228.08 2.8922 1
231.56 470.35 43.006 54.717 5.2118 1
456.08 444.16 227.99 301.43 4.7994 1
481.69 474.16 105.2 114.38 4.8353 1
464.79 362.73 307.32 296.78 9.9409 1
362.6 193.27 296.32 274.77 8.6587 1
581.6 501.58 10.645 2.0579 4.4439 1
521.57 639.11 2.897 8.2883 4.3074 1
639.17 582.86 11.098 9.5716 3.3799 1
164.96 187.51 172.97 266.71 2.0154 1
154.98 164.3 131.72 170.33 1.9291 1
148.69 154.22 106.73 129.1 1.5584 1
469.23 468.87 86.623 64.129 1.2899 1
237.87 149.09 109.13 103.47 2.6796 1
456.81 459.54 161.65 139.17 1.8434 1
452.9 455.88 189.13 165.44 1.7077 1
261.63 242.88 110.38 110.38 1.25 1
166.68 185.34 77.937 61.59 1.8806 1
