638.98 638.98 412.87 149.12 1.252 1
498.44 479.78 191.31 304.44 4.6388 1
269.16 239.16 25.859 24.625 5.7309 1
479.66 466.69 305.06 386.44 4.9027 1
500.22 498.23 178.89 190.65 7.1855 1
136.62 574.12 479.01 478.98 1.2781 1
184.14 199.21 55.257 57.24 2.968 1
395.01 392.81 1.5725 69.082 4.7935 1
264.06 263.82 60.376 47.857 2.7105 1
488.86 514.87 1.2169 63.817 3.2843 1
272.12 270.01 1.3856 19.081 6.0577 1
117.89 106.61 3.8233 3.345 1.6195 1
466.89 298.3 386.53 424.74 7.3966 1
77.945 55.393 4.1437 4.7716 3.7138 1
113.02 93.947 46.338 49.181 3.8933 1
241.28 255.65 2.5539 7.9651 11.272 1
129.07 150.34 59.88 57.56 3.163 1
258.47 260.59 44.035 58.032 4.2702 1
282.65 283.36 1.6375 14.168 4.0253 1
266.96 267.31 45.367 60.388 1.5339 1
71.374 79.073 67.319 66.249 3.7143 1
81.655 114.05 65.658 62.194 3.6425 1
187.4 186.46 51.571 37.973 3.5678 1
240.99 229.92 262.83 104.16 4.3201 1
217.98 240.63 16.426 28.658 4.3357 1
516.71 492.54 59.823 1.2471 3.3935 1
279.31 278.07 11.753 1.4516 4.6155 1
175.26 207.96 5.5776 8.0702 3.264 1
209.13 191.54 5.3093 3.8375 2.4913 1
122.4 120.56 41.707 59.276 4.7122 1
133.11 128.09 56.94 40.695 3.9519 1
182.07 184.15 37.659 53.963 4.059 1
241.58 270.38 28.846 30.261 3.439 1
138.66 137.16 56.668 40.326 3.4039 1
132.64 135.4 40.19 55.37 3.242 1
618.98 633.58 51.573 10.256 6.6551 1
114.87 112.83 60.464 48.912 4.5631 1
140.8 142.22 40.338 56.574 3.1399 1
190.77 192.15 44.054 51.755 3.3403 1
292.83 286.68 389.21 205.37 7.6465 1
95.135 114.21 2.5377 7.561 4.3923 1
32.809 17.72 38.456 36.735 3.7258 1
273.08 286.19 26.993 19.601 4.83 1
45.343 55.496 55.615 56.964 3.1369 1
94.297 92.707 61.813 52.687 3.2654 1
95.828 97.931 50.291 61.615 2.774 1
221.76 221.07 11.701 1.4929 3.6565 1
294.82 292.16 429.21 411.73 9.4028 1
57.796 45.221 53.36 51.324 3.3022 1
299.08 319.15 9.0863 9.7548 4.1642 1
385.03 389.21 68.01 1.4733 8.4329 1
286.8 499.54 195.96 176.01 8.9058 1
307.21 300.44 42.673 44.393 3.8742 1
67.869 59.077 44.229 43.743 2.8413 1
115.11 126.24 7.3205 2.0674 3.798 1
397.01 399.64 61.642 1.5928 3.4247 1
517.94 517.95 46.624 60.375 3.7553 1
57.832 84.318 8.6679 6.1754 4.6267 1
194.12 209.1 1.7556 2.3257 1.6769 1
60.479 65.377 49.487 64.979 5.1442 1
179.95 178.08 74.163 53.078 3.8457 1
21.509 36.809 58.086 59.299 4.9844 1
57.874 74.124 1.9108 1.9596 1.2913 1
103.21 104.5 52.818 60.521 2.672 1
20.498 32.837 15.55 16.958 2.909 1
293.52 293.57 399.14 390.36 6.2577 1
364.57 500.02 96.781 174.74 7.5139 1
116.59 139 90.161 86.975 2.3047 1
325.52 325.49 51.627 39.119 6.25 1
286.7 287.25 19.13 10.336 2.6511 1
523.81 519.53 1.0043 46.309 10.513 1
402.86 436.86 60.366 1.0454 3.9581 1
41.786 37.915 58.116 40.643 6.3724 1
277.74 242.81 380.01 272.05 5.3522 1
216.59 218.18 1.6291 15.625 4.5433 1
413.6 397.64 28.851 59.604 4.8041 1
45.96 59.155 25.063 49.776 4.4855 1
294.33 293.56 405.69 400.11 7.0909 1
140.38 77.712 89.138 99.38 3.6533 1
10.398 20.411 55.172 56.311 4.0086 1
239.31 194.09 91.724 84.353 3.1252 1
289.09 277.83 412.89 380.39 5.5908 1
29.976 34.068 41.757 54.144 3.3278 1
306.55 316.64 2.4297 1.9624 2.4973 1
510.39 404.11 59.764 62.224 3.4538 1
231.62 365.3 102.65 97.274 4.408 1
428.91 422.38 0.85519 13.273 4.0151 1
421.34 413.25 15.218 30.013 4.9867 1
629.54 621.03 1.3319 25.605 3.7205 1
396.59 469.11 67.617 68.767 3.809 1
524.57 522.3 64.045 51.503 3.0652 1
409.5 395.46 360.09 365.6 2.8276 1
10.04 8.9422 50.26 41.491 4.0315 1
15.194 22.22 1.716 15.709 6.7168 1
607.64 621.67 51.21 0.93921 6.6082 1
481.29 491.95 275.32 211.68 1.8636 1
281.68 240.4 91.909 93.433 6.1535 1
364.11 290.38 222.71 230.45 2.5545 1
327.26 325.32 56.562 75.369 4.2456 1
177.44 174.46 37.804 3.9854 3.7356 1
476.1 480.77 309.05 277.93 1.7922 1
457.77 468.54 390.85 403.56 8.5812 1
324.11 286.23 79.038 87.331 5.7223 1
509.01 485.69 57.923 1.4956 2.5875 1
544 606.72 52.116 48.209 9.5102 1
524.08 541.75 51.589 52.308 8.0019 1
39.072 45.469 9.1511 22.217 3.9176 1
257.08 259.99 61.454 90.414 3.6095 1
60.659 45.633 42.081 10.253 3.58 1
632.78 623.18 57.59 50.375 5.2429 1
290.32 305.38 227.46 225.42 2.4773 1
313.7 302.82 441.35 435.47 4.993 1
327.27 326.51 21.523 35.3 5.4046 1
309.07 354.1 224.88 220.14 2.3555 1
465.54 465.87 404.09 419.14 3.9989 1
469.43 473.12 347.92 325.41 1.6592 1
256.96 256.03 35.402 46.679 4.0441 1
639.14 631.59 53.044 53.772 3.7327 1
391.6 402.89 215.02 214.3 1.7237 1
