638.98 638.98 412.87 146.62 1.2512 1
136.62 574.12 479 478.97 1.2802 1
590.84 509.96 120.71 299.62 5.1016 1
509.25 220.41 301.55 316.13 11.74 1
200.77 194.77 74.379 83.736 4.2086 1
203.91 201.58 160.5 134.02 4.6145 1
198.8 197.25 110.52 120.47 3.0453 1
209.4 201.36 202.78 178.79 6.3395 1
190.47 204.03 80.472 66.566 4.5648 1
193.14 199.26 116.12 103.58 4.4943 1
198.48 202.84 175.54 160.01 5.003 1
201.54 200.89 130.38 110.44 3.1077 1
193.76 198.75 84.259 98.01 4.4846 1
200.32 192.71 134.04 117.38 5.4582 1
202.51 207.98 224.02 205.05 4.2718 1
191.72 191.13 95.42 80.443 5.4351 1
207.28 205.29 185.31 166.77 2.6189 1
198.64 192.81 103.25 95.71 4.593 1
201.85 203.74 99.048 74.002 4.1395 1
204.26 207.11 66.635 28.003 3.5967 1
510.72 592.02 36.254 119.95 5.5581 1
207.82 510.4 28.589 36.972 5.2026 1
204.12 589.12 119.37 120.41 3.6286 1
218.04 210.75 312.75 232.95 4.3031 1
211.37 209.92 229.15 215.42 3.1412 1
209.29 204.16 236.57 222.05 5.0599 1
509.09 550.41 294.11 202.89 2.1247 1
226 218.41 319.04 315.48 5.0582 1
503.89 498.79 308.89 320.22 5.4724 1
551.42 576.84 200.28 144.22 1.4689 1
220.37 221.63 217.88 235.37 1.8739 1
