137.87 575.37 479 478.97 1.2697 1
638.97 638.99 412.87 146.62 1.2629 1
538.17 519.05 102.44 200.12 4.9844 1
543.68 538.64 75.024 99.284 5.1979 1
385.5 417.6 1.0276 7.9098 3.1425 1
519.43 509.62 197.93 248.98 4.9048 1
422.88 380.69 12.869 2.7922 3.5392 1
483.08 422.63 30.849 15.063 4.044 1
432.36 464.09 14.865 23.019 3.5298 1
171.07 421.87 111.28 29.871 4.994 1
517.96 552.93 40.185 37.335 4.2729 1
557.72 524.2 39.386 44.625 4.2074 1
217.17 171.22 279.88 112.3 4.6678 1
260.47 542.11 191.86 74.043 5.8163 1
489.22 544.9 53.837 72.995 4.2831 1
464.66 510.07 22.499 37.55 3.5925 1
590.37 570.46 21.622 28.127 3.9766 1
561.67 589.98 29.221 16.963 5.2039 1
211.34 68.938 -0.47188 19.011 3.9496 1
614.13 600.3 13.963 13.363 2.6049 1
549.53 561.65 36.687 32.967 3.1233 1
627.14 622.34 1.4363 20.238 3.9426 1
81.641 175.32 14.237 1.2365 2.9664 1
494.61 483.45 36.829 31.636 2.8727 1
570 555.02 30.96 39.448 4.8218 1
511.57 299.1 250.29 375.82 9.4337 1
591.31 598.23 20.262 0.86085 10.342 1
286.02 217.02 369.31 280.07 6.4228 1
1.395 81.403 27.782 14.08 3.3493 1
67.913 1.3293 19.335 31.218 4.089 1
0.97041 63.531 18.584 5.1168 12.033 1
417.8 431.76 8.0631 13.805 2.9926 1
516.15 531.22 31.364 26.603 3.7015 1
516.32 585.32 43.979 63.071 3.719 1
635.07 630.57 1.4959 12.231 4.2371 1
569.34 521.36 62.11 48.838 3.5126 1
76.489 15.208 8.5122 22.125 5.6961 1
539.83 515.18 29.124 34.471 4.5629 1
523.44 508.51 49.064 42.64 3.9239 1
582.85 569.07 35.51 33.213 3.288 1
618.12 597.8 21.543 20.224 7.4033 1
531.63 562.88 26.522 27.582 3.6208 1
14.242 1.5085 22.196 24.807 3.2335 1
257.14 173.27 189.94 113.69 3.53 1
608.03 566.78 70.875 62.136 3.6266 1
559.09 540.33 30.935 29.832 3.1558 1
572.88 585.42 30.342 32.637 2.9092 1
290.24 258.55 367.9 193.77 4.6791 1
95.412 80.466 8.8055 7.0861 5.5387 1
127.68 109.16 1.1011 7.963 4.8191 1
591.57 615.45 29.026 30.259 2.9713 1
630.24 619.02 29.977 33.81 3.5487 1
95.693 88.067 2.3246 5.7962 5.4845 1
582.06 584.65 59.988 37.79 9.7055 1
422.16 445.09 30.178 38.65 3.2115 1
519.12 534.21 182.87 104.14 2.2405 1
176.78 194.24 120.33 184.09 1.7507 1
511.52 515.63 221.84 200.42 1.9841 1
617.88 604.13 33.475 33.483 2.5014 1
