136.62 575.37 478.99 478.98 1.2629 1
638.98 638.98 412.87 146.62 1.2532 1
214.91 185.45 306.5 118.92 4.9262 1
616.32 518.2 237.07 426.15 5.5773 1
288.79 624.01 41.959 113.42 5.1225 1
624.59 616.25 113.99 237.93 5.2727 1
185.3 288.19 118.21 42.057 4.6598 1
516.19 209.92 427.73 307.11 11.6 1
8.3543 1.2947 15.962 14.193 4.2452 1
189.08 612.98 119.28 237.49 3.9479 1
2.9973 5.7754 2.824 9.4796 3.6512 1
57.807 1.4311 113.14 98.628 3.6931 1
1.231 68.522 94.428 111.5 4.3041 1
12.753 57.472 141.42 114.7 3.651 1
68.816 34.838 112.37 133.25 4.6707 1
193.33 198.15 150.3 180.33 2.0253 1
198.68 204.31 182.94 219.1 1.8605 1
131.83 108.28 14.421 30.959 2.4365 1
35.996 1.56 132.62 154.02 3.0408 1
102.07 130.68 31.042 12.092 2.4783 1
190.18 193.32 127.91 148 1.6209 1
9.135 51.71 62.904 48.121 2.5583 1
59.44 100.5 46.279 31.98 2.4022 1
106.97 89.222 31.113 39.333 1.9349 1
141.55 132 2.8043 13.215 1.7661 1
