638.98 638.99 411.62 147.87 1.259 1
302.58 315.78 304.2 130.22 5.3542 1
136.62 574.12 479.01 478.97 1.2798 1
315.32 317.05 129.33 108.95 5.512 1
305.39 302.79 324.44 304.14 8.8658 1
543.32 472.86 128.4 328.68 6.8567 1
471.63 304.93 330.31 307.32 7.1328 1
315.05 333.45 108.15 47.292 6.595 1
489.66 543.53 19.477 128.8 5.0863 1
320.2 540.34 100.52 128.13 4.402 1
333.99 348.3 46.987 3.0137 4.1727 1
435.37 417.78 174.19 172.87 2.2124 1
456.61 436.62 172.64 174.08 2.7618 1
349.05 489.14 2.238 19.011 3.8637 1
444.13 404.17 233.05 234.26 3.3324 1
422.61 388.1 138.75 128.38 2.9956 1
527.81 320.26 160.87 133.79 2.6934 1
430.45 395.47 283.79 286.55 3.3449 1
467.87 425.36 140.78 139.9 2.9158 1
402.74 387.84 232.31 229.28 2.1805 1
417.98 399.13 172.43 167.87 2.7236 1
421.63 446.63 176.3 176.54 1.4644 1
396.63 425.39 288.4 287.99 2.4471 1
390.65 412.11 132.02 138.86 2.9156 1
309.34 305.92 252.89 301.58 2.1231 1
425.38 440.38 142.41 142.66 1.3964 1
535.32 430.3 137.04 123.48 2.52 1
318.66 314.09 135.34 195.37 2.1388 1
314 309.86 197.87 249.08 1.8872 1
442.87 455.36 143.77 143.43 1.5226 1
466.3 468.09 331.44 340.33 8.578 1
392.8 374.03 284.4 279.51 2.1045 1
320.32 376.56 130.81 138.38 2.311 1
468.18 463.62 339.92 349.48 7.3071 1
380.36 404.08 139.25 142.03 1.8232 1
339.1 325.36 110.63 109.31 1.7235 1
312.22 307.51 326.33 316.81 5.5787 1
429.05 445.17 224.35 229.73 3.1666 1
