638.98 638.98 412.87 146.62 1.2502 1
511.35 479 178.85 356.37 5.0572 1
251.62 221.65 14.165 13.31 4.8199 1
375.32 375.29 1.6243 55.375 3.7532 1
137.87 574.12 478.99 478.99 1.2528 1
515.2 511.46 154.94 177.85 5.1612 1
248.62 248.45 49.117 34.133 2.5568 1
213.18 213.21 47.876 31.62 2.4918 1
209.91 209.96 39.122 50.371 2.5213 1
242.05 245.89 27.592 50.287 4.6993 1
501.65 515.39 143.1 143.44 10.089 1
254.57 254.86 50.383 34.116 1.4948 1
251.29 252.33 35.3 47.92 3.1082 1
381.62 456.61 54.971 53.39 3.0904 1
593.24 603.78 36.733 1.1524 6.0808 1
315.37 500.53 164.04 145.7 4.964 1
403.6 379.76 1.3604 48.815 3.3723 1
248.03 239.47 249.37 121.52 5.9801 1
473.03 493.53 1.0148 48.136 3.3472 1
478.72 318.04 357.39 394.82 7.7087 1
194.5 192.35 46.732 29.189 3.2401 1
492.84 381.6 49.058 51.917 3.4276 1
114.95 117.64 31.479 46.667 3.1155 1
104.47 102.97 31.653 50.482 4.3874 1
242.78 254.05 18.21 17.083 2.861 1
619.19 621.48 69.392 58.101 3.6497 1
495.75 477.02 45.213 1.4571 3.4564 1
170.07 168.59 41.523 27.934 4.4042 1
253.84 268.17 16.73 6.5336 4.0541 1
382.46 407.95 50.802 1.0235 3.5581 1
164.8 167.05 29.038 46.408 3.5584 1
121.13 118.78 48.105 30.256 3.4913 1
297.87 310.44 44.065 42.034 3.3034 1
122.39 124.8 30.269 47.783 3.5451 1
93.076 77.997 37.005 38.862 5.4208 1
378.79 379.21 50.383 1.6149 2.8556 1
77.989 80.139 41.391 53.951 3.0634 1
499.28 497.73 20.389 37.973 8.8261 1
219.2 242.76 16.773 18.374 4.056 1
167.83 181.7 45.82 47.133 3.7333 1
367.1 369.43 57.895 1.5344 7.8941 1
76.984 74.025 53.105 41.651 3.6308 1
97.125 94.609 50.802 39.022 5.068 1
260.12 272.18 51.983 48.569 4.6302 1
114.86 109.47 46.786 29.404 4.7763 1
499.91 499.74 1.5844 24.111 8.7219 1
42.446 46.482 41.383 55.048 4.5777 1
113.97 130.6 50.513 48.246 4.5604 1
501.69 584.07 39.304 35.494 5.3194 1
622.49 639.54 57.478 60.598 5.698 1
239.44 236.73 120.53 82.867 4.1817 1
302.47 250.17 371.25 253.52 5.0957 1
66.551 78.651 57.567 54.656 5.4461 1
316.49 316.82 327.87 269.13 2.5354 1
200.81 210.49 6.6341 10.038 4.367 1
316.85 317.07 267.88 200.37 1.4584 1
639.91 621.13 72.916 68.965 10.752 1
598.91 591.55 0.93735 16.591 5.0567 1
58.754 64.458 58.595 54.6 3.7887 1
314.58 302.42 395.78 371.22 6.2374 1
316.94 315.95 192.91 165.31 3.4793 1
369.09 502.14 76.71 136.99 3.6679 1
315.93 316.2 390.38 327.88 2.5055 1
321.46 314.97 401.48 393.2 9.7585 1
502.71 502.77 49.124 40.374 2.5441 1
20.77 15.948 49.344 30.549 4.5643 1
639.21 624.06 1.6499 54.105 4.0562 1
314.13 314.13 267.88 324.13 1.25 1
311.8 312.45 382.88 187.87 3.1318 1
7.1883 11.898 31.449 46.54 3.4277 1
311.52 271.36 67.43 76.749 4.3259 1
36.595 26.455 43.224 42.349 3.6287 1
1.6826 17.897 49.793 51.398 6.0965 1
504.13 320.36 177.9 198.99 3.0561 1
48.84 47.405 52.905 39.174 3.1364 1
586.83 564.03 70.64 65.809 3.0364 1
585.61 590.94 26.411 1.2154 5.4089 1
24.091 36.858 46.825 49.021 4.0801 1
394.13 422.87 180.02 180.51 1.4007 1
438.82 424.17 209.22 213.05 2.6813 1
47.846 40.296 34.545 34.029 3.9967 1
456.63 501.66 52.966 51.13 3.5941 1
426.61 389.11 178.26 177.03 1.4138 1
314.13 314.13 200.38 261.63 1.25 1
266.94 315.51 113.81 162.74 2.8395 1
507.87 400.45 154.1 164.87 2.7335 1
257.84 369.18 82.18 76.35 3.0912 1
311.61 364.09 60.011 57.194 2.4049 1
159.13 155.97 27.874 1.5535 3.3247 1
639.08 590.17 93.039 78.56 4.6534 1
605.79 596.62 43.582 36.637 7.5173 1
621.89 606.53 41.53 43.22 4.4233 1
230.68 175.32 81.866 74.503 4.297 1
310.61 309.96 42.835 59.158 4.9961 1
468.07 476.19 361.4 368.38 7.8866 1
330.29 416.6 194.57 185.11 3.0132 1
162.83 161.21 65.38 47.798 3.0627 1
565.37 594.14 61.59 58.036 2.8024 1
437.84 449.23 182.52 181.46 2.1426 1
365.35 312.85 59.909 62.449 2.195 1
420.32 386.6 213.9 212.05 2.2906 1
491.55 497.03 270.36 239.2 1.8127 1
497.71 500.86 235.35 217.96 1.4531 1
422.86 445.37 263.24 264.23 2.8837 1
451.55 501.58 181.02 174.98 2.3322 1
592.5 626.48 75.344 85.848 3.149 1
242.18 245.41 50.306 76.466 3.5683 1
432.88 401.63 56.625 56.625 1.25 1
17.946 35.85 1.5868 35.121 4.4946 1
392.87 416.64 215.51 216.18 1.7125 1
333.29 318.66 410.97 401.64 5.9417 1
487.64 490.93 291.58 272.97 1.3728 1
489.45 469.83 46.485 1.3206 2.3485 1
481.47 486.62 325.35 296.62 1.6405 1
431.63 454.11 200.2 200.81 2.7744 1
519.37 523.98 35.408 1.6057 2.477 1
79.259 54.21 88.477 90.291 4.553 1
527.52 522.17 1.5683 35.461 2.4074 1
352.89 336.64 169.27 170.59 1.7518 1
40.615 23.335 31.487 1.3613 4.1775 1
309.54 309.5 6.6262 22.872 5.0214 1
331.61 319.09 171.45 172.31 1.5899 1
420.37 380.37 278.35 278.16 1.3734 1
174.24 165.33 74.262 73.311 2.2207 1
437.86 454.13 167.12 167.68 2.7536 1
457.85 471.62 156.15 155.33 1.692 1
475.39 507.8 154.27 150.93 2.1393 1
381.25 394.35 38.934 12.987 1.6793 1
395.38 376.63 165.51 166.76 1.8285 1
589.13 571.62 42.257 42.186 6.2297 1
617.88 586.72 60.442 62.864 3.2542 1
417.88 436.68 160.42 158.39 1.9137 1
425.37 436.56 319.2 320 1.6871 1
410.38 386.63 335.88 336.11 1.456 1
28.296 42.387 2.205 22.342 3.1765 1
89.194 80.281 88.46 87.531 3.0053 1
124.08 85.568 80.121 86.535 2.8777 1
314.12 314.12 340.38 362.88 1.25 1
311.65 312.13 184.13 170.39 1.5146 1
