136.62 574.12 478.99 478.97 1.2682 1
638.98 638.98 412.87 147.87 1.2578 1
188.47 185.14 94.247 76.435 4.3761 1
198.44 188.5 150.73 96.283 4.4899 1
215.39 198.03 246.4 148.87 5.1 1
308.74 600 14.141 102.84 4.7336 1
533.01 446.89 282.61 403.07 4.9051 1
449.05 214.21 396.74 247.75 10.657 1
595.61 565.45 115.94 194.92 4.0975 1
508.5 451.96 203.06 393.85 4.6151 1
565.27 532.35 195.33 281.42 3.6736 1
183.52 308.52 66.901 14.402 4.1037 1
600.32 595.52 103.6 115.43 6.5135 1
31.635 17.91 24.737 24.512 3.893 1
18.243 29.368 21.213 19.25 3.982 1
188.89 505.87 69.687 204.65 4.3935 1
146.15 83.008 72.801 47.543 3.7144 1
80.578 66.859 46.078 40.993 3.5161 1
154.97 58.906 73.22 116.13 3.3023 1
70.283 85.164 38.131 43.464 3.2852 1
88.914 154.74 45.909 71.983 3.5765 1
127.91 201.77 26.777 8.463 2.4662 1
55.616 144.85 113.42 74.175 3.1098 1
593.63 509.85 111.18 203.65 3.6491 1
92.608 126.47 40.954 27.484 2.2976 1
13.648 16.668 1.2356 7.2327 4.4817 1
201.63 142.97 11.646 25.786 2.6042 1
225.33 201.94 1.5038 11.145 2.1086 1
1.7249 17.69 94.356 87.448 1.2059 1
139.11 113.89 26.588 34.644 2.2318 1
111.53 91.797 36.384 44.54 1.9104 1
15.775 8.4662 15.153 1.9908 3.0369 1
215.19 196.6 85.821 77.941 1.851 1
