638.98 638.99 412.87 147.87 1.2592 1
136.62 575.37 478.99 478.98 1.2594 1
223.52 196.66 239.42 70.171 4.7602 1
340.92 575.74 35.45 159.55 4.3799 1
576.38 511.17 161.1 346.46 5.3276 1
197.42 264.57 69.643 128.62 3.8708 1
133.17 119.91 29.351 37.632 8.3478 1
228.7 222.7 245.86 239.38 3.6664 1
121.12 110.6 35.468 37.691 7.3378 1
150.35 132.98 20.49 17.305 4.4673 1
510.93 371.55 346.79 435.8 8.0996 1
374.43 228.33 432.63 247.25 7.7371 1
107.9 72.895 41.341 37.685 3.3402 1
48.745 81.993 38.025 32.65 7.9654 1
225.27 340.72 62.442 35.605 4.4387 1
11.617 34.128 44.89 45.137 2.6644 1
129.66 126.68 15.526 1.3508 3.4732 1
92.899 64.077 25.598 28.671 3.1484 1
61.666 121.66 24.64 23.259 3.4773 1
217.78 199.12 91.728 75.385 1.4125 1
82.757 109.05 35.717 37.669 4.3875 1
40.493 22.941 45.967 49.458 3.1768 1
33.847 48.835 43.314 38.171 8.0099 1
71.512 41.309 37.448 45.429 3.4441 1
220.57 195.83 63.828 47.191 3.397 1
198.97 223.91 44.945 61.936 4.0879 1
36.847 1.6147 104.98 114.09 3.0863 1
152.53 148.96 15.463 1.6677 2.6897 1
1.458 52.115 111.01 97.166 3.6257 1
194.09 186.22 45.428 40.319 3.145 1
67.619 53.642 27.253 21.562 3.0018 1
3.3226 6.912 16.125 28.304 6.2096 1
245.44 270.36 32.126 28.979 1.8666 1
17.678 1.3886 73.604 79.748 3.088 1
204.7 222.24 99.034 210.28 2.4534 1
219.15 239.19 37.971 33.126 2.0962 1
280.4 315.51 28.051 22.444 2.1172 1
263.27 399.32 127.63 244.11 2.9532 1
208.99 217.67 65.877 64.278 2.2116 1
347.98 305.59 15.754 27.401 3.1656 1
316.82 350.68 22.231 11.309 2.4558 1
228.82 224.78 257.97 245.57 5.9691 1
56.606 37.604 97.822 104.62 2.9382 1
195.45 150.12 90.649 103.2 2.6685 1
232.77 204.09 37.471 45.24 2.615 1
72.842 54.153 1.4115 4.3044 2.316 1
304.2 245.43 27.233 34.559 2.1787 1
376.18 348.24 0.73629 14.847 2.2543 1
1.4646 11.571 76.153 72.717 2.0122 1
149.36 195.5 99.962 87.068 2.566 1
222.52 226.99 212.93 240.52 2.0676 1
508.49 525.05 344.34 296.95 1.8225 1
82.62 95.194 30.706 27.221 2.6549 1
104.11 126.49 81.567 74.915 1.5876 1
373.01 326.5 217.72 178.02 2.32 1
351.58 369.02 10.296 1.4248 1.7197 1
545.21 518.05 146.93 132.55 1.25 1
126.58 106.44 77.705 83.486 1.5582 1
515.5 471.58 131.39 107.97 1.4698 1
232.47 227.43 274.26 258.86 3.1125 1
81.784 55.552 13.949 17.824 3.8503 1
424.15 399.03 227.92 238.92 2.3653 1
94.222 91.233 10.344 0.95396 4.7645 1
396.55 385.59 237.97 228.86 1.4477 1
547.66 565.26 173.68 165.14 1.7707 1
