536.15 499.04 108.69 255.35 5.0221 1
135.37 574.12 478.99 478.98 1.2658 1
543.4 536.56 81.102 106.94 5.3682 1
638.98 638.99 411.62 147.87 1.2594 1
561.7 601.72 51.87 49.746 5.0037 1
227.76 542.03 164.96 80.64 4.7994 1
605.47 585.34 50.825 55.194 4.1948 1
524.68 487.89 38.866 25.342 3.5897 1
476.1 514.83 18.102 31.903 3.4652 1
639.16 614 38.017 43.559 4.2 1
434.95 543.27 26.217 80.827 4.5857 1
168.21 434.42 80.77 26.813 5.0156 1
604.03 637.51 43.789 34.113 4.8583 1
486.95 440.92 25.884 5.4043 4.8289 1
434.37 462.77 0.82291 9.4766 3.1202 1
256.06 250.33 355.17 335.76 8.7459 1
501.22 254.65 258.11 357.33 9.7859 1
442.58 425.48 6.3535 1.2649 3.3664 1
585.41 561.61 55.466 54.771 4.9249 1
515.16 547.05 32.081 47.129 3.5819 1
173.69 171.35 108.25 97.659 3.9315 1
172.06 167.17 91.414 81.359 7.2917 1
252.73 224.67 334.35 162.99 4.4154 1
204.77 173.68 253.01 108.68 4.3412 1
461.14 475.77 8.9995 17.158 3.6522 1
571.54 599.27 38.696 41.399 3.5208 1
601.63 560.4 44.113 42.391 3.541 1
535.97 524.79 46.836 40.457 3.7177 1
591.42 554.16 73.354 57.786 4.1161 1
555.27 571.64 42.328 39.195 2.9254 1
560.07 637.56 57.437 86.214 3.3817 1
612.98 604.35 46.919 49.915 5.4943 1
247.19 204.96 336.95 253.7 4.7991 1
554.99 536.19 56.362 48.997 2.7837 1
639.04 591.87 89.365 73.392 3.5331 1
627.62 613 52.57 48.652 3.6222 1
596.5 606.39 41.052 42.874 2.4587 1
616.71 630.5 46.291 49.914 3.309 1
224.18 174.76 163.23 90.792 4.4883 1
621.33 628.67 77.784 54.373 8.3502 1
509.4 513.12 201.69 186.69 1.8369 1
520.38 528.27 157.88 126.73 1.8739 1
513.91 519.39 184.07 161.69 1.5361 1
534.02 499.13 86.228 95.402 1.5268 1
