289 326.82 12.535 17.724 3.7641 1
270.03 287.85 7.8086 12.957 3.9768 1
319.06 276.62 19.62 14.167 4.0034 1
265.36 232.44 321.37 162.45 4.4235 1
638.98 639 411.62 149.12 1.2658 1
137.87 574.12 479.03 478.96 1.3026 1
327.75 395.47 19.867 31.051 3.9929 1
276.9 258.25 14.261 1.0982 4.0243 1
393.29 318.87 34.066 21.975 5.2162 1
231.03 413.31 162.66 46.056 4.4978 1
545.47 516.33 100.12 230.31 4.6237 1
394.18 551.23 229.18 76.25 5.2324 1
264.32 272.28 1.3696 7.4107 3.2271 1
551.53 545.42 77.501 99.485 4.4164 1
389.64 265 396.2 321 7.4277 1
423.12 454.29 38.018 32.541 5.2231 1
1.3125 19.071 5.1592 1.3731 4.1888 1
393.07 415.45 31.874 36.238 3.7419 1
180.26 112.87 1.265 22.869 3.3891 1
111.86 169.18 19.879 1.8003 3.632 1
422.5 393.73 43.069 35.673 5.81 1
507.21 505.4 1.3495 13.948 5.8297 1
517.41 424.41 231.91 355.28 5.5482 1
1.4583 112.64 40.767 19.17 3.9281 1
454.11 428.05 36.549 41.351 4.4641 1
480.36 422.6 55.432 44.291 4.2431 1
111.79 1.4211 22.457 44.347 3.8297 1
460.63 477.03 19.612 11.166 4.0051 1
479.01 483.13 11.054 1.2071 8.555 1
395.55 388.61 393.75 398.34 5.9029 1
430.36 461.62 23.937 23.601 2.8095 1
463.35 453.59 25.825 36.057 4.5653 1
548.86 456.8 75.382 55.817 4.784 1
430.56 480.34 43.093 51.826 3.4129 1
38.759 1.3361 0.11406 9.183 4.0878 1
541.04 553.33 0.97763 13.686 2.0069 1
423.91 393.24 355.21 395.08 7.3184 1
480.3 499.13 21.67 22.785 3.0783 1
418.13 429.31 29.673 24.521 3.7511 1
505.35 482.81 15.598 16.058 10.1 1
235.2 394.19 163.28 231.46 4.446 1
554.98 536.98 18.295 1.2523 3.004 1
474.31 464.37 16.987 22.098 3.9378 1
474.17 462.9 28.604 27.632 2.8127 1
449.18 423.83 25.71 29.762 3.8038 1
553.88 575.38 14.463 17.842 3.6341 1
466.67 475.46 24.84 25.559 2.3899 1
595.36 613.26 16.69 21.416 6.362 1
576.62 595.38 17.549 17.656 2.5718 1
236.84 255.85 167.83 260.28 2.4372 1
625.21 639.34 30.132 28.574 3.8644 1
474.5 477.18 49.013 28.106 8.2025 1
620.95 603.53 34.579 21.968 3.3169 1
582.78 555.39 22.368 19.042 4.2893 1
639.15 627.87 34.977 35.129 3.8001 1
550.35 575.39 60.535 64.007 3.0278 1
574.16 546.75 67.666 63.343 2.2747 1
552.67 580.3 90.156 95.723 2.4508 1
613.97 626.75 18.795 20.88 4.3052 1
413.92 435.35 46.487 50.484 2.8327 1
519.22 542.96 4.8063 8.5783 2.273 1
515.71 507.2 15.687 24.738 4.4446 1
569.11 552.89 96.718 94.042 2.0598 1
531.66 542.89 17.428 16.899 1.6601 1
602.91 590.33 23.938 21.881 2.4672 1
560.78 558.68 22.781 41.575 3.041 1
