560.22 515.13 48.76 222.49 4.8776 1
136.62 575.37 479 478.98 1.2683 1
638.98 638.99 412.87 147.87 1.2599 1
223.79 183.28 254.5 84.979 4.3458 1
183.36 430.16 83.102 2.234 5.2772 1
509.98 560.14 69.813 47.666 7.6332 1
308.38 223.38 352.59 254.94 5.8469 1
285.43 510.68 167.99 69.467 5.3707 1
516.54 307.23 223.99 354.34 8.9136 1
495.76 467.18 13.519 0.41147 4.7845 1
475.5 503.95 1.1987 9.7103 4.1962 1
306.5 286.08 347.89 169.19 3.761 1
511.71 551.75 12.698 9.4479 4.9513 1
560.88 536.77 7.2739 16.981 6.0238 1
536.63 514.12 16.402 16.327 5.0207 1
575.04 559.97 10.176 5.4114 4.7675 1
514.03 497.04 20.602 13.685 6.2601 1
520.54 571.6 19.778 34.212 3.5832 1
187.77 204.16 90.4 159.12 2.0861 1
597.42 513.98 45.735 22.127 4.7224 1
454.31 555.53 9.8529 44.936 5.0729 1
573.51 578.4 32.747 9.2336 9.742 1
551.55 510.32 3.04 5.7139 5.509 1
623.6 614.9 1.0178 8.5841 4.0892 1
567.98 578.04 3.6354 5.8912 2.8381 1
585.32 606.58 2.588 3.6982 3.4841 1
515.27 524.82 210.35 173.05 1.8312 1
639.23 629.18 89.938 87.635 2.1258 1
525.48 546.77 170.4 86.661 2.0749 1
256.46 228.71 141.83 119.64 2.1496 1
431.6 445.55 2.9652 7.3107 1.6835 1
