458.65 437.25 80.147 242.79 4.8914 1
136.62 574.12 478.99 478.98 1.2599 1
150.18 363.17 65.957 137 4.7725 1
638.98 638.99 412.87 147.87 1.2545 1
181.93 147.86 219.06 65.102 4.9736 1
372.76 179.97 326.61 221.12 9.3956 1
363.23 457.58 135.96 79.476 4.6557 1
436.79 360.97 242.98 314.75 4.3803 1
596.81 511.69 14.027 2.3801 4.0414 1
616.67 549.09 8.711 1.9688 4.4761 1
565.4 622.93 1.2158 4.3801 4.4995 1
639.43 596.93 22.397 14.874 3.3447 1
150.29 254.46 63.87 30.172 4.3374 1
561.59 613.04 5.5796 14.42 3.0989 1
522.89 560.46 1.5236 5.9113 2.2114 1
629.2 612.84 8.6713 9.2531 3.7476 1
426.31 421.9 184.02 197.96 2.7606 1
433.89 428.64 110.27 121.4 2.7943 1
614.03 639.34 14.634 19.168 2.9017 1
409.14 424.48 186.7 183.16 3.6536 1
413.67 363.14 132.16 164.54 2.1868 1
420.56 418.02 230.11 240.41 2.7264 1
417.46 405.76 240.16 249.6 1.8837 1
412.9 429.44 137.99 134.28 3.5336 1
416.89 399.37 200.9 209.63 2.2417 1
417.75 432.07 112.48 108.07 3.5833 1
255.01 455.2 30.644 78.593 3.8801 1
403.65 419.41 231.44 226.24 3.1828 1
442.34 445.63 181.55 157.91 1.7873 1
445.71 452.04 155.42 110.43 1.9526 1
365.08 404.05 159.91 135.26 2.5011 1
353.55 353.84 246.62 142.87 2.5392 1
360.33 325.33 139.25 128.01 2.9707 1
420.28 400.41 125.1 131.72 2.3742 1
432.95 447.51 116.74 107.31 1.8494 1
320.72 201.57 126.84 86.803 2.8347 1
428.03 412.84 113.4 117.74 2.2917 1
390.37 368.97 322.88 320.55 6.7537 1
449.93 425.31 92.109 106.52 2.3144 1
451.73 435.07 108.03 118.64 1.8666 1
356.74 356.56 164.12 225.37 1.2538 1
439.26 441.93 199.15 184.18 1.4865 1
363.04 362.77 144.11 159.14 2.7386 1
39.08 24.453 5.2816 12.308 3.4687 1
362.55 361.92 167.85 216.65 3.2288 1
376.22 395.68 256.15 239.48 1.4933 1
362.33 360.86 224.18 242.91 1.8073 1
23.639 9.2344 12.148 21.789 2.5076 1
