470.68 461.7 1.5342 95.382 4.2091 1
522.63 481.63 255.04 438.85 4.5518 1
638.98 638.98 412.87 147.87 1.2552 1
527.44 522.85 231.25 251.9 4.0703 1
337.91 307.8 48.652 46.437 5.0415 1
331.29 324.44 11.346 19.602 4.1947 1
320.83 315.8 18.957 5.2198 3.5615 1
334.08 339.97 25.352 13.917 6.1622 1
342.45 339.92 11.697 40.445 4.5421 1
348.84 350.46 21.458 6.6345 4.1345 1
157.87 139.13 22.966 22.699 2.6244 1
329.78 330.58 81.663 67.814 2.9282 1
135.37 575.37 479.01 478.99 1.2692 1
353.69 353.36 1.5843 15.417 3.9304 1
305.58 315.44 11.02 27.066 6.7127 1
352.6 352.27 24.085 36.609 2.631 1
335.82 337.08 83.005 66.564 2.7844 1
294.65 296.77 6.5697 26.61 3.9924 1
205.89 202.39 73.046 57.987 3.2828 1
254.2 254.89 56.569 72.843 2.6027 1
281.65 264.14 26.163 25.119 2.2724 1
299.86 299.29 257.88 212.84 5.316 1
169.72 168.33 76.857 65.472 3.4194 1
279.47 278.92 76.653 59.17 2.7314 1
333.61 333.33 66.639 81.634 1.5355 1
326.67 324.99 54.17 101.7 4.8651 1
197.42 194.4 59.042 75.425 3.9147 1
481.67 296.72 439.7 455.2 6.9286 1
133.46 143.87 49.689 77.504 4.2532 1
171.95 173.06 66.472 77.858 3.1284 1
348.35 347.78 39.111 19.092 4.0726 1
290.36 292.19 79.122 69.001 2.5021 1
211.17 210.88 74.154 56.638 2.4786 1
242.86 242.45 59.125 72.9 2.0231 1
412.23 529.5 126.2 218.98 4.1688 1
140.35 156.74 19.814 19.049 6.884 1
353.29 355.19 16.268 25.147 5.6741 1
185.4 171.7 63.329 64.134 3.6702 1
338.81 338.19 74.106 84.145 1.7887 1
465.56 474.36 90.394 1.5246 3.4981 1
522.48 467.85 1.3693 86.61 3.5569 1
188.9 186.79 76.851 63.041 4.8412 1
280.86 283.07 67.768 77.833 2.0232 1
295.54 299.84 404.13 259.11 6.2288 1
292.37 292.3 32.876 1.6235 2.5172 1
207.02 208.42 56.591 72.936 3.8428 1
214.21 214.96 56.568 74.09 2.976 1
176.43 175.23 76.655 68.953 2.8553 1
302.94 305.01 28.871 9.0868 5.2327 1
257.54 257.4 70.365 57.866 2.6408 1
370.47 370.24 5.3601 22.889 5.1612 1
464.09 595.37 94.156 98.128 3.2133 1
469.78 527.03 89.55 1.0769 3.8279 1
238.52 244.37 24.602 1.3713 3.934 1
173.56 189.18 11.368 20.278 6.8204 1
363.74 364.67 19.204 9.06 5.2076 1
556.41 590.09 1.2463 92.979 3.7047 1
123.14 120.42 71.791 55.577 5.3445 1
266.36 281.63 21.823 22.863 8.2467 1
254 280.47 26.414 29.607 3.6166 1
294.55 294.06 457.96 445.28 5.1906 1
387.91 372.76 6.9219 13.885 8.1977 1
301.61 526.63 223.46 219.53 4.6644 1
327.84 339.12 52.326 51.53 3.6527 1
339.24 353.59 50.569 41.984 4.7124 1
593.29 560.36 91.474 1.1744 3.8011 1
609.3 593.27 1.4419 95.228 4.1361 1
217.63 222.31 1.2645 14.328 3.7032 1
387.89 371.62 29.719 30.016 1.5236 1
181.39 192.93 24.101 26.314 3.4477 1
316.76 324.25 26.3 30.14 8.9553 1
286.83 286.59 21.623 1.6107 2.7048 1
145.23 144.67 76.632 65.348 1.6827 1
194.05 204.84 26.505 19.549 3.5261 1
195.31 203.89 19.065 10.15 2.2507 1
293.78 311.2 40.975 51.113 4.2418 1
311.77 326.7 50.432 52.286 3.2591 1
252.46 252.54 9.1201 24.12 5.0742 1
371.62 387.83 26.315 25.924 7.7989 1
105.44 109.52 19.103 31.897 3.5728 1
205.29 211.31 19.095 1.5173 4.7967 1
145.64 136.83 90.762 68.285 2.2802 1
364.84 364.98 7.8907 1.5887 2.6095 1
283.07 265.43 8.4339 2.6964 9.5381 1
363.54 364.56 30.315 20.292 3.6037 1
165.27 169.61 22.528 11.027 4.525 1
295.78 295.27 411.68 404.05 4.0767 1
145.24 166.75 26.933 23.755 4.2158 1
370.34 387.92 33.511 32.378 3.2987 1
600.98 601.59 96.59 85.373 2.4963 1
589.15 470.39 94.642 91.009 3.698 1
1.589 95.405 74.386 76.621 4.5229 1
456.27 465.16 84.355 1.3342 9.5389 1
294.09 291.99 444.27 407.57 10.055 1
354.3 355.75 41.441 32.938 3.2763 1
169.34 181.44 11.247 25.535 3.4492 1
221.83 225.48 15.294 24.574 2.8226 1
92.079 90.589 54.203 38.982 4.585 1
94.397 95.968 1.4898 19.183 4.1775 1
289.54 288.76 6.636 35.399 2.8003 1
443.02 406.79 280.43 284.36 2.8112 1
113.66 122.92 7.1912 17.837 4.5934 1
398.22 400.9 24.016 1.538 4.1677 1
436.52 414.01 344.89 349.84 2.5893 1
96.961 95.82 63.762 54.839 6.8054 1
248.99 248.73 92.877 71.6 3.7497 1
274.75 274.77 286.63 125.37 2.5249 1
132.87 140.33 14.779 29.147 3.4149 1
424.13 414.11 247.66 247.51 1.3872 1
90.321 85.498 38.209 1.2825 5.9292 1
96.744 93.218 77.005 66.51 5.1469 1
160.56 147.79 3.9093 2.269 5.2777 1
601.6 639.15 84.392 84.899 5.1851 1
409.13 425.37 250.3 250.39 1.2763 1
146.73 137.83 2.8448 2.1122 2.9019 1
368.65 368.84 22.856 30.413 2.0272 1
249.34 248.08 61.673 1.6208 3.6706 1
392.66 350.08 102.82 109.84 4.3607 1
442.88 304.11 255.43 258.52 2.6908 1
276.62 411.63 124.57 126 3.5695 1
426.84 407.89 402.34 407.91 2.6093 1
184.14 199.16 104.32 103.43 1.69 1
307.98 270.42 112.42 103.94 3.1069 1
455.08 427.99 241.68 248.34 2.7664 1
412.83 381.55 349.83 347.75 2.8295 1
126.27 129.95 29.24 40.514 3.5654 1
615.68 600.35 1.4464 82.871 4.6826 1
141.6 154.15 8.1405 7.8762 2.71 1
287.71 274.84 406.78 291.54 4.4142 1
407.87 422.87 286.01 285.97 1.2901 1
297.06 278.05 213.07 135.33 2.7517 1
132.41 143.2 26.866 47.705 2.7149 1
269.24 245.58 103.49 99.216 2.5805 1
167.96 141.58 110.44 108.53 3.7187 1
522.88 344.12 229.51 231.31 2.2444 1
506.2 519.3 315.55 255.41 2.036 1
389.1 411.62 351.37 351.85 2.2093 1
411.49 422.89 409.88 406.69 2.2652 1
473.12 480.56 441.03 459.81 7.6745 1
596.59 600.59 92.869 67.91 1.4778 1
143.17 138.1 41.493 30.271 2.3903 1
139.98 128.19 56.768 24.011 4.2317 1
394.48 391.67 77.769 101.63 3.8705 1
377.77 405.36 244.79 249.2 2.2206 1
301.63 517.89 255.66 251.12 2.6951 1
639.35 626.04 34.188 81.811 2.6024 1
406.64 391.62 408.45 408.74 1.493 1
493.61 505.09 372.76 320.31 1.795 1
336.63 309.01 115.3 113.75 5.1321 1
517.87 444.13 253.83 255.52 2.2895 1
128.96 133.57 41.03 49.431 5.6922 1
623.09 639.28 81.685 24.168 2.8605 1
230.43 202.96 102.12 104.92 1.9582 1
469.14 427.86 321.26 321.95 1.8973 1
391.66 375.4 243.9 241.47 2.4724 1
186.72 169.05 107.29 109.84 4.247 1
326.82 327.66 107.88 87.919 2.6031 1
345.24 335.45 111.96 113.37 3.7117 1
381.64 354.14 384.61 385.72 1.25 1
397.73 395.19 41.604 59.278 5.4826 1
202.89 182.89 105.55 106.81 2.4163 1
347.88 321.65 386.66 388.22 1.6925 1
394.12 410.38 94.639 94.922 1.5325 1
504.13 481.64 319.24 319.78 1.6424 1
302.87 302.87 234.13 252.88 1.25 1
410.36 387.86 382.63 383.82 1.7082 1
341.63 304.12 231.73 232.05 1.4746 1
414.09 450.39 95.061 96.294 2.4561 1
452.87 395.36 98.54 97.922 2.9435 1
303.09 302.29 260.38 301.64 1.25 1
439.13 470.39 227.98 227.67 1.2747 1
475.37 520.4 227.66 226.24 2.4198 1
586.24 552.9 91.766 1.6169 2.5394 1
109.73 109.01 84.087 72.803 3.2035 1
411.64 382.88 323.46 324.31 1.6564 1
132.73 110.66 104.54 97.032 2.7456 1
439.03 455.38 271.36 272.87 2.2592 1
364.12 337.86 325.23 326.06 1.6448 1
477.44 473.8 460.26 474.36 5.1942 1
245.23 246.94 7.8921 22.839 1.25 1
431.63 469.14 319.38 318.57 1.25 1
482.87 504.14 317.82 316.91 1.8874 1
386.62 460.37 233.38 232.66 1.4206 1
405.38 436.63 227.88 227.88 1.25 1
432.77 444.12 335.96 337.93 2.4632 1
335.38 352.88 260.37 260.37 1.25 1
306.36 299.16 472.01 463.78 7.0553 1
445.4 425.38 381.29 381.77 1.2793 1
468.5 498.08 79.968 34.258 1.8538 1
510.38 492.88 97.875 97.875 1.25 1
300.38 300.38 329.13 355.38 1.25 1
316.63 337.88 234.12 234.12 1.25 1
