231.21 199.78 300.21 141.25 4.9618 1
638.99 638.99 411.63 147.88 1.2537 1
139.12 574.12 479.01 478.98 1.2727 1
199.64 281.98 140.79 39.412 4.5572 1
376.57 231.38 336.86 301.36 8.2292 1
447.73 311.43 20.409 4.5138 4.8832 1
413.48 448.47 123.08 21.399 4.6627 1
544.13 502.87 2.1189 2.8509 2.8544 1
384.2 379.12 305.61 334.34 8.8339 1
310.86 294.33 4.5038 25.533 3.7206 1
397.49 382.24 172.69 304.2 4.175 1
297.86 270.3 9.2382 5.9714 3.0712 1
504.12 545.37 5.8947 6.6806 3.6065 1
272.96 305.46 3.4197 7.1614 2.9657 1
201.66 395.22 141.43 176.25 4.4066 1
270.35 247.8 4.4315 2.4151 4.4233 1
434.73 423.94 106.32 174.29 3.7834 1
447.28 434.77 30.276 105.48 3.9198 1
423.9 387.86 175.31 305.72 4.2352 1
204.17 230.34 146.62 280.38 2.1283 1
495.98 497.99 47.84 10.381 3.571 1
502.49 500.89 11.608 49.093 3.2662 1
401.17 412.91 156.46 123.69 2.3535 1
500.46 449.1 50.793 45.658 2.9847 1
449.13 494.17 42.855 47.476 2.1042 1
402.88 430.36 12.814 13.377 1.4799 1
639.07 612.78 27.02 23.634 2.0006 1
606.54 585.34 22.271 19.413 1.8796 1
