638.98 639 411.62 149.12 1.265 1
210.95 178.65 301.51 141.22 4.8541 1
139.12 572.87 479.01 478.97 1.2843 1
178 255.78 141.45 41.944 4.7297 1
358.02 211.47 335.96 303.6 7.9896 1
366.99 360.79 294.59 332.94 9.2359 1
384.11 424 150.37 20.337 4.2904 1
379.32 365.03 170.25 294.09 4.1539 1
286.3 265.19 3.5723 31.486 3.7206 1
422.79 287.68 19.795 3.2416 6.1543 1
514.14 471.64 2.6874 3.1423 2.928 1
180.41 377.48 141.44 175.19 4.5493 1
476.6 512.88 7.0155 7.4864 3.9444 1
270.4 220.41 8.9865 1.3856 4.4877 1
419.9 413.36 46.745 89.2 3.7062 1
424.47 419.92 26.703 46.52 2.2574 1
413.43 398.2 90.46 189.37 4.2745 1
397.16 371.14 190.2 295.26 3.929 1
246.64 281.54 2.6974 6.1993 2.9825 1
467.98 469.11 47.878 10.375 3.3359 1
194.98 205.94 205.45 261.51 1.8619 1
473.5 473.37 10.373 49.122 2.5785 1
183.2 192.23 147.81 191.5 1.858 1
388.47 380.79 143.05 169.25 1.984 1
472.97 437.9 50.474 47.625 2.4918 1
639.14 594.1 31.386 28.207 2.4058 1
439.13 462.86 44.123 46.77 1.5242 1
434.11 422.83 46.806 45.931 1.5362 1
