474.06 430.7 156.3 333.59 5.8861 1
638.99 638.98 412.88 146.63 1.2579 1
136.62 574.12 478.99 478.98 1.2664 1
203.88 198.9 237.92 210.19 6.2767 1
199.6 191.21 209.25 71.574 4.5644 1
525.22 639.56 17.193 48.797 6.6303 1
431.22 299.24 333 380.68 6.9049 1
318.73 473.07 63.54 156.29 6.1523 1
306.45 471.74 186.92 157.26 7.3491 1
603.69 591.17 0.99486 34.423 4.6784 1
587.45 598.85 32.721 1.0757 4.566 1
639.5 522.75 61.585 27.75 12.427 1
211.16 307.22 90.829 186.03 4.8754 1
293.13 204.77 380.69 238.25 6.7894 1
560.51 571.83 56.1 53.942 2.7467 1
576.86 558.16 61.763 57.77 4.6286 1
292.87 412.87 2.1252 2.8481 3.1024 1
291.56 301.82 371.62 190.39 2.8262 1
308.84 294.18 394.5 380.28 8.9453 1
639.32 576.79 82.22 63.581 3.5134 1
303.09 299.8 211.64 272.84 2.2567 1
475.29 521.67 16.694 13.463 2.5808 1
529.54 526.05 1.4002 14.308 3.0663 1
452.52 463.52 231.54 186.78 1.6379 1
557.73 526.39 58.427 49.98 3.2007 1
306.13 306.66 211.61 190.38 1.5293 1
193.95 319.23 71.43 63.279 6.3267 1
299.67 302.6 325.33 274.11 2.7099 1
440.56 445.8 280.42 259.23 1.542 1
302.06 305.98 276.65 217.83 2.7439 1
446.42 451.05 256.58 236.78 2.0205 1
525.6 494.1 49.886 35.435 3.3672 1
297.03 299.02 377.89 326.62 3.6016 1
299.41 296.84 275.39 322.89 2.3306 1
304.4 303.32 189.14 207.9 1.6057 1
427.93 425.19 344.93 357.84 6.1892 1
494.16 476.57 27.729 23.086 2.5516 1
520.39 475.32 16.894 19.357 2.8373 1
404.28 389.19 219.82 223.16 2.8526 1
426.67 415.12 184.42 186 3.5468 1
579.07 639.26 60.552 78.674 2.6644 1
296.77 296.22 327.88 342.91 1.25 1
295.12 293.98 349.11 372.87 1.7858 1
155.43 158.92 1.4441 26.654 3.674 1
402.88 417.88 208.25 208.18 2.5379 1
401.62 425.39 180.29 179.62 3.9585 1
370.37 355.37 278.43 278.23 2.5162 1
394.14 409.13 261 260.6 2.5322 1
222.82 195.3 15.144 21.273 4.8904 1
511.45 558.98 40.95 55.826 3.4407 1
364.13 349.13 326.13 325.97 1.3909 1
177.8 162.97 28.775 32.063 3.3905 1
499.35 511.35 33.679 39.684 2.238 1
