135.38 574.13 478.98 478.99 1.2551 1
638.98 638.98 412.87 147.87 1.2522 1
217.58 188.93 246.27 67.506 5.7843 1
225.44 216.36 251.51 246.19 4.2351 1
453.27 447.93 391.84 401.65 4.9888 1
44.189 25.36 25.377 24.408 2.9467 1
315.96 602.05 18.699 110.44 5.5698 1
188.73 316.1 68.796 18.463 5.5327 1
602.94 530.68 111.9 293 6.0395 1
29.146 42.892 20.374 20.137 3.9215 1
506.65 451.01 210 391.82 4.5073 1
444.04 224.66 398 253.36 11.039 1
24.09 1.4554 23.185 20.623 5.6481 1
192.71 504.43 70.737 209.99 4.376 1
156.84 77.992 74.857 41.35 3.7382 1
530.54 454.56 292.7 392.25 6.6959 1
79.033 163.79 38.094 73.684 4.032 1
8.2581 1.5004 34.436 41.506 9.7801 1
164.78 148.76 73.968 80.759 4.4283 1
148.05 67.725 80.793 115.02 3.1297 1
106.99 153.8 93.777 74.594 3.2433 1
588.23 507.93 126.97 209.21 4.1341 1
223.7 221.48 260.17 251.35 4.2087 1
65.351 105.18 111.57 94.91 2.4731 1
224.3 197.88 89.996 77.872 1.9381 1
205.51 179.28 15.927 22.27 2.0965 1
170.37 199.19 20.361 14.456 1.9473 1
