187.91 152.69 246.34 87.64 4.7472 1
135.37 574.12 478.99 478.98 1.2546 1
639 638.97 412.88 147.88 1.2728 1
469.16 447.51 76.463 237.83 4.3883 1
153.56 416.64 88.383 137.8 6.4896 1
447.24 448.8 179.21 190.42 3.1969 1
453.07 455.21 131.59 142.91 2.9209 1
456.95 457.87 107.85 121.63 1.6998 1
441.74 443.97 220.36 235.4 2.6565 1
445.38 442.2 235.04 246.78 5.8058 1
536.55 552.9 3.2889 1.8716 3.2466 1
362.83 467.73 61.97 76.408 5.9306 1
153.69 241.64 87.048 44.148 4.7404 1
415.75 408.66 166.55 251.59 4.1527 1
553.94 593.95 8.8602 3.9206 9.1436 1
432.81 444.49 182.67 179.05 2.4472 1
417.57 415.71 139.02 166.73 3.7481 1
423.11 196 324.81 252.16 10.657 1
407.61 404.1 300.89 314.12 9.0986 1
551.68 531.66 7.6821 8.1878 6.4058 1
526.75 487.84 5.6435 3.4361 5.0628 1
504.18 405.38 11.074 1.5722 5.2407 1
449.41 438.73 136.01 140.72 4.4397 1
451.65 438.4 110.41 117.84 4.2272 1
441.21 411.12 247.09 301.35 4.1342 1
591.66 552.98 10.811 14.068 4.3531 1
493 639.41 5.8458 29.912 3.8188 1
639.14 597.88 2.4855 2.1188 2.5888 1
408.55 404.72 251.68 299.27 3.9633 1
639.25 504.37 34.64 11.466 4.3629 1
486.69 450.41 2.9887 1.0056 2.428 1
496.63 520.39 1.5231 1.7944 1.2642 1
164.73 180.41 126.77 197.87 1.8351 1
430.53 442.29 120.53 108.53 3.5523 1
398.8 407.47 272.85 144.18 2.4817 1
181.11 184.14 200.48 215.37 1.0977 1
408.56 407.67 165.35 189.12 1.717 1
418.62 438.84 157.46 132.65 2.4418 1
305.27 277.94 121 116.23 1.6025 1
255.52 329.23 46.832 57.153 3.1937 1
439.11 416.62 317.19 317.66 3.7231 1
275.35 252.95 115.5 111.21 1.6977 1
406.61 406 191.62 209.1 1.6009 1
397.88 397.88 296.63 277.88 1.25 1
