638.98 638.98 412.87 146.62 1.2535 1
137.87 575.37 479.01 478.97 1.2828 1
207.76 206.74 110.38 85.319 4.5602 1
214.05 208.05 269.18 115.32 4.6317 1
209.12 337 85.388 178.61 5.1917 1
337.53 564.57 178.23 91.552 5.1761 1
567.16 500 89.571 253.46 4.6093 1
500.74 359.02 254.71 343.46 8.8411 1
206.87 440.54 84.002 33.623 4.7699 1
308.49 213.72 371.05 269.58 4.3785 1
248.51 237.22 148.17 124.43 3.8124 1
246.32 238.49 176.74 156.39 3.5882 1
322.1 313.46 364.7 371.79 7.3836 1
244.31 237.83 231.57 210.39 2.9244 1
290.14 257.5 164.76 152.62 2.7494 1
288.95 255.36 195.88 184.17 2.8802 1
262.93 289.29 157.74 167.41 2.6588 1
439.13 566.4 34.113 89.642 4.4402 1
285.25 251.1 253.18 239.16 3.3459 1
242.41 239.12 275.5 262.88 2.7343 1
358.57 322.67 343.24 365.53 7.6903 1
262.76 288 189.43 198.78 2.214 1
344.22 317.52 184.14 364.07 3.0023 1
281.44 266.43 300.81 294.58 2.3957 1
265.28 284.14 248.13 255.32 2.0582 1
337.93 340.75 206.63 187.74 2.7143 1
255.04 278.98 292.38 303.19 2.7216 1
323.39 337.56 307.77 210.33 2.5189 1
212.69 213.42 146.63 172.89 1.5297 1
241.38 257.84 156.08 161.74 4.3973 1
240.2 256.88 124.58 130.96 3.9491 1
240.09 252.99 258.58 263.84 4.2013 1
240.2 254.43 210.9 215.72 3.9528 1
215.25 215.6 199.13 221.64 1.2692 1
201.44 215.81 289.02 275.65 8.1104 1
212.5 237.02 114.27 133.63 2.685 1
256.78 244.18 222.55 216.51 2.3022 1
212.94 214.37 172.87 192.86 1.8738 1
639.14 594.25 22.799 16.892 3.9132 1
251.85 244.93 240.23 229.41 3.2422 1
335.44 300.24 181.54 155.56 1.6041 1
238.27 212.58 138.62 118.24 2.5006 1
332.79 291.28 186.75 155.84 2.3667 1
372.67 341.61 168.6 180.34 2.2793 1
255.66 247.28 183.9 176.01 2.6245 1
215.17 215.99 225.38 246.65 1.4427 1
317.49 321.22 347.82 321.57 1.7705 1
210.97 211.88 119.1 137.86 1.4911 1
330.17 269.14 210.64 162.85 2.449 1
279.53 330.15 167.36 206.92 2.3089 1
259.15 245.32 167.82 161.74 2.93 1
248.51 263.56 173.7 184.89 2.0611 1
248.6 216.46 257.16 225.54 2.0002 1
306.8 334.97 163.89 184.67 1.8638 1
259.19 304 127.79 161.79 2.3355 1
405.26 375.29 156.31 167.65 2.6538 1
289.25 270.17 153.96 139.4 1.8043 1
235.62 252.63 240.13 256.87 1.25 1
324.29 311.32 373.59 376.52 2.4823 1
495.33 493.15 265.09 275.16 2.6035 1
