638.99 638.98 412.88 149.13 1.262 1
139.12 572.87 479.01 478.98 1.2772 1
232.69 203.67 332.91 182.48 4.4791 1
401.93 382.7 162.75 314.26 4.5691 1
203.63 204.88 182.87 87.885 3.9633 1
380.77 232.78 317.29 335.84 9.1375 1
363.21 398.98 74.517 158.47 4.0003 1
206.43 206.67 31.614 82.881 5.1324 1
1.5687 75.366 40.394 38.718 4.9136 1
77.947 90.476 37.34 36.882 6.2458 1
206.5 396.74 181.39 165.51 6.6423 1
305.49 206.75 27.606 32.752 7.6446 1
111.61 1.5917 43.778 45.095 5.3964 1
142.89 127.66 3.0153 4.8007 5.4026 1
89.721 109.36 37.946 27.053 4.3725 1
326.61 318.42 27.883 11.354 2.2816 1
322.91 330.35 11.61 26.637 2.2709 1
111.21 106.9 22.993 7.7967 3.7683 1
113.33 99.351 33.989 39.68 3.0018 1
209.01 218.19 192.9 241.57 1.8038 1
336.6 354.11 8.9814 6.5045 3.1876 1
379.61 397.6 312.94 170.34 1.9619 1
74.947 96.1 25.616 16.637 2.9965 1
231.17 234.01 306.7 322.89 1.4473 1
