638.98 638.99 411.62 149.12 1.2522 1
139.12 572.87 479.01 478.97 1.2833 1
192.45 156.23 334.9 176.15 5.022 1
196.54 223.03 24.937 19.933 4.5168 1
122.81 189.3 17.289 23.495 4.447 1
227.64 208.24 19.854 28.683 3.8289 1
189.14 121.65 27.773 20.15 5.4679 1
60.249 121.68 11.461 18.614 3.9803 1
17.781 59.172 9.1188 12.259 4.5731 1
343.95 192.71 358.96 335.16 7.9677 1
358.99 349.13 201.5 311.74 4.2204 1
1.063 20.325 3.0837 10.504 4.1303 1
67.876 31.59 15.318 14.583 3.7492 1
121.71 61.831 22.098 15.891 5.2236 1
155.68 226.73 175.58 71.694 4.6665 1
444.18 435.24 10.528 13.759 3.9516 1
31.907 1.2494 15.425 8.2242 5.0063 1
350.03 345.64 312.84 355.4 7.1646 1
399.23 369.07 4.1573 5.4341 7.2818 1
471.67 429.13 23.083 24.433 3.4311 1
389.02 252.82 45.259 32.225 5.942 1
253.44 233.95 33.249 62.757 3.521 1
477.54 463.78 8.6832 19.075 5.0084 1
371.5 358.83 141.6 203.07 3.1395 1
225.3 197.6 9.9933 15.163 3.6212 1
191.31 211.19 15.821 8.0203 3.7414 1
435.37 469.13 27.757 27.527 3.7414 1
435.08 449.08 7.1149 5.0706 3.4338 1
462.75 455.2 18.051 18.958 3.7142 1
365.53 389.74 159.16 46.489 4.2243 1
533.88 537.94 16.217 1.3026 4.2755 1
230.3 200.18 34.705 30.567 4.1028 1
211.71 226.71 8.9069 7.6999 2.8929 1
249.12 266.59 3.9474 3.2975 1.7601 1
158.9 357.61 175.92 201.23 4.3911 1
478.34 474.45 1.2688 9.8399 4.343 1
200.55 189.18 29.026 28.275 5.0716 1
207.86 250.37 29.346 32.917 2.8152 1
249.12 230.43 35.439 34.399 2.3573 1
270.44 251.63 4.8239 6.7003 2.3604 1
368.38 360.66 5.7841 1.143 2.7866 1
290.5 305.46 8.2324 3.1375 2.0641 1
367.23 353.44 232.77 315.47 3.4978 1
309.29 287.92 4.6208 11.756 2.7691 1
387.54 368.61 69.087 231.86 4.3574 1
429.9 427.86 67.902 31.556 3.6037 1
432.33 434.55 31.582 67.925 3.2584 1
434.12 390.4 70.379 67.541 2.4617 1
172.79 178.19 234.14 257.8 1.6689 1
390.39 427.91 63.993 67.441 1.931 1
582.93 559.12 48.206 46.662 2.3329 1
620.38 584.12 48.106 48.53 1.5423 1
322.88 346.62 35.32 35.595 1.3224 1
557.85 531.63 46.79 42.869 2.715 1
572.86 591.63 44.552 45.288 1.7387 1
529.04 506.74 42.152 38.435 2.2605 1
348.88 350.6 276.6 260.4 1.3755 1
