638.98 638.99 412.87 147.87 1.2572 1
196.87 274.65 61.374 138.6 4.3973 1
137.87 574.12 478.99 478.98 1.2634 1
560.56 498.85 157.52 342.78 3.9621 1
137.87 146.63 24.12 22.923 3.9906 1
222.52 195.98 231.48 61.336 4.8964 1
498.6 356.36 343.17 421.13 7.251 1
20.411 1.5067 79.753 78.648 5.5022 1
342.25 559.8 31.46 156.38 4.6759 1
32.647 17.717 37.281 32.079 3.2904 1
216.6 197.66 85.401 66.841 1.25 1
353.65 222.04 419.08 230.58 7.0172 1
13.359 27.244 36.791 56.562 6.5514 1
175.55 164.33 18.624 14.787 3.5482 1
150.91 148.75 12.025 1.4458 4.3994 1
0.6234 12.843 25.185 36.732 5.3512 1
232.67 198.07 54.178 60.23 4.5554 1
151.27 127.74 26.653 34.991 8.665 1
236.61 341.89 52.811 31.676 4.2157 1
17.147 1.9064 32.049 22.429 2.6688 1
100.47 113.02 28.581 30.845 6.0309 1
123.01 87.973 35.179 31.842 4.0293 1
27.701 35.97 55.946 60.559 2.7603 1
114.13 127.91 31.881 31.492 2.7819 1
44.076 56.56 38.686 37.296 3.1766 1
58.385 101.84 34.442 26.573 6.6815 1
205.21 232.42 33.092 53.479 3.0103 1
226.81 203.38 53.879 35.965 3.094 1
16.679 1.4447 92.973 101.3 4.6825 1
29.431 21.511 75.6 83.952 7.8818 1
89.128 137.89 19.323 18.597 3.1691 1
1.5775 21.535 19.209 30.534 2.4978 1
102.89 87.864 22.469 21.949 1.6812 1
84.147 70.314 20.344 10.46 3.4854 1
495.95 554.61 341.82 165.54 2.0435 1
26.479 33.323 3.8023 27.225 6.3497 1
34.66 30.372 64.612 75.653 9.2539 1
27.897 49.296 97.987 93.737 3.4347 1
203.88 218.17 91.663 182.83 2.055 1
26.353 19.437 28.022 15.207 4.0681 1
225.52 224.52 247.86 235.34 4.984 1
86.711 58.362 33.189 40.913 3.7265 1
368.2 389.19 231.35 224.3 2.3939 1
390.17 489.22 223.6 185.63 2.6439 1
274.88 347.6 139.63 210.65 2.1222 1
1.3767 12.822 104.43 101.42 2.991 1
20.551 17.065 69.735 77.883 8.6964 1
407.73 370.47 213.75 228.11 2.1616 1
171.96 169.51 10.281 1.5167 2.0714 1
491.73 554.3 184.38 159.57 3.005 1
345.51 321.31 203.99 180.7 1.9366 1
445.47 416.64 199.37 210.4 1.7147 1
228.49 225.35 264.25 248.88 2.4493 1
37.022 42.398 81.117 72.085 2.5828 1
