134.12 575.37 478.99 478.98 1.2647 1
638.98 638.98 412.88 146.63 1.2555 1
200.22 163.06 260.66 80.08 5.7551 1
286.15 584.85 22.117 103.56 4.595 1
450.39 261.37 404.1 298.34 9.376 1
457.83 451.74 387.86 403.18 7.8932 1
163.62 286.32 79.474 22.224 4.9173 1
571.23 561.85 143.17 170.02 3.8399 1
561.65 554.49 170.38 190.5 3.8728 1
554.29 537.93 191.24 237.45 3.9522 1
577.91 575.47 124.14 131.66 3.5957 1
208.7 198.22 266.22 260.94 5.0272 1
537.77 520.06 237.84 287.76 3.6849 1
575.12 571.55 131.95 142.85 3.9528 1
585.42 578.61 104.68 116.52 6.2042 1
581.02 578.44 114.3 123.94 3.6222 1
517.85 503.87 290.89 315.23 4.0571 1
467.5 458.32 348.64 379.63 4.6612 1
505.02 467.52 219.02 348.5 5.1236 1
528.21 504.14 181.85 217.88 5.557 1
225.13 207.51 277.13 268.51 12.35 1
261.17 224.59 298.01 277.34 7.4705 1
166.25 505.58 81.36 209.82 4.3008 1
503.51 463.78 315.53 383.19 4.705 1
577.79 529.06 114.06 181.58 3.6043 1
48.261 71.385 58.666 47.383 2.4088 1
33.659 46.363 51.717 56.13 3.4926 1
115 46.873 85.172 60.929 3.8144 1
51.797 124.83 58.636 84.413 3.6749 1
44.376 29.465 59.663 54.409 3.5368 1
123.73 78.437 85.812 107.78 4.1545 1
25.298 114.14 128.96 86.666 2.8549 1
83.795 135.33 41.765 26.462 2.6946 1
204.37 190.17 1.9916 11.318 2.1791 1
171.74 199.65 16.852 2.6496 2.3676 1
139.04 170.54 26.323 17.184 2.6309 1
168.03 137.73 20.895 29.897 2.6224 1
189.5 169.19 11.203 20.527 2.1791 1
77.961 26.672 108.05 132.97 2.8584 1
111.47 95.14 36.081 40.815 1.8968 1
27.822 42.67 71.547 61.328 1.4841 1
