471.17 453.57 84.077 250.18 4.8146 1
136.62 574.12 478.99 478.98 1.2587 1
638.98 638.98 411.63 147.88 1.2527 1
213.54 211.21 214.02 199 4.1725 1
210.99 181.6 198.71 67.88 4.6309 1
337.26 211.58 300.51 211.47 10.923 1
63.73 66.689 1.3357 22.866 3.7384 1
15.593 20.378 1.0318 12.874 3.9691 1
453.7 362.95 246.54 310.99 8.6681 1
24.516 29.182 1.1566 17.502 3.7786 1
353.51 471.05 140.31 85.764 9.6859 1
14.007 11.408 10.409 1.3293 3.9492 1
29.217 38.183 16.331 21.038 5.0081 1
39.175 44.097 0.94744 10.389 2.1697 1
361.94 337.58 316.14 300.17 9.9237 1
184.22 357.15 69.383 141.62 9.5489 1
456.21 463.52 196.58 127.94 1.9342 1
183.56 289.66 68.465 37.205 7.8803 1
353.83 347.8 304.14 144.13 3.0414 1
215.47 216.56 225.39 216.78 4.1937 1
354.23 354.56 232.87 265.38 1.491 1
463.9 465.44 125.34 114.13 1.7482 1
351.94 353.6 176.65 230.39 2.1748 1
198.81 203.32 130.44 151.53 1.398 1
68.409 72.789 22.721 37.9 2.4259 1
453.23 453.7 260.33 277.89 4.0503 1
636.65 606.61 7.406 5.5694 2.904 1
356.57 356.58 285.38 305.38 1.2564 1
289.78 411.07 37.619 69.965 7.5694 1
392.85 371.98 321.81 319.01 6.7689 1
610.37 639.13 2.0039 2.4083 1.5838 1
593.08 578.99 5.0705 6.4017 6.81 1
356.06 355.9 146.62 159.13 1.3919 1
