638.99 638.98 411.63 149.13 1.2507 1
139.12 574.12 479.01 478.98 1.2805 1
425.21 401.32 146.4 296.97 5.0149 1
402.93 256.69 299.34 335.62 8.1548 1
336.97 424.53 29.797 147.9 5.7461 1
236.79 420.34 182.56 150.16 4.4168 1
20.754 43.958 42.127 37.103 4.0302 1
43.433 56.454 37.331 25.292 4.2429 1
1.5338 17.878 44.32 42.907 3.5208 1
238.38 235.61 199.26 183.86 4.4785 1
58.917 45.891 27.67 40.902 3.633 1
250.5 238.33 279.11 200.11 4.5609 1
13.448 30.804 31.85 20.382 4.8238 1
258.13 251.8 331.8 296.59 8.0453 1
189.45 208.19 29.896 91.529 3.903 1
40.33 5.4368 46.031 48.687 6.5166 1
87.802 69.101 1.2833 5.2604 2.888 1
262.86 190.44 20.234 28.426 4.4287 1
50.481 46.993 18.289 8.646 4.0517 1
56.138 58.178 17.987 26.843 3.2778 1
253.05 250.48 295.54 279.31 3.8994 1
71.694 89.297 8.1384 3.5313 2.3618 1
49.728 22.332 19.67 28.735 3.97 1
141.8 93.092 32.571 41.553 3.1035 1
216.11 200.15 175.7 90.183 3.803 1
102.98 140.39 37.117 29.182 2.5196 1
216.8 216.73 186.62 176.62 3.7587 1
282.48 272.02 15.664 1.3356 3.2205 1
199.96 191.77 89.205 46.597 3.1152 1
65.395 41.6 45.613 47.567 2.7986 1
248.06 218.27 296.91 185.27 3.7047 1
124.22 105.27 4.3848 11.344 2.1548 1
31.707 47.822 20.79 17.606 2.0698 1
276.98 286.92 1.3662 15.163 2.5965 1
416.38 419.6 180.34 159.2 1.6117 1
