264.77 270.86 241.73 134.08 4.4742 1
261.5 265.05 294.2 237.78 4.9185 1
271.55 272.39 124.21 100.4 4.4178 1
638.98 638.99 412.87 147.87 1.2594 1
271.37 271.53 132.92 125.37 5.7279 1
139.12 574.12 479.01 478.97 1.2896 1
372.35 260.75 351.45 294.64 7.5748 1
472.64 458.34 193.61 234.72 5.288 1
420.94 411.64 346.84 370.65 8.1502 1
458.36 419.76 235.11 345.6 4.1373 1
273.41 417.21 97.905 13.883 5.6631 1
480.84 472.19 172.54 193.11 5.2115 1
274.5 478.19 99.354 174.18 6.9682 1
410.67 372.87 369.76 351.64 7.089 1
558.8 493.99 54.757 219.57 4.4032 1
259.09 264.13 321.62 298.31 11.624 1
273.75 268.2 134.11 239.08 2.3714 1
494.28 481.53 218.56 243.46 5.7239 1
267.52 265.08 242.79 291.61 2.314 1
356.49 378.05 160.81 167.31 3.4765 1
480.93 424.46 243.75 348.06 3.822 1
275.25 274.43 104.12 124.14 1.8586 1
374.07 352.79 195.57 189.4 3.2895 1
354.27 369.07 194.91 199.32 3.2355 1
535.36 481.62 90.366 171.62 2.5519 1
380.47 358.8 162.53 156.56 3.739 1
416.73 557.76 14.994 54.542 6.5464 1
332.84 346.54 301.72 306.86 2.1946 1
361.73 341.51 255.08 248.21 3.1958 1
335.43 324.17 180.31 171.57 3.0665 1
386.54 374.19 258.67 257.29 2.9016 1
322.96 315.68 236.54 228.84 2.7734 1
351.43 334.05 304.63 298.09 2.7801 1
258.24 261.31 340.64 322.2 11.71 1
407.91 395.35 168.89 166.78 3.491 1
338.99 328.09 146.81 138.84 2.7557 1
409.8 402.41 372.85 383.43 7.1743 1
