251.44 304.33 25.552 32.544 3.9031 1
226.28 252.46 9.0656 27.229 3.9392 1
291.5 247.82 33.872 28.31 4.463 1
638.98 638.99 411.62 147.87 1.2547 1
305.12 359.21 34.715 42.248 3.4319 1
139.12 574.12 479.02 478.97 1.2915 1
265.26 235.58 342.66 187.36 5.3094 1
342.8 297.96 43.394 37.274 4.7269 1
185.45 225.43 5.5943 8.3869 3.7133 1
232.97 204.27 14.977 8.4656 4.1584 1
247.09 231.7 27.71 16.516 3.5821 1
360.1 390.31 42.92 49.443 3.6934 1
391.28 343.3 54.263 42.397 5.3368 1
1.3313 42.522 11.819 0.35757 4.4191 1
233.44 395.45 187.39 67.976 4.823 1
202.88 185.37 9.5682 9.3938 1.3869 1
396.84 264.89 412.48 342.54 7.7807 1
161.53 114.83 13.828 28.645 3.6652 1
148.89 185.1 14.284 6.5687 3.1665 1
91.531 148 33.85 14.493 2.9375 1
427.05 538.98 225.93 92.751 6.4749 1
114.46 50.49 30.424 47.067 4.1899 1
478.86 476.59 1.6009 26.507 5.9968 1
187.79 162.65 9.856 13.993 3.3101 1
396.96 428.04 50.902 45.012 5.2741 1
428.07 402.02 48.72 54.605 4.8366 1
1.5393 90.7 52.45 34.491 3.6501 1
534.57 506.21 112.97 240.28 5.5454 1
452.56 456.02 20.759 1.0792 9.4838 1
299.05 290.45 35.966 34.807 4.6209 1
407.71 392.93 59.563 53.975 4.3919 1
507.49 396.72 241.25 416.68 7.0163 1
455.34 406.43 66.837 59.113 3.574 1
605.26 625.57 35.126 37.375 11.461 1
476.52 453.96 27.148 28.294 9.0557 1
533.19 532.45 7.8248 21.535 3.8787 1
56.275 1.3961 0.37908 15.811 4.4007 1
502.72 521.82 5.5261 25.189 2.6901 1
539.92 534.62 94.891 113.56 5.3136 1
404.11 446.72 55.444 62.286 3.3513 1
435.95 428.28 38.305 48.486 4.2398 1
432.98 450.15 31.829 22.619 5.4815 1
536.42 440.46 90.144 71.18 4.692 1
49.293 1.4753 46.203 55.886 3.4731 1
512.23 497.88 19.715 4.1249 2.6857 1
404.09 432.86 36.639 35.876 3.1953 1
237.58 407.57 187.4 252.42 3.876 1
625.55 606.46 44.961 45.946 7.3613 1
451.57 471.64 34.029 35.03 2.4346 1
608.07 594.11 45.241 46.417 2.6835 1
391.96 403.17 42.369 37.265 3.5137 1
560.46 579.8 27.559 32.971 7.0295 1
446.59 436.57 40.729 39.722 3.2373 1
427.84 396.42 37.676 42.879 4.7448 1
589.07 602.93 40.984 39.792 2.5933 1
579.47 587.85 35.316 41.653 2.748 1
534.11 560.36 28.294 28.542 3.797 1
585.94 570.49 44.557 33.964 3.3587 1
549.04 522.92 33.53 30.049 3.9642 1
447.44 449.57 60.461 40.29 5.6298 1
580.49 570.82 23.494 5.8147 1.8333 1
242.43 249.57 205.46 242.79 1.8618 1
407.84 398.44 254.12 404.08 3.3592 1
258.63 261.71 290.46 307.86 1.4489 1
522.95 545.39 71.034 74.036 2.3908 1
581.36 591.68 30.271 32.642 3.9347 1
486.82 511.83 16.573 20.231 2.9871 1
632.96 639.76 119.16 100.61 3.7555 1
534.2 520.36 76.075 74.203 1.9092 1
515.98 507.62 7.5081 4.9847 7.4276 1
