136.62 575.37 479 478.97 1.2735 1
638.98 638.98 412.87 146.62 1.2514 1
204.16 165.51 288.13 103.83 5.1522 1
564.35 492.33 230.96 410.91 5.5815 1
602.41 565.71 101.14 231.37 6.9465 1
489.65 201.93 412.08 289.65 10.425 1
277.54 602.48 31.976 100.96 4.7699 1
164.99 277.35 102.99 31.51 4.5119 1
37.888 19.059 12.709 11.203 4.5854 1
73.931 1.3742 104.84 85.045 3.9462 1
169.1 566.65 104.22 219.02 3.9887 1
1.3961 81.042 81.23 102.55 4.0699 1
80.847 49.956 104.05 122.16 3.7162 1
37.827 66.957 53.986 43.826 1.9772 1
1.1898 70.953 145.87 105.46 3.4103 1
50.969 1.776 121.37 150.63 3.1334 1
67.804 111.49 43.904 29.948 2.1989 1
1.4232 36.219 71.204 54.529 2.114 1
152.13 124.46 8.6362 27.128 3.1082 1
123.23 85.615 27.537 42.239 2.623 1
115.6 143.17 28.262 12.122 2.4199 1
38.992 11.207 56.344 69.493 1.7855 1
