187.82 152.95 241.36 86.327 4.6079 1
153.62 416.56 85.523 135.74 4.9158 1
136.62 574.12 478.98 478.98 1.2535 1
639 638.98 411.63 147.88 1.2663 1
467.97 463.66 84.136 119.22 5.5721 1
463.44 448.01 120.28 232.89 4.1393 1
469.3 468.26 75.247 84.022 4.0187 1
361.52 467.78 59.868 74.774 4.5148 1
447.27 448.6 176.69 189.05 2.6197 1
448.25 413.88 232.37 292.2 3.713 1
453.14 454.92 129.28 140.45 2.8622 1
442.16 443.2 219.18 232.85 3.1512 1
507.94 420.38 9.6277 1.6096 3.7523 1
441.67 450.93 132.98 129.25 2.5452 1
526.68 464.17 4.4343 0.80878 3.8161 1
536.55 556.62 2.8143 1.6213 2.4956 1
387.7 196.14 310.96 248.06 8.0283 1
555.16 597.7 8.3538 3.7314 8.7789 1
436.28 445.69 179.4 176.34 4.3396 1
481.77 616.68 3.2041 25.04 3.3599 1
639.39 505.69 32.538 9.7842 3.8026 1
449.42 437.69 133.52 138.94 3.8275 1
438.74 454.52 109.19 104.1 4.6832 1
542.69 527.87 7.4591 4.13 5.18 1
436.65 480.4 1.1758 3.7593 1.9798 1
436.71 414.71 137.95 163.38 3.0905 1
414.18 387.31 317.7 309.81 8.4622 1
451.6 436.38 109.08 116.09 5.2426 1
414.7 410.84 164.07 214.16 4.0236 1
416.52 415.15 136.54 158.02 4.0349 1
430.38 440.63 221.65 218.81 2.7429 1
406.21 402.88 301.48 311.2 6.7229 1
617.64 639.3 25.346 29.441 3.2203 1
564.16 554.14 12.645 12.401 2.5902 1
410.64 403.23 215.29 300.41 3.6852 1
155.62 241.52 83.385 42.655 3.6318 1
596.64 565.21 9.2676 12.621 4.0434 1
429.23 439.67 120.47 108.35 3.2337 1
413.62 408.24 292.58 301.84 3.592 1
417.48 437.24 156.3 132.35 2.6028 1
178.76 190.29 186.71 237.9 1.8587 1
379.05 157.66 132.01 90.253 3.5958 1
157.22 178.22 91.489 184.05 1.8589 1
445.55 456.93 240.21 241.61 4.1893 1
242.84 360.45 43.138 59.86 3.2317 1
639.13 612.88 1.625 1.625 1.25 1
400.96 406.47 224.08 142.86 2.7245 1
465.45 452.17 86.692 102.09 1.5973 1
448.18 465.58 103.14 83.05 1.257 1
429.46 414.41 313.96 316.11 5.6568 1
397 398.44 282.9 259.08 1.7786 1
399.19 400.42 256.63 227.88 1.8879 1
455.77 440.59 153.14 175.52 0.78195 1
196.98 193.08 269.41 256.95 3.2067 1
407.24 405.21 175.32 197.86 1.8056 1
