638.98 638.98 412.88 146.63 1.2527 1
136.62 574.12 479 478.98 1.2668 1
121.59 133.91 26.455 24.204 2.7126 1
573.62 509.99 156.02 341.49 4.7375 1
224.6 196.71 235.5 66.404 4.4751 1
197.5 303.6 65.79 160.97 4.0778 1
509.97 367.97 342.22 429.76 7.9899 1
340.94 573.42 31.652 155.46 4.9033 1
138.89 111.72 28.475 38.129 9.2683 1
146.92 134.43 19.777 13.522 3.3545 1
213.06 198.35 83.911 71.08 1.7856 1
16.962 3.1154 41.886 37.169 4.0046 1
370.15 224.4 425.27 236.41 7.379 1
29.012 44.237 43.33 41.162 3.18 1
42.942 29.174 45.038 46.048 2.5847 1
227.66 341.72 58.178 32.043 4.1876 1
91.434 104.2 33.126 34.754 3.0879 1
109.21 77.899 38.244 35.13 3.2367 1
43.415 84.306 39.047 29.936 7.3205 1
86.625 72.876 25.37 25.23 0.72638 1
135.67 134.35 12.986 1.5989 3.4358 1
105.37 115.71 35.363 33.344 3.2012 1
77.478 44.1 35.137 44.032 4.0252 1
70.386 126.64 22.204 21.137 3.5833 1
223.38 200.01 59.618 44.051 3.1267 1
55.392 6.5668 97.935 111.41 3.319 1
194.3 227.23 35.133 58.258 3.4164 1
1.3682 50.29 109.42 96.308 3.2352 1
9.3176 1.1102 33.443 18.151 3.9762 1
230.05 226.74 260.65 241.6 5.5681 1
158.43 155.59 13.047 1.5709 2.127 1
8.3406 16.632 6.0684 31.623 5.4958 1
31.549 1.6975 67.681 79.311 3.3729 1
73.582 57.174 25.181 16.737 3.2692 1
236.69 256.54 32.032 28.626 2.0777 1
204.69 224.28 94.237 214.1 2.371 1
507.06 568.16 340.52 161.72 2.2159 1
1.2912 16.369 75.566 70.814 2.8251 1
259.16 287.8 28.195 24.748 2.1832 1
319.28 337.74 19.731 14.858 2.098 1
354.08 319.15 12.706 22.956 2.764 1
195.61 154.02 88.747 99.974 2.8355 1
112.84 130.27 77.742 72.527 1.8016 1
304.35 386.28 161.37 233.27 2.4551 1
209.25 227.7 39.585 34.716 1.7795 1
80.944 55.639 85.188 97.181 2.6767 1
290.38 304.13 24.193 22.943 1.9241 1
16.714 30.697 70.551 63.515 2.2689 1
235.34 214 35.252 41.184 2.009 1
319.31 260.45 23.041 30.937 2.7954 1
151.81 195.38 97.288 85.411 2.6371 1
467.94 390.51 200.52 234.43 2.575 1
224.89 227.73 217.95 235.4 1.6654 1
377.35 354.34 0.56759 12.049 2.249 1
392.89 490.19 236.67 193.7 2.3629 1
526.67 570.61 176.73 157.16 3.1754 1
364.2 349.2 210.29 196.55 1.533 1
1.5466 4.0629 90.388 105.59 3.9038 1
93.049 75.036 9.941 13.789 3.2282 1
233.37 230.6 276.3 261.35 3.2808 1
