459.16 427.32 155.11 301.5 4.3729 1
638.98 638.99 411.62 149.12 1.2601 1
137.87 572.87 479.01 478.97 1.2817 1
322.32 458.29 33.495 155.06 4.4014 1
427.63 300.21 302.24 351.19 8.4062 1
196.29 240.94 58.088 127.51 4.131 1
1.4513 10.458 6.7151 24.082 2.7948 1
252.36 240.79 6.614 11.377 2.6802 1
181.44 156.66 3.4619 10.499 7.9118 1
218.5 197.31 195.48 70.47 3.9868 1
229.16 321.72 50.573 33.363 4.1491 1
85.434 122.66 13.099 3.3122 6.2939 1
18.94 11.545 24.193 4.1547 4.0765 1
37.055 43.923 0.70089 22.477 8.7849 1
225.59 218.93 212.06 196.18 6.8457 1
240.37 219.11 12.09 11.932 2.6114 1
13.894 1.7547 23.563 1.5535 2.945 1
156.67 124.16 11.304 6.3773 3.0708 1
123.12 85.639 7.6608 16.493 3.2237 1
236.96 264.09 15.312 7.7436 3.5298 1
2.6311 14.595 74.01 63.406 3.4228 1
1.1618 8.2309 38.765 29.679 3.1022 1
122.75 156.69 2.2815 8.8021 4.1543 1
18.23 4.5274 64.478 78.275 4.4526 1
298.26 293.99 348.34 340.45 7.372 1
298.48 292.1 339.16 205.35 3.6862 1
62.92 53.112 6.5423 1.1911 2.6933 1
293.45 226.65 340.68 212.21 4.4806 1
103.07 51.666 63.703 75.553 3.005 1
53.054 96.739 72.387 62.111 2.7917 1
291.77 374.16 204.64 181.74 3.7476 1
220.37 197.97 52.807 56.01 3.7122 1
12.471 5.5336 32.463 39.261 4.4639 1
232.3 260.11 15.935 43.143 2.9135 1
35.499 19.994 27.05 31.565 9.7529 1
424.7 455.33 299.25 159.11 2.0851 1
255.69 232.17 43.843 21.061 2.7214 1
297.88 322.88 5.375 5.375 1.25 1
84.275 53.146 34.529 46.103 2.809 1
22.851 1.5823 81.405 83.736 2.0767 1
54.232 75.308 41.956 35.167 2.2594 1
321.63 299.13 7.875 7.875 1.25 1
382.88 453.07 179.13 158.53 2.2553 1
437.57 405.71 140.71 112.49 1.4703 1
269.31 256.39 166.5 146.78 1.7671 1
