638.97 638.99 412.87 146.62 1.2657 1
136.62 575.37 479 478.97 1.2833 1
216.73 193.53 248.94 76.369 4.7695 1
590.77 516.66 160.02 340.39 4.3038 1
67.976 82.817 30.578 29.542 4.8137 1
333.46 589.58 39.3 159.58 5.7574 1
394.43 216.31 430.04 249.42 10.495 1
518.14 396.54 338.48 437.48 6.382 1
200.35 333.25 74.043 39.328 4.8919 1
99.549 79.588 22.482 17.332 4.4902 1
89.158 65.455 32.334 41.824 10.442 1
148.87 203.06 39.54 72.57 3.3037 1
196.3 400.86 78.333 221.46 3.5832 1
196.1 145.96 72.492 41.91 3.5312 1
82.245 78.811 17.046 1.6953 3.9814 1
23.028 57.879 36.488 40.336 4.1467 1
55.455 21.656 43.292 40.054 3.4945 1
1.1516 35.289 39.252 32.443 6.3772 1
11.631 75.385 25.763 24.832 3.3757 1
107.45 109.96 1.3974 10.489 3.9475 1
64.459 56.517 41.72 43.691 3.9321 1
25.239 1.3 30.851 24.013 3.9487 1
222.75 218.98 269.15 253.85 4.8543 1
20.415 1.4332 40.574 44.431 3.7144 1
108.06 103.37 15.313 1.4584 2.3864 1
514.36 584.13 337.97 167.88 2.1672 1
198.82 220.16 86.5 247.9 2.6627 1
19.121 5.2006 96.638 92.168 2.8062 1
443.15 401.55 246.69 429.11 5.0906 1
193.08 116.85 86.065 108.64 3.1069 1
115.36 191.97 105.31 82.792 2.8237 1
460.12 443.3 236.19 246.09 2.1541 1
205.36 224.08 33.997 31.282 1.9547 1
189.1 166.54 41.523 47.571 2.4147 1
246.69 270.33 28.354 25.049 2.1036 1
274.21 245.39 27.133 31.745 2.2223 1
16.637 1.6152 2.1067 2.4747 2.5605 1
319.23 284.51 11.888 25.131 2.384 1
117.56 115.85 7.9594 1.5001 3.3758 1
244.12 207.83 31.575 36.272 2.3189 1
223.92 200.02 101.91 84.609 1.4659 1
