549.7 510.1 76.184 248.77 4.8374 1
137.87 575.37 478.99 478.98 1.255 1
638.99 638.98 412.88 146.63 1.2572 1
217.56 176.85 273.89 108.76 4.4365 1
267.62 548.27 188.49 76.374 5.6174 1
487.03 549.27 52.974 74.973 4.6319 1
552.95 525.39 43.5 46.735 4.4531 1
448.87 486.88 20.042 30.72 3.3401 1
517.88 550.36 41.761 41.099 4.1566 1
464.22 423.7 27.552 15.579 3.787 1
387.93 420.33 1.4173 9.3249 3.5853 1
496.84 465.36 38.555 26.671 3.8414 1
591.63 599.82 24.125 0.56212 10.317 1
419.39 447.81 9.6918 20.552 3.2656 1
569.52 553.75 34.842 43.442 4.9879 1
560.42 589.68 32.982 21.162 5.3047 1
550.23 561.49 39.951 36.227 3.5603 1
423.28 377.8 13.826 1.929 4.2241 1
594.29 571.85 24.689 31.153 3.9297 1
511.77 293.04 250.01 374.72 10.201 1
628.68 621.53 1.4896 24.966 4.1587 1
177.41 426.42 106.72 30.952 6.7004 1
573.77 519.97 66.547 50.466 3.6194 1
293.2 217.32 371.64 274.56 8.0034 1
487.31 510.24 32.104 39.545 3.2437 1
524.27 588.93 48.619 67.316 3.5019 1
610.44 600.36 24.702 25.053 5.0839 1
634.91 630.31 4.8927 17.073 4.5458 1
620.45 610.66 27.525 25.339 9.6293 1
521.01 511.65 50.456 45.329 3.6017 1
292.38 265.64 367.95 186.77 4.6824 1
582.89 569.15 39.05 36.509 3.4602 1
549.04 562.9 29.924 31.396 2.486 1
530.22 517.8 45.191 43.426 2.2995 1
557.87 542.87 33.226 33.191 2.5 1
591.52 616.65 32.625 35.166 2.627 1
542.77 516.4 32.249 36.492 4.1422 1
572.89 585.41 34.036 36.459 2.9297 1
517.78 547.83 31.969 28.726 4.7391 1
610.48 574.06 74.899 66.901 3.451 1
181.46 195.87 114.17 172.75 2.049 1
22.641 52.953 5.9374 2.2735 7.8958 1
629.11 620.26 35.329 37.378 3.3715 1
581.7 584.56 63.814 41.52 8.5518 1
1.0086 22.334 8.8351 5.5814 11.498 1
75.359 35.487 2.7957 10.926 4.4236 1
519.27 538.92 195.41 107.83 2.3146 1
172.72 139.03 1.6236 5.8643 3.0962 1
139.18 115.47 5.8064 8.6624 2.9756 1
115.23 1.2915 8.134 24.27 4.6216 1
511.3 514.43 230.31 215.44 1.7388 1
427.12 439.25 31.604 36.299 1.8938 1
96.637 80.379 1.7964 2.9268 2.6674 1
119.11 135.38 2.3494 2.0057 1.5401 1
515.32 518.32 212.86 197.97 1.9673 1
246.05 215.83 169.63 142.52 3.4619 1
201.56 189.19 129.2 119.05 2.3778 1
212.85 204.93 140.4 132.05 2.1435 1
