178.41 141.91 234 77.518 4.5901 1
143.79 397.9 78.132 134 4.9352 1
136.62 574.12 478.99 478.98 1.2575 1
638.98 638.99 411.62 147.87 1.2542 1
459.63 457.34 74.021 90.474 4.0587 1
457.53 438.9 91.413 231.43 4.231 1
355.29 457.92 55.885 72.602 4.3041 1
439.07 386.81 231.59 309.66 5.0954 1
441.34 441.5 127.88 141.63 3.7357 1
568.95 611.57 5.6677 2.2393 5.9292 1
584.04 503.93 18.329 3.9386 3.6021 1
503.01 465.44 3.6241 0.79985 3.0835 1
500.59 639.19 0.42803 24.992 3.4901 1
639.28 584.25 28.256 18.419 3.3888 1
371.22 187.21 308.97 241.28 7.5713 1
427.53 439.37 132.02 127.23 3.2546 1
430.81 430.3 219.1 234.12 2.8791 1
401.11 368.53 317.09 307.38 8.7424 1
425.32 441.9 106.36 102.94 3.9251 1
397.37 425.96 132.44 106.01 3.8943 1
566.71 549.02 4.373 2.7947 7.9146 1
440.52 424.39 107.07 112.43 3.9528 1
612.87 566.62 6.5675 10.251 4.2456 1
436.32 424.86 132.28 138.12 3.4051 1
143.33 235.73 76.417 36.187 3.625 1
416.41 395.68 141.41 161.93 2.6561 1
396.01 386.32 162.75 306.6 4.3679 1
397.29 396.11 135.34 156.67 3.3254 1
185.02 182.1 258.17 241.99 4.8205 1
250.59 147.73 105.67 82.281 3.0482 1
236.47 354.27 36.317 55.739 3.1207 1
164.76 176.45 161.77 211.67 2.0725 1
176.71 180.87 212.86 230.55 1.9331 1
354.2 251.5 127.51 105.99 3.5539 1
435.46 450.31 239.54 241.05 4.8478 1
152.71 162.07 110.41 150.27 1.7883 1
398.66 421.7 154.91 131.7 1.8744 1
146.96 152.06 86.543 107.77 1.6993 1
389.17 355.33 135.17 128.08 1.8502 1
425.26 417.31 112.74 119.74 2.9268 1
454.28 439.28 85.531 100.53 1.7689 1
382.91 387.7 229.13 139.12 2.601 1
414.24 399.53 313.69 315.76 6.1725 1
381.6 382.81 260.37 231.62 2.0398 1
380.1 380.09 287.88 272.88 1.2533 1
