199.09 158.32 287.59 111.23 4.8571 1
135.37 574.12 479 478.97 1.2718 1
638.98 638.99 410.37 147.87 1.2589 1
503.47 471.56 135.24 286.61 4.7528 1
509.02 504.07 108.85 132.86 4.5074 1
157.77 197.53 111.06 44.667 4.0715 1
498.74 509.22 89.888 108.53 4.2233 1
197.88 470.39 44.679 42.055 4.3958 1
471.63 498.46 42.363 87.757 5.6243 1
489.15 207.87 291.08 292.42 9.7864 1
160.37 504.13 111.01 108.6 4.5254 1
620.43 639.51 27.772 38.433 3.7549 1
639.41 616.39 42.369 29.551 4.2442 1
621.68 605.87 7.7503 0.54583 3.7285 1
616.29 620.77 25.253 13.018 3.4078 1
625.85 621.22 11.059 22.714 3.7076 1
164.88 201.55 125.49 284.14 2.1259 1
392.88 289.13 46.625 46.625 1.25 1
489.29 495.31 187.91 157.86 1.4749 1
