284.26 287.94 259.13 149.13 4.3751 1
282.17 284.3 311.65 257.83 4.5873 1
288.2 288.4 142.89 115.38 3.8051 1
638.98 638.99 412.87 149.12 1.2587 1
445.36 281.6 369.16 312.95 6.1294 1
520.39 493.22 153.29 235.08 4.7874 1
139.12 574.12 479 478.98 1.2725 1
287.74 396.24 115.31 13.795 4.3558 1
493.01 447.42 235.42 368.54 4.7952 1
290.1 512.95 115.26 170.08 4.5886 1
447.17 441.12 366.95 377.07 9.0031 1
542.86 519.03 41.355 153.12 4.0703 1
414.12 375.1 171.63 161.42 2.9624 1
395.23 376.31 202.12 196.44 3.1134 1
375.95 400.79 165.8 172.61 4.2777 1
376.68 394.22 200.17 205.03 2.3346 1
281.34 284.92 337.63 315.1 9.1163 1
417.88 390.37 263.62 263.54 1.3191 1
440.39 415.37 172.42 171.86 1.7286 1
381.52 364.3 260.75 256.01 2.619 1
396.34 541.38 14.37 41.697 4.2553 1
405.35 380.34 313.49 312.68 3.0699 1
291 287.14 149.15 257.89 2.3804 1
287.14 285.27 261.64 310.37 1.825 1
499.25 292.75 202.39 148.34 2.702 1
394.12 419.12 266.43 266.06 1.6204 1
506.78 347.84 178.52 138.01 2.3965 1
291.11 290.78 117.87 142.86 1.5808 1
431.6 400.35 204.79 203.65 2.8614 1
382.87 406.63 315.68 316.06 1.5324 1
286.86 284.29 334.05 325.33 4.4424 1
401.63 425.38 206.45 207.72 1.7831 1
411.63 437.88 173.94 175.24 1.9318 1
360.37 399.21 144.15 153.77 2.3896 1
292.62 356.46 145.07 162.24 2.364 1
411.51 456.8 157.07 168.43 2.4154 1
361.74 352.89 155.07 151.58 3.2439 1
582.88 555.4 10.23 8.6424 3.3834 1
639.02 610.28 4.2103 6.7811 4.646 1
