638.98 638.99 411.62 149.12 1.2523 1
139.12 574.12 479.02 478.98 1.284 1
76.61 189.21 1.8562 9.0298 4.5059 1
170.41 135.38 11.253 7.8644 4.8971 1
134.14 87.864 8.719 6.9205 3.8928 1
72.876 27.872 2.533 2.3493 2.6786 1
212.79 178.74 318.87 163.66 5.5466 1
207.84 223.15 9.0107 3.6634 3.5964 1
226.68 205.78 5.5102 13.886 3.9503 1
393.72 365.44 87.829 337.88 5.6573 1
178.1 234.51 163.73 65.598 4.5815 1
191.66 206.68 9.6177 8.6798 3.1184 1
262.35 239.06 18.288 59.087 3.8764 1
362.85 211.78 340.58 320.46 8.8363 1
466.63 443.98 4.216 6.2488 5.6503 1
399.06 261.54 28.661 17.686 5.9846 1
422.83 440.39 5.5385 10.322 2.5242 1
201.56 170.43 15.936 12.399 5.8148 1
443.03 423.8 7.1347 3.2012 3.4515 1
242.86 203.96 20.506 17.517 3.9321 1
26.694 14.113 2.4416 1.9228 2.5494 1
89.06 62.894 6.1409 3.9064 4.8755 1
206.67 251.6 14.813 18.259 3.261 1
181.52 380.4 163.86 185.15 4.8355 1
441.61 470.41 9.7892 8.9941 3.9901 1
391.02 399.8 95.462 30.298 3.8834 1
432.47 429.2 50.412 14.006 3.5301 1
432.96 437.41 10.366 50.427 2.7612 1
437.88 400.34 52.677 51.416 2.0791 1
365.59 360.4 342.93 361.63 1.741 1
387.52 390.24 121.58 97.859 1.9534 1
322.88 349.15 18.898 19.717 1.3663 1
401.65 427.83 47.596 49.687 1.5965 1
571.63 540.4 27.776 25.079 1.5679 1
