270.16 271.39 130.42 102.92 4.3058 1
261.63 270.06 296.69 134.24 4.7168 1
638.98 638.98 412.88 147.88 1.2515 1
137.87 574.12 479 478.97 1.2769 1
411.28 260.93 369.83 296.74 6.172 1
272 413.09 101.38 18.241 4.3058 1
273.79 478.45 102.56 176 4.9364 1
472.59 458.53 196.53 236.85 4.9711 1
481.03 477.2 173.88 183.11 3.6505 1
421.01 412.72 349.35 372.37 7.4803 1
458.51 420.18 237.23 348.63 4.5371 1
477.12 472.28 183.36 196.1 5.1641 1
335.15 380.09 156.12 170.04 3.5821 1
386.42 353.94 167.4 158.56 3.2994 1
352.82 372.79 195.56 201.89 2.8197 1
555.09 491.93 58.526 220.98 4.6686 1
413.4 554.28 18.467 57.323 3.908 1
376.53 345.43 199.46 190.19 3.2369 1
259.82 263.07 336.8 300.28 12.428 1
274.61 272.76 105.41 129.12 2.1039 1
366.32 341.61 258.77 250.43 2.7546 1
474.11 356.65 184.16 141.55 2.3617 1
386.64 371.61 260.17 259.33 1.8051 1
409.1 392.86 171.77 169.23 2.47 1
272.81 267.57 136.62 242.86 2.4205 1
267.18 265.06 247.9 295.36 2.0515 1
342.97 359.05 253.85 259.33 2.0161 1
492.5 424.02 220.18 350.91 5.1673 1
400.41 384.19 202.57 200.96 2.7357 1
395.26 409.24 172.29 174.71 1.8706 1
464.15 275.58 206.55 136.09 2.8545 1
356.49 333.94 307.05 299.69 2.45 1
276.16 334.24 132.83 155.07 2.3845 1
331.61 349.02 301.66 308.15 2.2031 1
387.91 400.48 203.89 205.97 2.2622 1
536.91 481.95 86.807 173.08 2.5199 1
375.41 357.84 308.8 306.93 2.751 1
340.48 325.22 151.48 140.59 3.3432 1
336.8 321.94 185.17 172.51 3.1367 1
319.59 308.31 291.2 278.73 2.6925 1
375.47 406.68 151.37 162.71 2.4558 1
598.54 557.05 23.931 0.86662 3.0398 1
330.46 314.33 245.28 230.16 3.7608 1
346.51 375.22 140.7 150.83 1.8723 1
348.89 313.91 138.54 125.98 2.0215 1
620.47 605.16 33.839 28.498 3.2382 1
406.7 431.55 187.68 196.84 1.5463 1
356.73 399.11 138.82 154.18 2.0103 1
639.13 621.62 33.327 33.497 1.4076 1
374.22 384.83 249.01 258.49 2.8966 1
316.49 330.38 228.46 231.61 3.3806 1
387.41 398.02 191.87 200.19 3.3768 1
324.11 339.08 171.69 174.38 2.9034 1
605.04 599.01 27.311 24.357 2.8177 1
330.37 345.35 140.32 139.7 3.6951 1
