277.83 246.59 32.11 29.502 4.9803 1
638.99 638.98 412.88 147.88 1.2601 1
490.45 456.22 226.39 399.05 4.8609 1
494.92 490.85 203.76 222.97 4.2613 1
136.62 574.12 479 478.98 1.2639 1
404.33 399.04 1.5529 77.869 4.296 1
270.48 270.82 65.378 51.605 2.7447 1
270.92 277.26 9.8579 1.1735 9.4702 1
280.81 278.78 1.4413 24.206 5.3128 1
233.41 232.68 52.906 65.437 2.6409 1
137.78 157.85 60.341 58.827 3.1753 1
292.89 291 1.3772 20.313 5.348 1
266.43 267.02 52.785 67.811 5.0451 1
287.29 286.98 21.615 1.6 4.0412 1
327.88 310.36 13.041 13.55 1.6495 1
127.99 115.38 3.2676 4.1412 2.4077 1
309.11 326.63 16.018 15.726 2.5413 1
276.53 276.98 66.622 52.846 1.4956 1
273.82 273.79 51.624 65.374 2.5276 1
248.12 258.79 1.4244 14.639 6.6554 1
258.02 266.69 10.154 11.034 3.5981 1
89.112 65.376 3.4119 2.8495 2.9434 1
120.48 101.55 46.446 48.321 4.3475 1
190.15 191.37 40.298 56.551 2.6789 1
217.89 200.35 8.9672 6.8504 2.6317 1
401.61 524.14 77.245 79.838 3.6305 1
229.64 230.59 62.806 52.777 2.1375 1
91.56 101.58 64.794 63.678 3.3788 1
230.29 229.25 15.381 1.5215 3.7395 1
491.79 519.78 1.0945 75.599 3.5171 1
483.75 496.76 191.78 190.41 8.0636 1
17.514 50.291 50.693 58.239 4.2068 1
194.84 194.17 54.151 40.433 3.6851 1
148.65 149.8 41.57 57.827 3.0256 1
246.51 277.96 33.017 35.603 4.1637 1
140.84 142.85 40.318 56.628 3.568 1
445.76 403.2 1.1109 72.321 3.8239 1
520.4 405.38 76.603 73.912 3.6028 1
108.57 107.6 60.445 52.752 2.9501 1
130.73 127.97 41.679 59.526 5.1245 1
217.93 217 60.443 44.104 3.2831 1
114.83 114.1 59.187 52.736 2.6247 1
200.37 215.47 4.2452 5.2489 5.2377 1
632.24 639.64 51.83 29.716 5.1479 1
110.81 111.43 52.839 60.391 2.6983 1
407.49 450.5 72.147 0.94484 3.7848 1
58.456 73.488 28.172 62.048 4.3274 1
140.16 135.94 56.682 40.895 4.5926 1
187.96 216.75 8.4326 11.8 3.4993 1
280.45 482.96 204.25 193.21 5.4453 1
146.12 144.89 58.007 41.568 3.553 1
157.85 169.22 6.9266 7.7162 2.9271 1
263.86 266.19 37.915 53.133 2.268 1
280.78 292.87 32.328 25.374 4.199 1
104.09 121.6 63.53 62.417 2.4251 1
522.3 495.82 72.625 1.4594 3.6246 1
122.41 120.06 60.467 48.688 4.9047 1
236.77 231.53 272.95 109.13 4.6616 1
310.45 326.49 10.011 8.7158 9.5261 1
116.95 118.04 51.579 59.279 2.8254 1
280.7 280.66 232.88 214.12 2.5384 1
40.716 27.738 36.225 33.539 3.9682 1
101.81 99.656 60.578 49.262 3.5101 1
53.064 64.216 52.981 54.825 3.0782 1
403.3 408.53 71.657 1.5804 3.4792 1
391.16 398.98 79.329 1.3598 9.4698 1
103.95 105.01 50.263 60.413 2.877 1
453.46 283.35 403.61 434.28 7.9669 1
303.34 302.55 12.929 1.4755 3.7412 1
524.01 524.31 62.845 74.153 2.6989 1
63.974 53.89 51.102 49.003 3.2119 1
534.07 525.66 0.94756 63.661 9.8355 1
67.89 95.401 7.075 6.1464 3.7479 1
121.62 131.63 7.8507 5.4036 3.67 1
279.99 280.53 284.14 251.61 6.3734 1
529.12 614.13 67.099 67.444 4.0644 1
1.5491 17.888 60.474 61.393 3.9546 1
108.56 121.89 2.9894 8.4852 3.3952 1
217.1 223.53 11.833 7.0692 3.2719 1
281.06 280.93 250.38 240.37 2.5857 1
49.574 46.632 55.738 39.124 5.0005 1
280.81 277.47 440.68 417.75 10.617 1
120.36 148.97 90.228 86.634 2.9479 1
624.39 631.46 70.476 52.042 7.0829 1
31.486 41.684 12.084 15.181 3.4819 1
225.68 227.09 14.33 20.817 3.0395 1
279.79 279.84 320.38 284.13 7.4892 1
226.3 226.11 1.6199 14.136 1.4247 1
293.77 295.17 25.144 15.346 4.2393 1
39.582 47.357 45.054 56.11 4.2022 1
232.88 367.88 107.85 107.41 3.8608 1
641.01 625.4 9.8406 50.86 6.0579 1
279.47 280.04 344.23 321.58 6.5958 1
21.425 24.138 35.423 46.622 2.4319 1
368.4 486.25 107.73 185.3 4.8637 1
146.53 108.98 89.61 94.161 2.7445 1
264.63 237.6 383.06 276.69 5.1538 1
279.42 279.42 384.13 354.12 7.5018 1
280.73 280.65 352.88 345.36 2.5778 1
277.03 276.45 236.61 214.13 1.2816 1
330.18 291.34 86.807 93.758 4.4425 1
27.348 31.125 0.9852 12.632 4.7885 1
30.614 32.798 37.646 51.829 3.326 1
249.1 187.82 96.735 84.424 3.2004 1
14.369 5.0201 42.538 1.1406 6.254 1
280.03 279.93 395.39 385.34 6.3101 1
613.98 590.4 103.49 97.779 3.3502 1
639.18 615.14 121.5 110.91 3.3926 1
19.451 17.896 46.568 37.653 3.6942 1
616.63 635.91 59.969 0.98329 6.1716 1
529.89 529.93 77.873 67.878 3.7696 1
404.11 284.12 231.4 239 2.7932 1
186.18 185.73 76.637 60.365 2.499 1
269.19 264.82 399.45 383.37 5.3748 1
334.09 331.13 61.468 85.621 3.9226 1
185.52 183.52 40.443 7.8354 3.2822 1
617.65 639.22 108.39 117.66 2.6376 1
109 81.583 95.613 97.092 3.9466 1
265.52 250.14 99.645 96.544 5.1484 1
274.11 270.53 411.63 399.25 10.809 1
281.24 279.79 409.29 395.05 6.471 1
401.58 386.65 372.78 379.18 2.6267 1
273.16 272.12 419.08 412.6 3.9007 1
639.09 627.67 76.685 69.446 7.4669 1
48.062 58.128 4.7467 27.764 5.4392 1
475.51 486.98 285.4 227.95 1.7238 1
411.9 392.93 316.33 321.81 3.0954 1
63.494 59.433 26.209 20.168 2.5045 1
425.54 401.79 217.26 223.51 3.1187 1
446.63 401.63 80.375 80.375 1.25 1
287.6 266.58 95.417 100.17 4.6455 1
335.66 334.08 26.654 42.748 4.3641 1
446.89 455.7 406.87 420.16 8.3025 1
591.6 625.3 93.812 90.751 3.0562 1
71.499 66.083 22.945 13.176 2.0485 1
264.28 264.53 69.123 90.385 2.5434 1
284.08 386.62 235.98 229.06 2.4656 1
59.738 53.334 19.411 5.1686 3.1904 1
350.37 382.88 78.345 78.499 1.4041 1
385.38 397.87 226.38 226.87 2.6439 1
639.14 600.38 94.758 95.661 3.0233 1
61.844 70.789 13.993 28.876 3.2141 1
465.49 474.86 336.65 288.02 1.7453 1
397.88 385.38 222.56 222.36 2.5588 1
401.54 415.49 227.45 224.74 4.396 1
453.97 452.16 420.66 435.44 4.1766 1
515.96 488.6 74.376 1.8221 2.1092 1
67.972 63.108 39.572 27.019 2.4038 1
82.851 67.984 96.71 92.491 2.0638 1
562.36 551.56 15.26 64.112 2.5687 1
386.63 351.62 81.523 80.833 1.7917 1
472.89 409.12 203.14 206.56 2.2726 1
621.68 600.29 74.363 73.195 4.2898 1
51.807 41.661 75.122 67.825 3.2541 1
425.41 406.58 229.86 230.86 1.7015 1
469.14 435.35 226.98 228.59 1.3681 1
548.01 556.36 64.153 25.318 2.1812 1
326.75 320.35 18.103 21.571 3.389 1
407.86 416.65 308.12 308.65 1.6221 1
56.637 43.147 89.077 85.578 2.1088 1
299.74 289.07 452.64 445.96 5.2998 1
410.54 425.48 243.26 246.09 3.3871 1
417.89 430.34 211.55 213.17 2.6404 1
