638.98 638.98 411.63 146.63 1.2511 1
483.7 433.4 124.9 301.96 7.1612 1
135.37 574.12 479 478.98 1.2676 1
341.15 486.18 19.843 114.8 4.7686 1
584.45 639.64 0.48984 16.063 4.9071 1
302.85 484.21 130.06 115.17 5.9871 1
212.53 207.65 181.64 20.344 4.3576 1
434.84 293.16 301.93 336.53 8.7982 1
640.61 571.86 30.563 9.314 10.987 1
272.48 215.75 308.71 193.33 5.8333 1
636.91 610.71 49.535 40.626 4.4273 1
588.29 543.79 37.239 17.369 3.9762 1
209.12 340.38 19.006 19.711 3.0438 1
283.51 272.71 330.05 309.17 6.1259 1
542.86 520.53 7.9115 1.1054 2.8582 1
620.11 627.81 38.119 39.493 3.6917 1
230.63 303.22 45.157 128.83 3.6764 1
609.4 589.13 41.785 36.597 3.0131 1
562.61 598.69 23.604 36.586 3.0609 1
545.51 562.12 13.873 22.997 2.7324 1
530.52 544.13 1.1671 5.3708 2.8452 1
287.87 282.47 335.38 327.66 7.373 1
599.21 614.06 36.215 39.428 2.872 1
294.89 287.94 346.14 335.23 9.684 1
630.29 639.22 44.361 47.626 2.3479 1
295.89 296.82 171.65 147.88 2.6462 1
414.23 397.93 143.67 145.78 2.277 1
385.42 369.22 144.99 143.26 2.4859 1
409.26 395.44 175.08 177.07 2.4745 1
302.29 302.39 156.62 130.38 2.5319 1
382.88 362.86 176.55 175.83 1.7437 1
297.62 301.65 220.45 164.13 3.5652 1
294.13 294.13 197.88 174.13 1.25 1
399.07 421.59 149.78 147.56 2.8555 1
477.85 411.64 123.83 129.29 2.2741 1
290.1 292.87 331.68 281.56 5.0615 1
315.22 295.45 354.49 346.44 5.5302 1
400.41 425.36 163.68 165.55 3.0886 1
370.38 354.13 235.26 234.04 1.8998 1
431.62 416.67 140.43 140.02 2.8052 1
372.89 384.24 146.52 148.46 1.8669 1
301.64 366.64 159.28 153.04 2.7275 1
404.23 432.83 133.01 135.8 3.7323 1
431.17 425.3 315.14 326.59 8.4144 1
391.64 411.59 220.21 222.03 3.3948 1
386.68 399.11 269.66 270.54 2.7567 1
293.68 296.71 276.6 227.8 3.6653 1
369.13 356.63 156.63 156.63 1.25 1
421.64 370.41 150.49 155.73 2.1058 1
289.99 290.56 247.9 226.63 1.3163 1
355.43 304.12 157.13 162.79 2.7883 1
369.1 385.35 152.6 151.33 1.5393 1
292.04 292.73 222.89 200.37 1.7054 1
419.18 400.45 169.98 167.36 3.0219 1
