136.62 574.12 478.99 478.98 1.2568 1
638.98 638.99 411.62 149.12 1.2608 1
452.04 427.83 62.569 227.87 4.8588 1
134.59 365.56 51.708 122.28 5.8439 1
168.31 132.18 211.24 51.216 5.6252 1
366.22 437.03 121.03 72.216 4.6075 1
426.92 358.3 228.14 302.11 4.7931 1
436.83 446.11 72.694 65.923 5.5128 1
237.66 451.2 13.828 62.237 3.9826 1
639.3 584.29 12.03 0.80754 3.5265 1
133.12 237 49.826 13.951 4.1477 1
601.69 639.26 1.3056 8.4184 3.2852 1
368.83 175.41 312.23 217.74 10.092 1
414.99 412.15 212.79 225.49 2.9857 1
415.29 428.35 96.397 91.711 3.1974 1
406.54 424.54 122.47 118.49 3.6615 1
421.43 401.84 133.73 143.31 2.343 1
403.86 418.21 171.98 167.77 3.5984 1
416.38 400.59 183.71 193.23 1.9356 1
392.79 364.46 130.26 150.83 2.5643 1
170.02 170.65 226.6 216.56 4.1364 1
401.2 412.02 215.49 211.43 3.0729 1
421.64 407.57 122.92 128.32 3.4067 1
367.62 405.17 145.02 117.6 2.3359 1
350.47 356.37 296.63 130.41 2.9491 1
364.54 359.97 151.59 250.41 3.3892 1
418.89 404.24 109.66 114.46 2.3958 1
365.96 364.94 124.09 145.41 3.6858 1
424.31 411.56 97.189 101.44 2.7665 1
356.63 356.63 184.13 217.88 1.25 1
639.13 619.13 1.8232 1.9846 1.3508 1
354.31 354.07 250.37 275.37 1.3433 1
358.51 357.96 150.36 176.63 1.5881 1
447.81 426.42 72.785 87.583 2.2951 1
335.15 254.15 117.36 92.807 2.1351 1
386.59 366.52 309.55 307.97 5.4742 1
358.83 358.42 130.37 144.14 1.5902 1
174.37 170.48 237.78 227.83 2.5813 1
