272.98 255.19 298.98 135.12 4.7873 1
638.98 639 411.62 149.12 1.2709 1
137.87 574.12 479.02 478.97 1.2924 1
578.05 534.74 103.78 236.82 4.4783 1
408.4 587.12 214.43 77.266 5.2801 1
587.48 579.78 77.278 98.455 4.4854 1
348.09 409.18 0.86032 17.679 4.6789 1
356.58 328.01 5.6513 0.8453 4.1014 1
553 549.03 0.95341 14.995 4.9945 1
512.71 491.25 16.266 35.117 4.7203 1
499.41 510.47 23.18 12.881 4.1338 1
255.91 447.42 133.93 36.97 4.8992 1
425.13 354.18 25.109 7.6481 5.5284 1
461.66 490.36 32.38 31.17 5.6272 1
537.36 392.64 236.09 383.9 6.7527 1
508.98 521.46 15.022 9.9626 4.1958 1
410.07 454.49 16.342 30.47 4.5501 1
490.27 462.57 34.522 37.816 4.6435 1
387.21 272.64 385.46 298.59 8.5486 1
1.5317 70.343 9.5959 1.3576 3.5662 1
475.33 459.01 22.717 27.481 3.4507 1
616.34 612.95 1.1468 12.037 4.2415 1
454.73 425.26 35.977 25.692 4.9654 1
582.05 498.76 75.185 50.346 6.3251 1
98.999 1.4932 0.6415 13.093 4.2461 1
465.22 490.36 20.852 18.973 3.8684 1
256.62 404.99 135.39 214.84 4.4792 1
549.14 524.14 15.882 15.733 8.7722 1
515.31 504.01 28.191 25.971 3.4389 1
498.16 461.93 50.675 39.757 5.6073 1
496.59 476.61 23.92 23.179 3.5158 1
517.79 520.82 32.528 20.815 3.5923 1
472.85 510.52 39.229 48.559 3.061 1
258.79 267.9 139.03 222.87 2.2701 1
26.514 1.6328 2.0551 5.4324 3.3797 1
612.78 639.25 21.183 24.306 3.2849 1
512.87 517.53 47.475 32.767 7.0347 1
557.01 549.06 19.413 26.555 3.8141 1
589.3 598 2.7511 15.288 3.1645 1
270.28 271.68 244.13 259.12 1.8266 1
507.92 517.89 22.578 23.998 2.475 1
629.2 611.5 28.422 26.576 3.3409 1
524.17 536.7 22.094 22.848 2.4955 1
587.2 580.8 8.4751 1.249 2.7004 1
608.23 600.85 28.052 43.107 3.3041 1
595.41 612.98 66.445 69.844 2.4545 1
