638.98 638.99 411.62 147.87 1.2555 1
136.62 572.87 479.02 478.97 1.2913 1
392.14 374.43 167.79 316.81 4.7566 1
225.74 195.61 342.55 192.58 4.4203 1
376.85 225.34 319.17 345.18 8.4774 1
346.5 391.74 80.437 168.42 4.8303 1
195.74 187.71 194.3 95.388 4.2082 1
184.13 188.52 39.124 89.178 3.6893 1
78.677 73.804 32.999 15.464 3.8132 1
197.77 389.14 192.01 169.25 5.0917 1
321.55 300.19 1.079 4.0404 3.5428 1
44.255 64.282 46.099 42.497 5.1423 1
281.69 185.51 32.508 39.644 6.4661 1
1.5976 41.605 47.954 47.02 4.4787 1
114.13 92.777 7.5965 7.1 11.45 1
74.384 83.552 13.157 4.7505 4.6833 1
64.293 78.153 42.508 33.293 4.8444 1
66.626 1.603 51.658 53.191 6.0421 1
81.345 65.261 36.247 48.159 4.3164 1
299.22 281.63 5.2869 4.0512 2.7772 1
41.971 57.477 33.568 25.828 3.9191 1
295.46 323.04 12.031 6.1394 3.845 1
292.71 303.34 12.969 31.354 2.79 1
371.24 388.47 315.48 171.7 2.1384 1
297.62 288.43 29.279 13.797 2.7879 1
60.414 45.997 30.47 36.329 3.5111 1
85.336 61.65 52.132 53.364 2.8214 1
