638.98 638.98 412.87 147.87 1.2555 1
465.59 461.65 1.5644 69.126 4.4492 1
332.88 302.87 30.221 29.635 4.0909 1
335.67 334.29 1.5597 21.722 5.5822 1
136.62 574.12 479 478.98 1.269 1
152.87 132.88 12.816 14.204 2.494 1
326.27 326.38 64.132 50.373 2.5804 1
291.11 289.03 439.04 421.34 5.1115 1
348.23 346.53 1.4015 17.735 4.7145 1
384.1 365.42 7.6537 9.5918 2.2286 1
326.82 331.9 7.0099 0.82585 6.865 1
275.39 259.12 9.845 9.4459 1.6175 1
207.41 206.76 59.147 45.369 3.4522 1
322.43 322.42 50.376 70.376 4.9989 1
499.77 482.28 238.85 355.28 5.7985 1
481.95 472.94 355.42 416.45 5.2092 1
145.16 152.08 10.434 9.1977 3.838 1
289.79 290.56 1.4585 10.359 3.7359 1
249.98 251.41 42.8 59.033 2.8543 1
286.43 285.89 16.632 1.6065 3.6124 1
281.97 279 270.43 221.48 5.3702 1
172.8 171.91 66.633 58.947 2.6273 1
503.36 498.98 215.01 239.32 6.0513 1
286.71 284.18 380.53 340.37 9.6613 1
302.38 315.9 0.89886 14.87 8.0553 1
364.09 384.15 12.552 10.61 3.2506 1
332.23 333.2 65.408 47.824 3.675 1
202.8 197.92 61.647 45.745 4.6856 1
502.99 466.54 0.95498 62.827 3.3638 1
343.01 341.94 19.041 1.5298 4.8058 1
193.28 191.05 45.573 64.206 3.522 1
167.84 169.7 55.176 66.531 2.6901 1
166.55 164.43 66.873 55.551 2.9966 1
174.84 175.35 57.912 65.377 2.6639 1
367.73 384.19 6.4006 4.736 3.7169 1
202.54 205.02 43.997 61.675 2.8471 1
285.27 281.74 339.19 270.24 5.0905 1
180.63 168.02 52.527 54.051 3.9144 1
472.94 294.21 418.46 439.87 6.7259 1
123.99 140.46 30.996 67.837 5.0747 1
189.14 177.86 11.249 10.799 1.5978 1
180.82 181.25 57.849 65.396 1.6757 1
276.26 274.72 61.657 44.183 3.1482 1
464.12 597.9 68.76 66.641 3.1579 1
251.78 265.59 59.39 61.495 4.084 1
289.05 286.64 420.45 380.22 7.4866 1
465.56 469.4 64.136 1.5649 3.4367 1
209.84 211.49 44.058 61.52 2.724 1
185.21 183.43 65.4 54.038 3.4408 1
297.2 297.3 11.618 1.607 3.8486 1
469.42 506.91 64.3 1.054 3.4696 1
254.34 253.42 55.359 42.835 3.318 1
171.53 186.75 4.4702 8.6923 8.0278 1
247.91 274.19 11.19 13.35 3.5156 1
329.7 329.75 49.123 64.127 1.295 1
235.79 235.02 57.974 51.519 3.0709 1
286.84 288.38 62.908 52.762 2.2841 1
280.39 501.68 219.38 204.97 4.5544 1
134.18 157.88 17.353 15.406 3.635 1
259.15 275.36 6.1201 6.8614 6.8715 1
132.89 144.18 10.847 10.403 2.7931 1
398.32 505.05 111.29 204.67 4.8212 1
321.65 334.12 34.341 32.865 3.724 1
301.55 321.72 32.419 34.329 3.4315 1
594.11 470.36 63.233 65.715 3.427 1
285.07 301.22 22.416 31.358 4.1219 1
110.74 115.4 49.452 62.078 4.2576 1
94.099 120.55 60.505 65.769 3.9219 1
451.33 452.75 71.592 59.111 4.2899 1
568.43 593.02 1.4003 62.074 3.8467 1
1.6 92.859 71.799 69.678 4.3886 1
295.81 291.7 452.18 436.94 10.175 1
120.66 117.97 64.377 54.099 3.3669 1
232.3 234.87 10.566 1.4828 3.4276 1
262.92 397.91 116.61 111.38 3.9011 1
192.58 201.42 12.638 1.4606 3.8776 1
175.37 191.69 13.994 13.394 3.7016 1
158.89 162.68 12.33 2.0136 3.8307 1
605.15 596.14 1.413 64.055 4.0496 1
247.77 245.47 81.635 57.745 3.1323 1
390.01 390.12 54.137 45.372 1.9572 1
100.04 104.25 11.745 23.638 3.6087 1
282.54 283.68 1.645 20.477 3.4412 1
88.245 80.362 42.036 1.1455 6.2406 1
348.71 351.17 22.773 12.762 4.2604 1
595.89 572.66 58.919 1.2093 4.0988 1
163.41 174.91 2.369 13.36 3.7739 1
455.31 459.75 59.216 1.3852 9.3928 1
94.462 93.389 55.327 47.802 3.1806 1
410.48 386.72 270.13 272.53 2.8529 1
108.88 116.98 0.62284 8.7725 3.1723 1
215.23 218.83 1.1977 10.488 2.5229 1
363.7 364.02 1.5952 10.424 2.8133 1
425.25 400.37 327.49 335.35 3.3857 1
358.55 358.81 7.9033 1.5593 2.7082 1
604.13 639.23 51.688 49.903 4.4438 1
370.42 354.16 234.81 233.6 2.4006 1
399.12 367.86 335.52 334.92 1.3697 1
389.14 406.66 240.13 240.98 2.7391 1
414.14 386.8 235.5 238.33 2.7865 1
603.93 605.2 62.85 53.014 3.2392 1
191.55 211.4 92.463 89.069 2.6429 1
429.22 409.36 230.66 237.32 3.5556 1
388.97 349.93 82.188 90.885 4.6022 1
494.15 284.13 238.19 252.9 2.8041 1
428.4 411.52 264.43 270.07 2.0778 1
112.83 109.55 22.888 11.503 3.9495 1
277.08 275.5 211.72 199.11 3.7208 1
450.37 427.88 217.87 218.31 1.5212 1
429.1 327.91 218.78 224.73 2.4214 1
294.43 246.84 93.603 85.381 3.3473 1
274.65 273.65 195.47 187.77 3.2807 1
370.38 399.13 337.88 337.88 1.25 1
267.21 262.18 159.36 117.81 5.8649 1
277.77 277.84 217.89 211.61 3.7939 1
420.65 396.6 382.35 391.55 3.1588 1
611.04 603.86 1.3488 49.086 3.4507 1
245.19 242.33 42.888 1.5763 2.3611 1
355.43 384.12 236.22 240.41 2.4462 1
160.39 142.88 100.94 101.08 3.8436 1
385.35 406.77 395.22 391.14 1.7106 1
117.63 124.41 16.144 30.239 3.8367 1
465.39 472.89 420.97 435.37 7.8527 1
270.48 267.22 184.44 159.54 8.7338 1
272.81 266.81 276.63 184.03 3.8343 1
175.43 161.43 98.222 100.37 2.6604 1
385.37 372.84 236.67 235.98 2.5653 1
202.78 176.4 93.517 97.702 3.1162 1
128.44 138.22 22.024 38.927 2.96 1
411.62 445.38 72.229 72.011 1.4598 1
396.64 382.89 366.8 368.07 1.818 1
450.37 394.1 74.053 75.757 2.2707 1
596.62 487.88 69.093 70.734 1.6271 1
135.85 122.6 48.203 16.743 3.6999 1
393.24 392.59 20.342 37.864 2.9612 1
395.43 384.14 391.06 391.89 2.1261 1
497.9 450.4 214.55 217.14 2.4756 1
364.11 424.13 225.18 221.7 2.5157 1
331.62 306.56 97.963 96.563 4.86 1
376.61 364.08 368.92 369.8 1.5966 1
138.15 132.01 32.727 21.417 2.7935 1
391.59 409.09 73.643 72.365 2.4023 1
284.1 390.39 249.94 243.03 2.8805 1
421.64 481.7 240.58 236.53 2.3815 1
320.61 321.25 69.089 95.414 3.6281 1
392.31 391.07 56.579 71.783 4.2457 1
320.27 320.12 36.609 49.137 2.6042 1
278.92 271.91 340.4 280.2 3.7842 1
379.13 362.86 391.58 390.71 1.7824 1
469.79 468.17 431.78 451.55 4.4723 1
639.8 630.8 13.049 47.984 2.4583 1
627.42 639.85 48.088 1.8189 2.4144 1
349.22 332.45 91.986 96.2 4.5442 1
470.38 495.63 50.376 8.0287 1.7524 1
395.39 421.64 218.2 217.05 1.5205 1
323.39 324.28 46.671 36.529 2.5999 1
429.13 450.37 215.69 215.29 1.3694 1
402.88 386.61 309.27 310.16 1.8643 1
459.12 485.38 214 213 1.9591 1
143.5 134.78 81.927 63.808 2.2531 1
324.76 324.89 94.129 70.379 2.5857 1
129.36 107.78 95.814 89.461 2.1172 1
416.55 429.04 321.13 322.44 2.4864 1
290.37 290.37 379.13 397.88 1.25 1
416.64 433.99 257.75 260.11 2.646 1
306.65 297.51 457.83 451.59 6.8986 1
332.85 316.62 315.13 316.57 1.687 1
139.14 150.52 5.4844 4.2488 4.1618 1
289.12 289.12 339.13 364.13 1.25 1
