210.9 336.68 46.214 207.83 4.695 1
638.98 638.99 412.87 147.87 1.2571 1
544.95 487.28 151.49 336.83 4.2602 1
139.13 574.13 478.99 478.99 1.251 1
487.86 330.37 337.85 402.31 8.264 1
70.574 47.723 67.375 58.255 4.4148 1
356.18 544.92 22.284 151.05 4.5244 1
232.95 209.84 213.94 46.354 4.3489 1
277.95 211.72 34.593 44.775 4.562 1
89.489 70.356 62.516 70.33 4.2048 1
194.31 175.87 13.843 20.884 8.1747 1
81.338 84.348 30.432 45.579 4.1733 1
84.165 84.112 46.619 57.869 3.7618 1
54.327 90.643 82.118 67.28 3.795 1
87.863 105.45 23.925 22.88 2.4215 1
130.26 89.471 19.82 28.292 3.6056 1
134 149.23 15.089 15.968 6.1677 1
67.835 40.739 73.984 81.661 3.9286 1
47.898 38.136 60.308 69.406 4.6345 1
242.68 233.29 232.96 212 6.215 1
106.01 133.33 20.84 14.98 6.6353 1
24.508 45.253 52.059 47.337 3.1607 1
50.488 42.823 47.806 40.429 3.6707 1
18.836 14.067 35.094 18.777 4.5037 1
3.1684 9.4104 20.259 36.017 5.1315 1
332.11 243.25 398.29 233.25 6.6882 1
1.2897 10.78 82.47 74.614 4.183 1
14.017 4.3722 17.936 0.78319 4.901 1
166.75 130.53 23.226 18.065 3.7092 1
150.26 169.08 18.035 19.635 3.2319 1
13.36 1.16 77.21 87.313 4.9491 1
76.836 80.676 21.532 30.242 3.9356 1
40.482 30.332 80.88 79.423 3.185 1
290.51 355.49 32.498 22.372 3.7539 1
79.444 80.589 1.589 11.742 8.2747 1
33.278 36.983 0.51838 10.238 4.9496 1
29.158 54.172 83.387 82.925 3.7263 1
44.25 30.35 44.688 47.764 2.3112 1
19.568 10.183 42.562 29.26 2.0427 1
134.1 172.86 6.2679 7.1638 2.9615 1
159.08 131.61 8.4555 10.183 2.4166 1
1.4916 9.1273 70.934 70.409 3.9126 1
41.541 20.386 39.122 40.545 7.4831 1
70.164 76.056 1.207 15.848 4.4404 1
79.984 70.18 57.771 65.114 4.9983 1
46.245 56.507 71.47 68.69 4.8261 1
30.332 1.51 61.355 65.895 3.6365 1
10.474 1.887 27.821 12.167 3.2878 1
12.968 1.4408 57.444 58.754 4.2905 1
338.09 360.47 209.99 204.53 3.8818 1
335.41 338.54 324.13 211.61 3.4358 1
133.55 120.35 8.9205 1.6753 3.1808 1
361.34 539.31 204.39 153.52 3.4322 1
484.65 539.35 334.29 159.19 2.3783 1
145.42 160.36 12.004 10.216 2.6309 1
234.49 233.71 242.9 217.89 2.889 1
95.308 117.94 73.91 66.82 1.9403 1
89.563 66.901 71.57 79.878 2.6603 1
371.65 400.49 14.212 7.1014 2.1623 1
236.52 214.04 84.205 55.44 1.7546 1
387.95 372.82 13.263 16.34 2.181 1
422.84 388.89 1.5185 13.466 2.5558 1
113.04 95.465 72.255 76.962 2.5007 1
304.13 330.36 20.408 18.865 1.8349 1
339.15 309.89 206.61 169.51 2.1144 1
334.13 351.63 17.875 17.875 1.25 1
11.401 8.06 46.072 54.975 8.6314 1
211.82 194.21 78.98 82.08 2.3144 1
192.94 210.49 79.462 75.93 2.2122 1
39.773 41.6 17.781 30.379 2.4741 1
335.41 310.36 20.884 22.648 1.7739 1
355.38 339.13 19.174 20.401 1.9052 1
497.86 476.49 122.89 108.07 1.25 1
94.252 99.131 79.063 89.122 2.283 1
226.41 228.02 144.15 156.61 1.5603 1
334.47 334.25 376.64 357.87 1.3805 1
