638.98 639 411.62 149.12 1.2631 1
137.87 574.12 479.01 478.98 1.2758 1
486.75 456.09 171.39 317.5 4.2151 1
276.84 266.13 20.013 13.707 3.423 1
348.12 486.55 49.018 170.63 5.6346 1
456.73 326.57 318.16 367.74 7.4617 1
292.04 288.98 1.4694 17.848 4.295 1
263.92 257.8 14.612 19.026 3.5965 1
246.57 223.9 210.38 78.948 3.9137 1
27.469 33.975 1.7963 17.216 4.7866 1
39.554 50.737 25.769 47.691 4.0213 1
279.66 270.13 22.718 27.376 2.3213 1
224.33 261.2 76.495 134.85 4.5056 1
18.101 1.0339 8.8158 12.913 5.1537 1
211.89 200.1 19.58 26.551 7.2885 1
57.714 54.147 53.944 32.456 5.3419 1
70.898 80.657 16.415 40.763 7.6664 1
42.022 40.468 51.59 34.006 4.3957 1
200.87 191.48 24.425 27.428 5.1431 1
256.75 348.16 68.453 49.207 4.1206 1
57.29 47.328 80.816 95.841 4.53 1
41.9 53.331 94.445 83.345 3.5092 1
269.18 249.17 27.947 28.84 4.0803 1
29.852 23.139 23.112 8.3225 4.0363 1
26.31 41.623 99.475 94.118 3.5397 1
1.4898 20.346 104.55 101.45 3.3076 1
50.127 45.276 25.533 17.938 3.5412 1
108.98 92.449 29.747 26.006 4.165 1
118.05 159.12 33.492 21.614 6.4396 1
259.32 244.22 17.636 18.96 2.8925 1
304.98 246.5 326.82 211.06 4.2479 1
44.716 39.125 29.481 19.125 2.4627 1
54.142 45.134 47.866 29.87 2.2429 1
267.65 292.92 30.895 23.02 3.6579 1
74.779 68.324 10.911 3.7222 3.0952 1
54.362 50.116 33.456 26.056 3.573 1
285.69 279.65 14.506 19.502 4.3166 1
154.34 118.23 27.475 36.764 3.3905 1
325.27 320.44 365.03 357.83 7.6212 1
34.059 16.865 102.58 106.44 6.77 1
51.196 41.219 78.485 65.691 3.8435 1
67.444 81.945 61.746 56.214 2.5045 1
62.723 69.169 6.2482 16.598 5.7055 1
170.33 155.23 17.192 15.991 3.7382 1
189.18 155.46 29.866 25.915 3.5685 1
320.33 305.38 357.27 327.24 3.9238 1
316.78 385.35 222.18 202.79 3.4261 1
174.03 187.81 24.72 27.03 3.0857 1
47.159 39.457 95.064 98.598 3.5018 1
158.77 173.18 20.555 24.177 6.6776 1
16.296 36.462 86.019 75.074 3.2632 1
16.703 1.3003 107.15 109.42 6.0012 1
325.11 318.05 356.64 224.05 3.5452 1
176.63 200.4 13.544 13.217 3.6119 1
133.19 95.302 82.837 92.591 2.9002 1
34.329 19.264 79.463 88.529 3.6395 1
155.36 175.37 13.22 13.45 2.4711 1
43.884 63.137 10.254 6.8664 8.1159 1
105.17 99.32 22.971 10.285 2.7937 1
95.487 134.17 89.548 79.279 2.8118 1
106.52 111.28 1.3607 21.993 4.6825 1
1.3389 12.727 7.3309 1.3428 4.95 1
260.88 289.08 32.344 59.177 2.6289 1
247.12 247.53 227.89 216.61 2.6794 1
284.5 260.96 60.028 37.268 3.113 1
155.14 141.42 15.702 5.6609 3.0262 1
67.893 59.099 65.147 64.448 1.8671 1
110.74 94.354 57.653 63.514 2.6033 1
248.98 225.48 70.763 74.76 3.9065 1
33.317 1.1741 29.375 38.844 7.055 1
94.194 113.02 60.552 53.238 2.0706 1
453.56 482.79 314.27 175.36 2.0629 1
436.78 480.31 187.13 173.92 2.1096 1
411.64 386.64 7.9329 15.424 2.0313 1
404.17 427.78 196.78 190.05 1.887 1
465.62 415.07 156.35 111.97 1.4866 1
70.271 49.117 98.607 102.83 1.7166 1
11.613 24.135 19.831 19.553 2.5271 1
261.55 274.39 135.42 156.46 1.7182 1
174.06 150.43 2.5379 6.8978 3.1387 1
9.1666 1.4757 25.036 24.093 3.5536 1
