137.87 574.12 479.02 478.96 1.3013 1
638.98 638.99 411.62 147.87 1.2574 1
353.58 431.39 161.36 1.5084 4.4659 1
202.06 150.14 301.09 137.95 6.438 1
148.67 269.48 137.37 8.2084 5.0055 1
416.42 405.73 143.41 189.5 6.1079 1
430.66 415.16 3.8781 142.85 4.9644 1
404.37 364.26 189.66 301.22 4.5199 1
348.02 201.6 339.85 300.47 8.857 1
363.97 353.77 301.57 330.25 4.9462 1
349.15 349.24 176.62 335.37 3.8375 1
152.65 347.69 137.81 175.09 5.5609 1
501.44 504.66 28.004 1.5378 3.8735 1
427.88 397.88 2.8466 1.5276 2.7172 1
510.03 506.29 1.5773 28.909 3.3774 1
