206.05 173.74 244.98 87.441 4.7135 1
175.12 450.47 86.913 132.33 4.8435 1
136.62 574.12 478.98 478.98 1.251 1
638.97 639 411.62 147.87 1.2716 1
491.19 472.09 75.307 197.95 5.5682 1
467.84 465.88 222.87 236.7 4.5894 1
173.57 255.3 86.675 42.733 3.7288 1
344.16 491.35 53.846 71.404 4.5895 1
443.82 212.99 316.44 250.62 9.7231 1
479.19 417.88 5.7027 1.5726 3.4316 1
472.04 463 190.76 200.49 2.412 1
639.35 480.38 30.175 5.3675 3.7601 1
470.78 469.72 186.74 179.04 3.1587 1
546.46 586.55 6.2076 2.1313 6.3651 1
452.4 449.35 131.39 154.16 3.7167 1
491.61 619.19 4.1911 23.673 3.4215 1
471.92 469.36 198.09 216.48 3.7441 1
448.97 431.66 161.61 305.53 4.6291 1
463.4 463.67 232.89 220.37 2.6087 1
470.31 480.55 103.91 100.97 3.0938 1
452.93 491.71 1.0238 4.3382 2.4593 1
477.98 470.24 105.64 108.79 3.0651 1
620.17 639.23 24.147 27.197 2.8636 1
521.67 479.14 3.001 1.2602 2.8046 1
463.65 431.84 237.66 307.97 4.3342 1
544.27 529.1 3.9935 4.9513 7.8787 1
587.77 542.92 6.7358 10.819 4.6378 1
462.9 474.02 150.42 143.94 2.2542 1
278.92 178.93 107.89 91.54 3.6301 1
202.47 208.5 211.71 240.51 1.9924 1
182.73 195.85 115.4 179.03 1.9185 1
315.48 285.24 113.44 108.76 3.515 1
452.44 462.57 151.37 133.95 2.6139 1
196.45 202.06 182.91 209.03 1.7475 1
466.14 454.34 134.61 153.01 3.0763 1
366.62 316.5 121.66 113.63 2.6181 1
256.59 330.32 43.134 52.083 2.8549 1
455.56 440.36 311.51 312.7 7.5744 1
485.49 473.33 80.448 99.418 1.8603 1
185.35 240.41 95.515 105.17 2.2075 1
434.52 441.35 201.67 137.85 2.5307 1
431.18 433.65 235.33 209.08 1.7121 1
