287.78 338.29 5.7746 17.315 4.0748 1
339 401.69 19.64 35.122 4.1174 1
638.98 639.01 411.62 150.37 1.2749 1
334.37 300.7 20.726 11.666 4.4112 1
398.22 334.27 37.694 22.278 4.4606 1
279.31 287.24 1.2755 5.445 2.9068 1
137.87 572.87 479.03 478.97 1.3047 1
300.02 280.17 12.686 5.9937 3.5938 1
400.48 421.48 36.26 42.127 3.3299 1
429.12 455.43 44.074 42.862 4.3216 1
517.55 513.11 1.5674 26.666 6.9496 1
364.69 539.14 223.23 90.395 7.0528 1
419.27 398.46 47.525 38.963 5.6409 1
459.28 437.79 45.087 48.574 3.9018 1
471.9 433.8 63.086 52.844 3.3498 1
467.97 486.07 29.37 22.642 4.2193 1
486.58 471.68 26.503 31.781 3.9522 1
538.97 466.99 88.378 66.674 4.33 1
433.13 424.41 52.434 47.376 2.9633 1
454.87 462.98 41.951 38.103 3.4455 1
575.37 573.45 14.32 26.518 4.5508 1
434.25 482.92 49.914 62.69 3.1894 1
487.81 507.82 33.372 35.814 2.0272 1
514.21 488.09 29.176 27.332 8.1858 1
532.54 498.57 115.87 243.64 7.2762 1
572.86 639.13 35.467 44.067 4.9111 1
435.47 469.11 31.244 33.207 3.5882 1
469.98 459.31 36.178 45.582 4.6241 1
546.89 561.73 13.906 31.538 3.22 1
591.6 562.66 41.772 36.57 3.373 1
207.55 406.37 147.23 48.613 6.1008 1
237.12 208.68 310.72 146.05 8.0735 1
351.04 235.27 395.73 310.07 8.62 1
487.12 493.81 25.167 0.85008 9.2204 1
540.26 532.31 92.363 113.6 7.0189 1
461.62 432.87 35.204 35.351 2.6148 1
482.76 470.43 39.776 37.583 3.0356 1
363.04 348.88 395.4 397.19 6.2006 1
439.01 429.07 47.354 45.744 2.0682 1
487.78 472.8 67.007 63.158 1.7963 1
639.18 623.95 58.727 56.665 3.3806 1
1.5822 117.78 12.453 0.67258 3.5476 1
553.15 537.87 26.14 6.632 3.2149 1
137.88 1.4802 1.7017 16.544 4.1269 1
500.81 357.42 244.6 394.88 9.5117 1
555.53 587.84 78.419 85.528 3.0029 1
212.35 357.03 148.84 227.13 4.2543 1
406.23 446.71 47.951 60.09 3.3515 1
424.34 435.42 35.939 31.75 3.6642 1
586.52 548.94 88.351 79.956 2.5825 1
614.3 627.08 42.67 53.786 3.1976 1
623.62 611.39 55.828 44.371 3.3611 1
610.56 592.71 44.249 41.385 2.91 1
581.25 576.61 1.5003 15.371 3.9528 1
639.22 550.44 136.3 110.14 2.5997 1
551.47 597.74 107.16 120.84 2.6679 1
516.63 500.4 37.971 38.498 1.5895 1
479.82 483.6 60.004 41.518 8.0703 1
551.59 564.21 4.4704 5.8588 3.0317 1
554.15 545.35 36.885 37.579 1.8363 1
621.67 639.13 127.71 132.86 1.9059 1
639.12 624.09 26.631 24.367 4.0805 1
530.49 554.28 45.958 41.159 2.4506 1
