256.07 256.36 119.15 92.886 4.019 1
251.45 255.94 284.16 125.36 4.9273 1
638.97 638.98 411.62 147.87 1.2594 1
136.62 575.37 479.01 478.97 1.2872 1
388.78 250.72 365.96 284.79 5.6258 1
258.64 447.44 92.793 171.41 4.5056 1
256.92 422.26 92 18.039 4.4449 1
561.2 496.59 62.215 226.34 5.1841 1
399.66 391.32 349.96 367.16 11.625 1
370.51 332.75 196.12 185.84 2.965 1
444.85 439.33 181.46 199.19 3.2083 1
422.64 561.17 18.652 60.639 3.6973 1
330.37 352.93 154.15 161.46 3.2161 1
331.48 358.02 188.36 196.12 2.6036 1
437.87 424.73 205.37 250.91 3.9262 1
367.77 332.67 160.83 152.47 3.2435 1
495.55 403.29 226.76 351.61 6.6573 1
249.48 250.42 314.34 296.5 11.3 1
347.9 320.18 251.56 242.2 2.7841 1
322.75 341.77 245.72 252.48 2.0148 1
353.1 364.23 161.59 163.53 2.8735 1
342.65 317.62 301.02 292.35 2.9122 1
420.39 406.4 265.75 313.18 3.9504 1
438.07 347.71 177.42 139.52 2.2693 1
424.49 421.34 251.38 262.8 3.153 1
259.09 256.13 126.62 231.61 2.3414 1
259.35 259.1 97.878 119.12 1.3706 1
405.94 395.98 313.56 347.69 3.8442 1
255.68 254.91 237.86 281.64 2.0557 1
314.23 336.86 293.85 302.25 2.2103 1
325.03 304.73 148.29 131.14 3.226 1
435.45 261.67 202.7 126.53 2.8578 1
301.94 292.96 281.4 269.06 2.9407 1
315.22 330.11 146.97 153.48 2.4347 1
451.38 442.08 176.55 206.38 2.0147 1
281.59 307.58 131.69 143.52 2.1735 1
316.06 301.84 175.97 162.65 2.6791 1
639.33 590.46 28.756 1.4685 3.3018 1
306.74 296.6 231.53 219.14 3.166 1
262.68 278.98 123.31 130.69 2.1701 1
337.87 283.01 129.13 106.3 1.7441 1
347.87 437.77 136.64 174.38 2.1317 1
361.76 391.58 167.57 180.47 1.9532 1
300.28 314.25 219.6 222.24 2.9204 1
306.56 321.62 163.37 165.39 2.976 1
308.97 331.72 131.5 134.73 3.7128 1
257 287.06 233.42 249.56 1.8773 1
346.75 377.84 141.36 155.46 1.9719 1
354.13 361.66 242.87 250.34 2.667 1
410.76 381.67 259.59 245.29 1.6921 1
