135.37 574.12 479 478.98 1.2708 1
638.98 638.98 412.88 146.63 1.2585 1
430.21 486.76 15.98 31.129 3.6419 1
381.69 430.51 1.3607 13.58 4.2393 1
441.66 383.51 21.5 4.4616 4.8364 1
540.95 511.88 104.74 250.18 6.3793 1
546.68 541.76 77.348 100.14 6.3013 1
487.27 443 34.205 22.412 4.0298 1
174.72 424.33 112.24 32.252 5.3308 1
514.52 292.83 252.31 381.54 9.4219 1
265.4 544.41 192.93 77.315 6.0032 1
219.49 174.57 281.2 112.09 5.6438 1
517.97 561.8 42.621 38.475 5.0451 1
557.96 525.49 42.173 47.337 4.8549 1
488.04 548.85 54.9 76.16 4.2497 1
223.84 71.454 -0.57332 19.049 4.0283 1
41.486 185.26 20.614 0.79004 3.3751 1
592.55 599.82 21.513 0.56587 11.135 1
591.83 571.73 24.838 30.736 3.9502 1
562.5 589.78 32.003 20.239 5.402 1
0.79727 64.843 18.98 5.3702 11.769 1
290.37 219.38 373.16 281.14 6.7585 1
599.16 519.93 72.733 50.708 3.8782 1
571.15 558.3 33.382 41.577 4.7959 1
486.9 498.76 32.107 36.377 3.3407 1
607.94 595.34 23.705 24.078 3.7484 1
524.23 584.16 48.737 65.257 3.322 1
628.2 622.88 1.4052 23.828 5.0312 1
70.428 1.171 19.429 31.526 4.7482 1
501.05 487.68 41.166 35.87 4.407 1
521.05 505.69 49.6 44.442 3.9364 1
74.203 39.295 9.4703 17.375 6.0493 1
39.024 1.3268 17.389 25.183 3.502 1
584.2 570.25 38.726 36.013 3.1699 1
1.509 40.501 28.521 21.033 3.0646 1
635.37 631.65 2.8743 14.998 5.1466 1
625.57 608.5 27.062 23.044 8.7325 1
559.11 540.37 33.499 32.907 2.7749 1
519.08 562.86 30.633 29.696 4.7315 1
531.42 517.81 45.426 43.296 2.5874 1
97.999 73.922 7.0841 8.8263 6.775 1
540.43 516.46 31.861 37.109 3.8948 1
574.28 586.76 33.362 35.977 3.1573 1
292.33 263.18 367.97 194.9 5.3325 1
592.86 619.13 31.765 34.029 3.7362 1
261.83 176.5 191.53 114.27 3.4574 1
131.25 116.43 0.60403 6.0956 4.6884 1
582.77 585.64 62.861 40.408 9.6026 1
633.99 621.92 29.44 37.092 4.7888 1
424.99 441.45 32.749 38.385 2.4618 1
632.85 598.96 75.585 71.895 3.0515 1
519.78 524.51 192.77 166.7 1.5658 1
