467.36 445.5 87.805 250.22 4.8339 1
136.62 574.12 479 478.98 1.2637 1
638.98 638.98 412.87 147.87 1.2509 1
199.53 170.08 213.8 65.185 4.5201 1
367.58 197.71 327.72 215.62 8.7397 1
358.24 466.27 138.64 87.251 5.8518 1
171.56 358.15 66.206 139.68 6.0777 1
445.27 357.88 249.84 315.79 6.1718 1
549.18 639.38 4.5078 9.8503 12.995 1
639.31 569.24 23.834 15.611 3.7302 1
550.58 540.25 11.813 9.7726 2.9368 1
639.21 557.85 16.939 9.4331 3.1183 1
8.9303 16.852 5.182 6.6415 5.3702 1
559.26 551.6 13.548 11.742 2.6534 1
539.34 484.37 9.0509 0.11872 3.6246 1
569.16 559.27 15.091 14.018 3.3234 1
562.84 639.24 11.924 20.636 2.4183 1
511.76 548.05 0.97121 8.2605 2.7024 1
174.27 277.66 64.638 35.837 4.6962 1
277.74 462.78 35.883 85.729 4.1731 1
349.88 349.97 309.13 144.13 1.3453 1
435.08 429.77 141.49 153.17 2.5827 1
453.9 459.8 164.09 122.97 1.5921 1
199.13 202.18 227.88 219.32 3.613 1
421.61 433.15 142.81 140.44 3.7113 1
448.12 453.74 206.66 166.75 1.9026 1
389.41 363.95 326.5 321.2 6.119 1
416.55 428.09 191.23 188.96 3.4378 1
420.17 436.93 118.31 114.08 3.6365 1
352.95 352.85 164.13 190.37 1.2605 1
352.83 352.78 191.62 264.12 1.3023 1
412.87 424.21 234.1 232.11 3.1121 1
180.67 183.93 102.82 120.41 1.4569 1
352.87 352.87 144.13 162.88 1.25 1
358.38 358.43 141.62 160.38 1.2988 1
352.42 352.88 266.62 310.37 1.55 1
444.83 445.37 261.46 271.63 5.9767 1
99.04 86.205 11.437 17.217 4.6722 1
395.42 366.41 147.96 162.45 1.6868 1
31.504 38.333 9.8712 25.171 2.6699 1
358.62 357.82 167.84 180.37 1.6465 1
360.38 376.58 161.63 154.03 1.7329 1
83.716 71.421 18.367 24.997 3.8939 1
358.23 357.86 182.88 224.12 1.4296 1
9.0853 1.536 39.759 40.246 2.5753 1
40.389 24.116 41.284 40.597 1.6171 1
