638.97 638.98 412.87 147.87 1.2557 1
136.62 574.12 479 478.97 1.2739 1
551.1 477.48 132.14 310.95 4.9635 1
476.67 174.12 313.75 320.04 10.835 1
162.37 154.1 75.017 86.61 3.9282 1
177.91 149.52 316.62 118.89 4.8153 1
147.95 158.99 87.934 73.747 4.601 1
175.25 482.88 30.305 46.55 4.8939 1
152.13 149.81 100.51 87.98 4.3709 1
149.85 154.2 119.93 102.58 4.5491 1
162.72 174.32 72.489 30.429 4.0252 1
156.47 160.59 96.236 81.34 3.7438 1
483.15 551.56 46.16 130.66 4.3955 1
152.82 549.15 119.83 131.93 4.9205 1
478 540.65 301.68 149.24 1.8856 1
470.51 463.76 322.4 334.47 4.1042 1
402.88 365.39 45.185 43.706 1.4461 1
158.65 164.26 160.44 199.11 1.6347 1
439.13 415.38 46.625 46.625 1.25 1
357.88 339.13 42.875 42.875 1.25 1
