139.12 572.87 479.01 478.98 1.2798 1
638.99 638.99 411.63 147.88 1.2507 1
215.73 171.2 321.18 161.05 5.0806 1
300.42 275.98 4.2455 13.254 4.3223 1
269.56 293.27 9.8542 4.6527 3.6936 1
381.38 439.04 165.27 32.839 4.4914 1
181.62 212.92 1.7922 3.2616 2.9076 1
212.72 262.8 2.7393 9.6416 3.8022 1
256.99 196.69 12.464 4.8279 5.3234 1
195.52 141.63 6.2055 1.6112 5.0881 1
270.51 257.76 14.69 12.223 5.8589 1
361.85 215.24 359.53 320.89 7.665 1
436.67 301.48 32.463 18.022 5.6104 1
171.85 275.39 159.33 44.141 5.1386 1
436.04 420.46 55.304 183.04 4.0252 1
296.54 270.48 19.703 15.916 3.2141 1
439.9 435.84 35.273 54.224 3.2306 1
367.98 364.6 340.16 357.97 9.5294 1
584.39 573.81 10.389 12.63 8.3729 1
277.91 300.32 14.784 16.247 2.6576 1
599.19 585.28 11.619 12.325 4.1889 1
541.27 556.21 9.951 16.348 2.5244 1
578.63 571.97 8.4205 1.2986 3.0284 1
554.34 544.11 12.385 7.9118 3.1484 1
572.9 555.36 12.802 12.476 2.732 1
421.2 370.93 183.99 340.55 5.0676 1
173.93 367.8 161.42 198.29 4.2197 1
554.13 597.86 16.366 17.171 4.1177 1
369.37 364.49 199.09 339.18 4.0959 1
546.62 526.62 2.3534 2.7289 2.7578 1
598.25 583.09 4.8251 7.7475 4.9096 1
391.64 415.37 21.177 21.809 1.4492 1
509.57 506.33 19.062 60.253 3.3063 1
374.11 386.55 17.809 15.048 2.1698 1
500.77 504.95 57.783 18.945 3.4614 1
414.11 387.86 24.469 23.33 1.5737 1
505.48 451.61 60.435 55.52 2.7213 1
452.9 499.2 52.608 57.072 2.0982 1
335.37 361.62 19.188 19.558 1.4438 1
177.01 200.48 169.02 254.1 1.5786 1
319.95 318.48 15.42 1.5608 3.1478 1
201.23 205.66 256.73 272.8 1.5376 1
