638.98 638.98 411.62 147.87 1.2515 1
137.87 574.12 479 478.98 1.2682 1
274.67 253.53 19.528 10.508 5.5659 1
453.79 276.86 396.9 423.23 7.5538 1
300.59 275.45 20.546 18.251 6.9006 1
278.63 290.89 52.341 60.887 4.599 1
252.69 263.04 55.653 62.623 3.8288 1
497.95 451.39 192.21 396.97 10.032 1
245.57 272.7 8.8044 25.662 3.9885 1
376.44 502.79 95.63 186.74 4.5731 1
302.97 292.7 43.91 39.54 5.2373 1
274.22 271.13 429.3 408.82 8.8386 1
208.05 218.26 42.631 49.823 3.786 1
154.28 169.01 45.041 51.864 5.0624 1
281.19 274.31 425.18 421.3 4.3533 1
106.62 119.6 46.634 54.595 3.2253 1
75.187 91.732 39.583 46.363 3.2046 1
144.57 135.69 39.595 34.508 6.0447 1
280.31 270.09 49.204 40.721 3.3568 1
38.84 75.748 37.668 47.762 4.4004 1
269.28 253.24 44.397 34.28 5.9532 1
86.978 72.941 40.726 35.208 3.4499 1
425.1 419.58 1.6008 64.385 10.113 1
217.83 230.01 48.039 51.62 4.9387 1
132.92 122.85 34.48 34.276 6.2741 1
273.06 287.6 1.1108 6.4731 6.6041 1
111.25 89.069 42.211 27.962 3.9835 1
219.81 207.36 34.495 24.79 3.6242 1
89.859 105.15 47.777 54.622 6.694 1
181.56 165.86 37.96 26.422 5.9823 1
206.39 196.3 35.591 25.702 4.4279 1
281.73 282.76 37.754 49.247 4.2932 1
274.02 273.61 365.44 347.83 7.6146 1
67.912 47.79 26.499 20.669 5.1842 1
315.05 307.37 15.717 8.4057 3.5779 1
285.51 295.49 4.4602 3.9832 7.7899 1
325.07 337.48 0.36622 9.6496 3.1269 1
239.32 220.07 38.088 34.493 4.915 1
277.96 495.44 193.89 185.92 8.5609 1
255.68 242.47 41.804 38.043 5.8357 1
277.34 277.5 225.38 192.89 8.7557 1
271.45 301.65 24.754 27.569 4.0504 1
271.01 269.88 409.03 371.68 16.394 1
274.1 277.55 349.02 230.29 9.7635 1
340.32 350.39 52.656 52.461 7.4744 1
544.04 526.56 52.904 1.2256 3.6413 1
535.96 547.3 54.631 69.563 4.5359 1
444.64 450.6 399.56 421.56 9.724 1
541.64 434.13 65.968 62.749 3.1872 1
196.51 186.78 28.414 32.051 5.8541 1
163.33 160.34 45.583 34.135 3.051 1
1.4042 44.219 47.3 50.277 7.3624 1
215.42 244.05 1.0949 3.7113 2.831 1
396.52 382.72 365.08 369.95 2.4271 1
430.28 445.44 69.65 70.458 3.3457 1
262.31 242.31 374 263.77 6.4611 1
93.316 95.035 39.996 47.671 2.9072 1
242.64 241.18 261.66 99.129 8.4812 1
377.87 352.86 371.67 371.17 1.6538 1
446.58 497.89 70.328 72.396 3.294 1
519.75 536.92 1.0075 53.189 5.8907 1
554.13 639.13 58.319 58.235 8.8053 1
164.76 166.05 31.554 42.941 3.1872 1
458.27 431.44 1.0722 42.753 3.0083 1
38.221 32.747 19.29 1.2839 12.582 1
411.9 416.74 57.613 16.492 7.3761 1
288.62 278.71 440.74 432.33 5.5741 1
558.75 549.23 0.71014 56.643 13.136 1
336.55 350.33 7.9022 8.6876 3.5305 1
434.42 473.51 60.569 1.2221 3.4382 1
429.3 433.79 42.894 1.5885 2.7553 1
625.73 612.91 93.466 86.558 4.573 1
405.4 421.63 218.54 218.04 1.5973 1
245.36 379.14 96.745 97.902 5.7955 1
385.37 360.36 314.25 313.58 1.749 1
395.39 380.37 248.62 248.23 1.5436 1
416.93 417.65 15.391 1.5482 5.3188 1
327.9 302.89 225.93 226.95 1.9385 1
270.86 223.81 86.86 76.878 5.4843 1
117.84 105.36 85.66 84.256 2.1388 1
287.86 270.35 89.266 86.795 5.8247 1
325.54 315.39 78.417 79.337 3.7347 1
350.42 330.37 77.457 76.872 6.5752 1
77.915 60.681 76.48 71.758 2.3124 1
290.38 347.85 224.15 221.21 1.9513 1
401.58 415.22 299.44 301.42 2.6537 1
350.9 353.67 22.715 31.765 2.9603 1
434.1 450.37 66.232 66.796 1.2926 1
