638.98 638.98 412.87 146.62 1.2544 1
136.63 574.13 478.98 478.99 1.2569 1
227.45 201.92 255.25 83.895 4.8477 1
608.62 535.85 143.42 325.06 4.6414 1
333.65 607.57 37.86 143.65 4.8492 1
200.69 333.27 82.568 37.787 4.574 1
94.181 71.484 33.794 29.962 4.514 1
62.635 37.379 42.28 54.441 9.1351 1
433.37 225.97 427.54 255.91 10.186 1
535.42 433.94 325.37 430.24 5.4499 1
67.903 55.408 28.936 28.691 4.9745 1
1.5711 35.364 50.291 51.855 4.4395 1
1.6256 47.933 37.885 35.093 3.6239 1
192.73 135.81 84.41 55.76 3.439 1
34.193 1.5848 55.458 53.57 4.6106 1
486.63 437.09 239.13 424.25 5.5615 1
204.57 483.11 84.574 239.95 4.1598 1
125.06 138.55 45.998 52.763 3.3522 1
140.35 198.37 54.178 83.128 3.3964 1
134.08 124.3 54.235 49.971 3.4373 1
77.326 82.058 1.4105 16.875 3.5859 1
81.425 73.378 25.442 1.4564 3.1807 1
198.73 103.77 84.317 119.42 3.6452 1
103.08 189.94 115.94 84.175 3.0326 1
192.79 211.61 36.128 32.768 1.7039 1
224.15 257.93 30.509 23.109 2.2575 1
49.363 53.193 1.5466 13.182 2.3747 1
265.79 290.38 20.05 9.1266 2.032 1
90.13 86.106 15.445 1.4153 3.0923 1
280.59 254.22 17.207 26.886 2.0349 1
253.01 196.73 27.307 38.396 2.9179 1
43.14 66.799 101.07 92.084 1.6582 1
305.55 281.69 1.8988 16.724 2.4948 1
208.04 224.78 96.415 209.21 3.5163 1
532.96 563.98 324.16 246.57 1.8578 1
169.05 145.23 45.174 53.711 2.2654 1
49.297 45.643 12.819 1.5381 2.3783 1
261.77 210.25 121.37 91.843 2.3153 1
224.8 229.21 211.52 240.36 2.2827 1
240.07 233.08 284.26 269.03 3.2219 1
565.05 580.32 244 205.35 1.5944 1
502.81 486.83 227.78 238.19 3.0465 1
576.45 552.54 170.15 188.7 2.3163 1
