197.35 156.79 312.43 131.31 4.7909 1
136.62 575.37 478.99 478.98 1.2585 1
638.96 639.01 411.62 146.62 1.289 1
514.25 478.33 148.85 298.93 4.6435 1
521.27 514.43 119.97 147.33 5.4571 1
156.29 186.7 130.76 57.908 4.1987 1
187.87 469.17 57.55 51.13 4.6461 1
469.34 521.53 51.155 120.45 4.3408 1
493.06 199.29 303.18 316.45 10.3 1
612.76 639.31 43.95 65.143 4.3101 1
589.05 613.26 33.012 45.904 3.6817 1
620.26 585.84 53.1 35.703 3.4315 1
639.95 614.87 70.512 51.873 5.5321 1
159.1 517.91 130.91 120.29 4.56 1
565.59 586.89 1.0964 9.7169 3.5304 1
584.03 565.24 11.878 4.4747 4.2282 1
564.47 540.5 4.3189 0.76607 4.0294 1
591.19 588.08 15.276 28.885 3.8313 1
583.69 586.77 30.574 17.911 3.3785 1
161.08 199.59 135.5 308.05 2.1036 1
394.13 339.13 56.625 56.625 1.25 1
479.08 467.69 69.162 54.263 1.2833 1
515.49 485.46 117.79 77.814 1.2809 1
314.12 279.13 57.867 57.948 1.273 1
214.13 190.38 60.375 60.375 1.25 1
