135.37 575.37 478.99 478.98 1.2642 1
638.98 638.98 412.87 146.62 1.2576 1
549.05 480.33 233.32 413.63 4.963 1
197.19 159.2 289.01 105.1 5.2299 1
593.03 549.86 108.74 233.13 5.0364 1
273.78 592.55 35.663 108.04 4.5932 1
159.49 273.78 103.5 35.655 4.3292 1
477.06 195.48 415.94 290.15 10.955 1
161.39 550.34 104.88 224.23 3.9632 1
76.577 1.3435 105.54 83.852 3.7009 1
1.3573 83.633 80.071 103.36 4.0637 1
36.198 38.852 2.4796 8.0059 4.4627 1
84.575 1.4828 103.94 150.12 4.007 1
174.84 177.84 165.47 181.63 1.4574 1
29.381 73.641 129.6 105.73 3.3005 1
527.61 538.32 280.28 251.79 1.25 1
97.612 120.69 38.403 29.999 2.1383 1
130.32 97.844 28.993 41.546 2.4389 1
31.492 91.289 58.714 39.339 2.6304 1
1.9456 26.511 144.72 131.41 3.2498 1
121.9 148.25 29.619 14.798 2.5196 1
151.49 133.26 16.391 27.268 2.3873 1
485.28 465.49 87.012 82.399 1.3833 1
174.29 177.51 141.59 157.95 1.7471 1
