380.38 354.13 1.767 1.7696 1.2518 1
638.98 638.98 411.62 147.87 1.2529 1
136.62 574.12 478.99 478.98 1.2629 1
511.63 639.12 45.179 45.413 2.7065 1
232.73 186.64 20.074 24.324 4.0962 1
246.45 271.69 32.664 29.72 3.9314 1
299.71 298.38 396.61 199.1 8.3974 1
189.01 235.49 39.436 33.797 3.7227 1
367.88 375.41 41.443 41.645 3.2241 1
639.12 515.37 42.026 41.88 2.643 1
336.6 345.48 41.749 43.647 3.2286 1
442.76 420.45 10.727 13.511 3.5664 1
297.92 295.73 199.2 91.592 8.5177 1
346.64 381.62 3.7644 5.421 3.8641 1
437.91 406.81 16.916 20.644 3.7234 1
387.65 418.05 37.791 32.693 5.5438 1
277.92 262.82 15.937 17.173 3.9415 1
16.625 140.38 35.007 35.159 3.8548 1
295.58 329.41 29.194 34.932 3.7188 1
358.95 323.02 25.438 20.574 4.0786 1
344.76 355.27 43.167 38.867 5.3119 1
301.6 516.64 191.44 187.23 5.1215 1
422.73 439.06 31.52 29.759 4.5327 1
519.69 475.76 188.16 390.9 9.6948 1
305.78 300.28 415.62 396.3 10.644 1
380.47 364.24 20.228 21.659 4.2844 1
1.6186 21.625 28.04 27.923 2.5806 1
380.18 386.89 39.325 38.097 4.3639 1
272.72 291.65 29.89 28.196 4.4035 1
319.06 303 19.527 17.06 4.0861 1
141.64 168.94 26.54 32.492 4.3069 1
166.52 181.6 27.407 29.338 3.2741 1
399.51 388.93 22.123 24.48 3.932 1
431.66 521.64 89.206 187.86 5.4905 1
167.79 139.24 13.348 8.4494 4.5053 1
461.57 304.15 392.79 399.8 6.6031 1
260.52 236.75 11.356 14.972 5.9107 1
515.93 509.11 1.1327 45.373 9.3166 1
297.88 432.88 89.576 88.62 3.3503 1
499.84 505.17 38.93 29.014 7.8725 1
363.88 364.74 20.29 30.533 4.1562 1
386.76 370.38 210.91 207.83 2.3864 1
214.13 195.32 68.06 68.707 3.8337 1
236.54 236.19 14.15 30.42 6.4935 1
432.61 387.62 56.537 65.324 5.2998 1
231.26 230.57 31.653 22.763 2.4926 1
532.88 522.88 47.875 47.875 1.25 1
562.88 534.13 47.875 47.875 1.25 1
348.05 312.62 68.341 60.258 3.1221 1
311.68 286.91 60.086 55.169 3.2005 1
522.02 548.62 39.401 1.2751 3.5266 1
437.88 497.88 47.444 47.479 1.283 1
372.85 413.95 211.83 217.81 3.1484 1
422.87 401.62 213.59 213.5 1.3279 1
414.12 441.62 216.88 216.8 2.5482 1
470.19 474.04 392.48 414.96 8.6895 1
420.37 385.33 246.63 245.19 2.9262 1
401.73 387.74 213.39 211.31 2.6565 1
243.03 220.11 62.612 66.151 3.1338 1
438.55 439.93 28.166 19.057 3.457 1
497.87 436.62 50.016 50.34 1.455 1
376.52 375.8 26.515 35.409 2.4918 1
371.67 349.03 70.843 69.452 5.5483 1
168.09 166.39 23.324 14.662 5.8689 1
372.73 373.66 35.363 24.087 2.2863 1
395.38 379.15 307.84 305.22 2.6672 1
457.88 302.87 220.45 223.64 2.4327 1
442.88 369.13 197.88 197.88 1.25 1
519.52 523.56 25.442 1.5293 2.8975 1
302.87 371.63 220.31 219.25 2.1366 1
381.62 452.87 200.48 200.55 1.319 1
445.47 424.12 209.81 212.81 3.3657 1
539.15 520.88 0.78496 27.364 3.4123 1
386.77 372.37 65.936 69.689 4.8898 1
639.13 612.88 47.875 47.875 1.25 1
503.85 507.67 28.015 1.4159 7.2462 1
251.33 252.94 15.24 26.616 2.8244 1
462.88 450.37 197.22 197.34 1.3689 1
140.61 138.45 24.081 12.766 3.6836 1
435.82 420.46 242.43 245.79 2.5657 1
439.67 438.5 1.5204 9.4024 3.7097 1
316.19 307.67 418.56 413.21 6.4299 1
425.26 399.11 304.47 307.75 2.7902 1
505.37 464.13 196.46 197.02 1.3849 1
59.129 7.8836 43.699 43.215 2.5589 1
127.88 101.61 42.892 43.228 1.4257 1
99.128 80.365 43.134 43.373 1.4408 1
