135.37 574.12 479 478.98 1.2629 1
147.24 370.44 66.025 140.19 4.7375 1
177.98 145.28 221.34 65.132 4.6956 1
638.98 638.99 412.87 147.87 1.259 1
358 176.36 321.22 223.37 8.9934 1
460.19 435.81 83.908 245.44 5.0089 1
615.72 614.14 1.4993 12.877 4.75 1
370.43 458.71 139.2 82.932 5.2021 1
435.47 362.08 245.46 318.33 3.8818 1
145.59 251.67 64.786 30.525 4.1747 1
583.13 501.69 17.459 4.9461 4.0927 1
585.34 507.93 10.624 1.1695 3.4193 1
541.59 599.31 2.1196 6.7771 7.4757 1
621.37 640.14 12.104 5.983 9.8692 1
611.69 585.45 13.407 10.865 4.2932 1
544.23 639.36 7.3646 26.724 3.4336 1
639.4 584 30.345 18.463 3.4108 1
527.88 540.41 1.5008 2.3596 1.6746 1
426.99 424.15 187.69 201.63 2.949 1
501.54 480.46 4.6199 1.0978 3.4927 1
437.21 432.06 112.61 125.55 2.5467 1
378.86 358.06 326.38 320.94 8.4098 1
414.01 431.77 141.08 137.32 3.2912 1
502.91 544.23 2.6582 8.3952 2.0628 1
433.79 429.51 137.77 151.74 3.78 1
410.27 424.36 189.97 186.25 3.6937 1
252.65 457.54 31.272 81.721 3.7588 1
406.36 419.2 233.25 229.37 2.8649 1
424.19 434.43 114.36 111.45 2.4636 1
635.36 617.85 16.305 16.1 8.8373 1
421.65 418.67 230.38 244.02 2.8619 1
418.16 398.23 244.57 257.19 2.7129 1
423.65 409.63 200.26 209.87 1.4045 1
430.29 411.88 126.37 132.39 2.4481 1
421.75 411.5 190.68 195.08 2.1654 1
399.2 368.24 147.99 168.42 3.0452 1
417.87 399.19 157.84 163.12 2.562 1
366.78 282.55 142.39 115.13 3.2442 1
172.7 176.23 180.41 197.96 1.7179 1
356.97 360.62 249.14 150.38 2.7772 1
369.17 366.11 167.74 222.92 4.2993 1
370.06 369.46 144.11 161.68 3.3643 1
158.55 164.19 112.99 140.36 1.7289 1
281.42 184.14 114.72 81.581 2.6913 1
371.59 406.21 162.83 139.75 2.4264 1
18.666 5.6126 1.7715 7.1968 2.5529 1
355.67 356.48 291.63 251.62 2.6764 1
360.38 360.38 226.63 247.88 1.25 1
366.04 365.75 224.12 246.63 1.5103 1
362.51 362.34 167.87 190.38 1.4221 1
181.8 179.75 241.84 231.75 3.449 1
446.39 449.73 154.09 134.23 1.6358 1
454.04 430.17 93.99 108.79 2.0189 1
358.79 358.07 270.36 289.13 1.7753 1
391.65 379.16 325.47 325.15 5.1267 1
181.5 161.72 80.746 73.852 1.5918 1
