638.98 638.98 412.87 146.62 1.2537 1
137.87 575.37 478.99 478.98 1.2634 1
536.41 527.89 261.55 262.94 3.5007 1
615.55 536.63 86.821 261.06 5.5193 1
231.65 501.76 41.881 19.49 4.5764 1
295.13 613.08 134.99 87.982 5.152 1
238.22 231.98 194.17 72.792 4.5793 1
231.86 230.41 71.613 42.81 4.8042 1
245.4 247.7 180.59 166.8 3.9054 1
243.21 245.93 127.94 112.98 3.2425 1
239.38 238.13 220.49 195.3 4.1254 1
250.68 250.83 217.87 232.88 2.5733 1
249.1 248.95 172.87 184.12 2.6154 1
246.75 249.46 227.9 211.68 3.9031 1
247.44 246.91 117.92 127.89 2.6952 1
241.82 244.18 100.4 82.882 3.9791 1
252.8 245.31 197.91 181.66 3.5813 1
600.59 615.65 77.537 86.936 5.5654 1
246.53 263.41 80.561 89.358 4.2927 1
286.4 254.17 326.73 255.36 3.8593 1
248.85 262.9 185.47 201.45 4.0151 1
260.54 250.14 125.17 116.92 3.1418 1
262.8 251.3 180.46 170.76 3.2255 1
303.56 292.97 324.17 329.18 9.4521 1
260.16 249.35 93.532 87.471 5.451 1
502.52 599.93 19.727 77.372 4.0169 1
250.43 242.9 243.54 226.74 7.8665 1
246.9 260.18 128.71 144.29 4.0531 1
246.39 244.18 135.66 124.36 4.189 1
527.98 301.81 266.08 326.37 9.4997 1
269.85 251.97 208.7 197.33 5.8475 1
270.46 258.93 120.19 114.53 1.6925 1
259.19 267.07 111.5 115.81 2.7933 1
292.41 292.78 161.61 145.34 2.7596 1
253.89 249.37 254.94 244.56 3.4905 1
287.42 292.08 324.11 167.85 4.3643 1
292.23 277.69 167.09 146.76 3.0507 1
259.47 246.21 148.77 135.77 4.4976 1
260.93 232.36 85.854 44.479 3.6246 1
239.55 233.79 85.121 75.576 1.9359 1
222.56 239.73 238.21 228.03 7.3672 1
254.65 242.94 113.58 101.52 5.2252 1
271.7 256.44 255.26 245.68 2.5341 1
234.42 242.13 70.95 83.823 2.578 1
296.68 296.5 290.38 317.87 1.2578 1
295.38 279.13 40.375 40.375 1.25 1
535.03 544.29 257.04 236.7 1.7577 1
277.86 252.87 41.368 42.821 1.756 1
304.47 299.51 141.64 251.64 2.4864 1
485.38 475.24 110.43 111.38 1.6316 1
551.67 568.44 220.4 183.13 1.4823 1
529.11 504.2 103.98 107.19 2.0011 1
254.71 239.91 211.95 181.85 1.7891 1
279.72 289.51 143.29 158.89 1.8691 1
294.12 294.12 309.13 289.13 1.25 1
462.93 446.49 113.23 115.77 2.1912 1
237.43 246.46 126.86 144.21 1.823 1
316.6 300.39 37.603 39.277 1.6287 1
299.11 297.93 254.12 284.13 1.9405 1
254.23 240.25 164.07 137.94 1.9995 1
297.79 298.06 232.87 211.63 1.2657 1
569.97 577.94 180.2 161.65 1.25 1
248.92 257.11 147.98 163.88 1.6836 1
292.34 279.02 133.23 112.94 2.4172 1
502.87 486.57 107.8 109.99 2.0707 1
309.13 296.6 333.03 333.75 1.6775 1
300.22 301.01 161.62 144.15 1.4747 1
556.56 532.92 99.898 103.21 1.4335 1
285.36 271.59 333.11 332.23 3.0562 1
