469.56 450.66 111.53 272.76 5.1037 1
638.98 638.99 412.87 147.87 1.2585 1
137.87 574.12 478.99 478.98 1.2597 1
211.8 183.65 228.84 86.472 4.4764 1
450.67 356.64 272.06 335.39 5.6292 1
349.84 468.79 162.9 111.23 5.4421 1
30.698 48.054 21.005 30.031 3.5492 1
186.23 349.5 86.208 163.33 4.9924 1
78.923 74.703 15.436 1.4506 3.4767 1
69.893 75.339 0.90602 16.193 4.7101 1
78.363 82 1.4872 14.372 2.7455 1
26.825 30.771 7.4288 20.253 3.5842 1
184.3 291.74 84.776 55.815 4.0306 1
500.38 457.92 12.84 8.6838 4.1238 1
46.634 32.866 5.3514 5.4523 2.5823 1
34.968 29.72 20.489 1.8091 3.9085 1
585.49 639.33 19.991 23.661 10.827 1
567.91 539.2 3.8766 3.2523 7.8515 1
594.21 584.22 8.2228 10.759 2.9911 1
456.66 414.08 10.214 1.8349 3.2162 1
5.6712 14.455 6.4355 20.164 3.4532 1
88.923 97.61 17.423 13.533 3.3033 1
25.985 23.271 20.743 6.7911 4.4307 1
8.9856 0.8685 19.759 1.9702 3.8092 1
571.41 581.56 10.109 8.6621 9.0153 1
639.14 563.89 36.534 24.343 4.5974 1
350.87 217.8 338.1 236.34 8.0609 1
429.12 472.81 2.9272 8.369 2.9579 1
563.08 500.43 22.681 13.76 3.7245 1
292.65 465.2 56.101 109.69 4.0622 1
639.2 586.61 29.628 24.323 3.0108 1
512.82 572.86 11.977 21.716 3.4334 1
595.4 639.13 27.676 32.796 2.4707 1
376.2 350.82 346.61 337.83 9.4506 1
452.25 463.23 234.05 140.42 2.1224 1
139.79 119.82 25.297 34.113 3.8015 1
489.13 511.65 9.1024 12.7 2.7172 1
346.99 343.43 310.37 169.11 3.0881 1
639.14 595.35 9.8737 8.5809 3.2736 1
139.07 191.63 13.848 4.1777 2.8127 1
346.39 347.79 189.13 229.13 1.991 1
586.59 605.41 4.8937 5.6322 2.5952 1
417.92 434.26 166.83 163.52 2.716 1
416.72 430.55 214.52 211.1 2.7034 1
194.08 144.19 6.3785 15.722 2.3873 1
84.136 1.6176 54.681 53.324 3.2808 1
450.34 451.92 252.87 236.65 1.7289 1
450.75 448.68 282.63 300.47 5.1616 1
136.8 138.38 1.4447 13.903 3.5786 1
387.83 351.77 172.78 189.43 2.7067 1
348.06 349.01 231.62 294.13 2.4048 1
406.41 425.66 257.93 254.44 3.69 1
410.24 435.72 144.86 137.9 3.9468 1
119.47 107.7 34.637 42.613 3.8724 1
354.02 397.79 185.15 165.18 2.0758 1
418.16 403.1 180.01 184.84 2.0421 1
34.125 54.125 51.625 51.625 1.25 1
534.22 504.11 3.8555 1.882 4.0689 1
350.38 350.38 312.88 330.38 1.25 1
92.645 82.117 51.996 54.753 3.6853 1
76.654 83.587 29.945 50.556 2.811 1
456.46 421.82 123.74 138.34 1.7608 1
103.52 92.577 44.393 51.141 2.4646 1
384.13 375.37 346.51 346.58 5.0479 1
