638.98 638.99 411.62 149.12 1.2636 1
481.19 469.56 122.55 183.2 4.2555 1
139.12 574.12 479.02 478.97 1.2967 1
469.42 456.77 183.95 251.42 4.2269 1
485.67 481.34 98.944 121.81 5.6105 1
185.11 140.02 323.53 154.8 5.1222 1
276.43 487.63 236.35 90.577 5.8646 1
436.97 454.07 43.258 27.688 4.1265 1
455.8 432.1 31.849 50.962 5.3045 1
457.93 299.21 251.72 407.94 7.4705 1
494.86 491.08 1.5546 29.221 6.9765 1
553.14 549.28 26.118 33.6 5.0528 1
465.2 471.01 29.089 0.98124 8.3162 1
405.56 436.69 48.254 44.709 5.4229 1
559.7 552.39 1.4189 25.227 4.6005 1
617.83 627.92 53.902 51.838 5.3996 1
267.98 352.75 11.235 33.346 5.6799 1
453.02 464.05 29.491 25.176 3.7452 1
141.28 359.77 154.79 51.741 6.5031 1
353.42 397.73 32.331 45.846 5.0273 1
431.47 411.73 50.253 52.549 4.0137 1
541.91 548.28 31.421 1.4448 5.4102 1
365.53 308.81 40.924 27.995 5.5828 1
293.99 184.89 409.92 322.55 7.4293 1
437.76 402.65 38.095 42.18 4.6189 1
308.99 260.42 26 15.17 5.1436 1
489.19 477.46 32.727 27.554 9.6538 1
391.23 364.97 50.607 40.656 4.8353 1
636.67 611.64 60.211 59.76 7.5438 1
603.61 597.69 1.3582 12.781 3.2897 1
403.74 411.69 39.633 35.504 2.7884 1
254.45 262.96 1.2768 9.1372 3.744 1
594.33 599.72 11.731 1.2857 2.205 1
1.5313 109.15 22.081 9.3745 3.4488 1
624.47 639.95 44.214 48.871 5.985 1
412.87 442.87 35.081 34.888 3.8707 1
442.63 389.85 67.337 49.421 5.8751 1
459.45 461.5 64.041 41.387 8.3757 1
499.67 490.07 34.376 41.191 2.5652 1
109.39 142.78 9.0247 1.2123 3.1082 1
157.65 85.592 1.867 17.618 4.4242 1
628.55 639.83 138.34 122.12 3.0792 1
466.16 459.56 6.1503 2.1618 6.2188 1
457.87 446.6 42.916 41.879 3.3906 1
551.69 591.5 36.035 40.275 4.5232 1
85.22 1.4615 16.567 26.496 3.788 1
260.64 248.42 13.874 1.1063 3.6121 1
416.78 453.08 54.714 63.267 3.2167 1
359.87 423.94 52.094 70.999 6.073 1
467.7 478.4 176.59 120.24 1.831 1
520.41 515.36 9.9511 9.8348 3.8062 1
484.98 458.82 89.196 81.379 5.1486 1
565.36 543.98 43.001 40.268 3.1139 1
213.03 275.39 197.6 234.1 4.4461 1
589.12 602.95 41.642 43.585 5.2992 1
617.89 606.75 29.033 27.12 2.6575 1
