121.29 366.68 70.435 132.67 4.9427 1
158.05 119.07 227.83 68.832 4.5415 1
136.62 574.12 479 478.97 1.2766 1
638.98 638.98 411.62 147.87 1.2544 1
439.6 419.94 74.029 232.98 4.7552 1
370.58 157.1 319.15 231 9.3025 1
220.15 438.78 30.295 72.152 4.1532 1
419.42 360.42 233.39 309.44 4.0699 1
379.58 406.02 120.94 99.62 5.7484 1
366.57 379.09 131.56 121.31 4.1338 1
558.19 484.33 13.587 0.46232 3.9363 1
503.16 639.22 0.2164 27.383 3.4518 1
573.97 617.85 6.9815 3.7555 7.608 1
406.39 427.96 99.57 81.727 6.6464 1
639.3 559.04 30.784 14.542 3.4275 1
401.27 416.75 131.68 127.06 3.4675 1
413.22 413.43 175.39 185.39 2.7122 1
422.06 419.47 101.47 115.44 2.4579 1
408.83 407.9 220.35 232.97 3.1874 1
400.1 411.94 179.68 174.91 3.4784 1
120.69 219.63 68.689 30.435 3.979 1
414.09 398.94 131.55 138.74 3.026 1
569.13 554.12 5.216 5.2098 8.751 1
391.77 365.62 138.04 160.66 2.7628 1
553.01 524.14 2.9818 1.314 3.5996 1
395.77 407.15 221.73 218.44 2.9771 1
365.69 360.99 161.59 274.15 4.2705 1
366.2 365.98 134.11 155.38 3.8024 1
619.04 572.89 8.9698 11.832 4.2844 1
409.88 398.96 192.2 200.15 2.1183 1
367.79 399.03 155.28 127.94 3.0572 1
428.68 436.98 82.325 74.505 5.5329 1
340.37 242.53 129.15 105.57 3.864 1
353.27 356.92 275.35 140.38 2.7683 1
389.13 366.62 314.35 315.26 5.4994 1
144.78 154.24 160.52 199.1 1.8797 1
154.86 160.44 201.75 224.11 1.5161 1
241.99 135.56 105.25 77.162 2.8534 1
163.44 160.8 250.25 238.33 4.4717 1
132.35 138.21 110.5 134.04 1.5296 1
402.82 392.49 109.06 117.4 2.9507 1
362.98 341.52 134.95 129.53 1.8482 1
358.88 358.06 160.35 205.38 2.4085 1
360.38 359.57 277.88 306.64 1.7392 1
