638.98 638.98 411.62 147.87 1.2524 1
136.62 574.12 479 478.98 1.2637 1
208.84 324.13 45.932 206.62 5.1431 1
75.602 54.919 66.147 56.337 4.0983 1
481.43 326.83 341.1 399.67 8.3113 1
290.47 209.23 33.536 44.855 4.557 1
91.217 91.359 37.869 59.143 4.9665 1
536.08 480.91 154.84 340.16 5.4511 1
86.599 90.858 23.741 37.332 3.507 1
355.02 535.55 24.612 154.37 4.4741 1
82.309 76.341 65.406 68.594 3.4585 1
199.76 177.62 15.299 20.568 7.992 1
75.988 50.766 69.518 78.923 4.5068 1
10.662 14.429 18.198 29.442 3.497 1
230.94 211.79 210.3 72.679 4.4807 1
140.3 155.46 14.882 15.421 6.2016 1
211.95 208.25 70.743 48.851 4.341 1
7.8041 6.1423 36.52 17.807 4.6487 1
1.8986 17.045 82.049 72.276 3.7612 1
53.867 43.723 57.609 67.461 4.5356 1
322.83 229.92 396.02 209.98 6.2407 1
97.777 139.5 23.676 14.602 6.3208 1
54.384 29.491 50.093 56.745 3.5397 1
125.43 97.908 21.914 26.808 3.1718 1
55.252 95.992 81.303 65.74 4.0937 1
24.287 21.262 27.025 18.799 3.951 1
8.3453 16.413 45.914 38.881 4.2824 1
50.408 35.312 78.81 77.233 2.6164 1
154.06 141.57 19.697 18.353 2.4856 1
21.791 12.841 18.432 1.0008 4.0566 1
140.45 125.54 18.235 21.199 2.9466 1
156.45 168 17.547 19.735 2.8571 1
35.32 54.087 80.26 81.165 3.0836 1
32.873 50.2 59.113 55.729 3.6805 1
170.53 154.18 23.353 20.092 3.1853 1
20.16 2.2352 75.034 86.342 5.0591 1
47.977 34.221 36.57 37.749 6.5474 1
81.637 87.431 0.47056 13.079 10.468 1
297.96 354.19 32.261 24.595 3.7714 1
20.225 11.213 41.115 48.286 2.637 1
140.35 186.59 6.0551 7.6059 3.4127 1
89.708 74.874 55.209 63.194 6.0959 1
22.08 4.5812 35.139 1.3885 2.7948 1
164.1 136.6 8.61 9.9406 3.0408 1
12.348 7.6372 61.292 51.06 4.109 1
55.331 51.184 44.608 33.507 5.2625 1
325.54 366.49 209.79 199.82 3.2845 1
34.219 27.818 39.09 38.931 6.2481 1
365.36 531.41 200.33 157.04 3.4685 1
42.989 51.188 45.516 38.88 5.8755 1
416.77 381.86 9.6814 18.779 2.5292 1
95.607 74.279 69.806 77.077 2.7427 1
231.58 232.75 235.45 216.69 5.2226 1
325.97 326.27 275.38 244.12 1.5408 1
280.42 299.13 25.683 22.943 1.9612 1
155.38 166.63 11.634 10.405 2.6209 1
306.63 334.13 21.625 21.625 1.25 1
380.6 415.57 16.256 7.4024 2.4388 1
325.93 326.33 244.13 210.39 3.6181 1
364.1 307.93 21.246 24.998 1.997 1
4.1271 19.104 87.928 87.341 1.5427 1
31.679 1.5721 88.541 90.969 3.0949 1
99.066 120.28 72.68 66.296 2.0457 1
342.88 362.87 20.392 19.025 1.929 1
210.44 196.73 79.474 82.178 1.9865 1
325.95 326.1 365.38 276.62 1.3959 1
224.03 214.16 72.941 59.103 1.25 1
119.31 105.41 69.694 74.227 2.1135 1
479.95 488.11 331.5 302.94 1.5455 1
491.48 503.21 292.83 252.97 1.6855 1
86.658 71.559 48.976 45.679 1.9091 1
