638.98 638.99 412.87 147.87 1.2567 1
139.12 572.87 479.02 478.97 1.2895 1
216.32 186.94 296.68 136.34 4.8611 1
186.41 265.39 136.45 41.634 4.6494 1
362.61 215.57 333.96 298.33 8.2741 1
368.15 362.01 314.93 345.7 6.3803 1
434.09 299.05 20.661 2.1798 5.1503 1
385.92 382.06 171.52 197.94 4.0992 1
395.73 436.04 138 21.421 4.7574 1
382.04 370.29 199.01 288.03 4.1124 1
290.44 238.04 8.7046 0.58367 3.7925 1
371.24 368.24 294.25 314.55 9.4865 1
298.25 281.34 2.9322 23.896 4.5508 1
189.12 383.98 136.67 173.64 4.6421 1
527.88 484.12 5.1016 5.0262 5.0625 1
259.15 291.63 1.4561 5.3716 2.7371 1
482.64 515.43 7.6165 11.078 4.51 1
431.84 409.66 43.948 172.97 4.025 1
516.61 527.88 10.534 10.403 3.7643 1
409.85 375.29 173.43 297.5 4.0426 1
481.01 482.81 50.344 14.122 3.3018 1
204.82 210.26 215.47 246.65 1.8762 1
487.39 485.98 10.358 50.352 3.6885 1
192.54 195.89 147.93 167.79 1.8414 1
201.12 204.08 194.2 212.88 1.8216 1
477.82 440.42 52.073 47.471 2.1759 1
