136.62 574.12 478.99 478.98 1.2642 1
199.26 156.03 298.78 127.4 5.2741 1
638.98 638.99 412.87 147.87 1.257 1
157.87 495.38 127.83 126.27 4.6927 1
498.87 468.61 125.12 301.54 5.3148 1
488.34 494.28 95.834 106.01 4.0502 1
201.62 469.15 63.659 59.835 4.5894 1
493.42 491.87 105.18 110.79 4.155 1
469.12 484.85 59.684 95.052 4.5641 1
492.01 498.66 110.89 125.71 4.9566 1
442.87 391.65 4.2174 1.1922 2.7955 1
502.89 442.9 10.202 5.0418 3.2674 1
474.11 556.63 5.893 6.6027 3.6854 1
425.45 472.93 0.73546 4.7696 2.784 1
159.84 201.02 120.89 63.338 3.9359 1
560.38 504.12 9.1346 9.5873 2.681 1
635.44 608 20.131 12.439 3.7026 1
485.34 209.12 306.45 303.53 10.175 1
621.64 639.9 11.589 19.94 3.7 1
557.9 592.93 6.1971 8.0174 2.7561 1
606.75 561.62 12.343 9.1954 3.6833 1
640.19 630.61 50.311 42.583 3.8907 1
591.5 620.52 7.4108 11.943 3.204 1
126.63 30.375 3.499 3.5056 3.7549 1
59.125 109.13 1.7015 1.6373 1.2805 1
207.88 161.63 130.38 130.38 1.25 1
171.1 175.65 173 191.56 1.26 1
414.12 332.87 63.997 64.424 1.4337 1
