638.99 638.98 411.63 149.13 1.2554 1
263.53 241.97 340.46 182.66 4.6471 1
137.87 574.12 479.01 478.98 1.2785 1
424.23 453.06 61.066 56.558 3.5524 1
454.62 433.3 58.375 64.377 4.1711 1
459.54 477.2 43.847 36.301 3.7617 1
406.96 557.38 255.7 106.13 4.4369 1
275.47 325.59 27.38 36.734 3.9495 1
319.05 276.63 38.341 31.586 3.7033 1
324.84 422.94 37.731 60.071 5.1408 1
391.78 316.4 55.856 40.212 5.3115 1
243.56 419.17 180.71 71.705 4.5781 1
549 514.77 132.5 256.8 4.6295 1
475.29 470.9 0.73306 13.445 5.2592 1
1.3856 47.717 10.47 0.8646 4.2242 1
389.28 263.07 421.92 341.32 7.3114 1
556.5 547.8 108.66 134.52 4.7386 1
556.63 542.85 2.687 2.1259 2.8031 1
506.75 502.55 12.698 39.466 5.7873 1
616.76 639.41 63.618 59.404 5.373 1
97.77 155.28 32.433 18.731 3.7661 1
259.9 277.08 13.199 27.572 4.342 1
516.03 393.12 258.37 421.2 5.8657 1
445.44 421.29 49.619 52.854 4.3697 1
479.13 497.9 47.75 48.508 1.6525 1
164.4 103.38 18.932 34.832 3.9361 1
416.61 437.6 51.541 46.67 3.8279 1
517.83 511.37 16.408 23.907 7.0513 1
279.54 264.17 31.982 24.042 4.3697 1
155.25 197.85 17.301 7.7853 3.0094 1
230.37 259.37 5.4137 11.78 4.4373 1
509.11 506.72 1.3385 11.928 3.9332 1
258 226.73 14.738 8.6012 4.4711 1
420.66 391.76 65.636 57.387 5.4942 1
550.41 552.34 19.336 7.5815 5.1364 1
437.87 455.38 47.326 47.558 1.4653 1
477.77 486.59 36.599 1.3044 10.309 1
210.4 165.1 9.2547 17.645 4.0071 1
225.38 211.62 9.5401 9.5887 1.2986 1
639.34 612.96 67.408 65.51 5.3458 1
102.83 1.3135 33.853 49.619 3.7195 1
466.66 430.21 77.702 69.92 3.3242 1
599.32 551.61 53.741 48.009 3.9245 1
553.93 460.26 106.14 82.083 4.8761 1
1.5359 96.783 46.046 31.406 3.7111 1
199.03 229.15 7.6509 5.6856 3.2537 1
62.724 1.4599 0.94989 14.636 4.2177 1
504.2 479.13 42.398 41.381 8.9963 1
429.39 421.37 69.837 65.895 3.3842 1
559.15 599.21 46.232 49.228 3.8328 1
264.61 254.04 22.235 14.24 3.502 1
472.9 461.57 53.973 51.94 2.9021 1
427.99 470.41 66.107 75.211 3.4042 1
518.8 517.86 1.7024 12.978 4.2569 1
512.36 513.01 11.592 1.5529 3.904 1
489.12 505.38 2.0747 2.2821 2.5635 1
244.01 406.65 183.13 259.07 4.3847 1
468.97 464.24 18.319 11.875 6.2497 1
542.65 530.7 6.1893 12.263 5.5722 1
545.4 531.53 46.726 49.983 2.1478 1
612.9 639.38 42.819 53.503 3.4368 1
544.19 526.69 55.688 59.449 2.1815 1
568.8 560.56 6.9445 30.869 4.32 1
519.27 544.16 57.438 53.086 2.2474 1
258.59 261.79 280.44 307.86 1.8208 1
572.9 536.48 96.462 89.912 2.5579 1
599.6 610.16 49.601 54.321 9.0082 1
527.95 518.97 21.856 21.206 6.7759 1
525.38 544.12 45.419 45.057 1.5637 1
541.65 574.21 87.758 93.64 2.9207 1
246.26 257.8 189.17 276.64 2.22 1
537.56 546.73 28.402 40.296 3.5062 1
612.64 600.04 65.67 55.487 3.4741 1
470.73 475.17 72.952 52.829 6.5154 1
535.39 547.92 16.362 16.873 2.8543 1
495.4 479.13 51.127 50.355 1.7815 1
623.95 607.82 49.786 45.57 2.9957 1
537.71 528.11 35.511 23.698 2.97 1
554.15 534.19 20.819 21.784 3.2607 1
639.29 597.76 143.43 133.36 2.3937 1
515.38 536.71 32.849 36.031 2.7114 1
406.23 390.92 265.34 417.93 3.006 1
593.96 555.37 132.31 122.89 2.1611 1
611.53 626.63 51.434 52.809 2.8297 1
617.94 639.15 135.11 140.29 1.835 1
514.09 529.12 39.609 38.912 0.73951 1
556.48 589.05 119.69 128.17 2.4194 1
502.88 519.13 81.625 81.625 1.25 1
525.38 512.88 59.203 60.423 1.7296 1
639.28 619.11 37.599 35.561 3.2413 1
496.6 484.13 83.062 81.592 1.6805 1
