478.56 444.57 136.25 302.71 5.5804 1
638.98 638.99 411.62 147.87 1.2541 1
136.62 574.12 479 478.98 1.2685 1
331.5 477.06 177.42 136.93 4.6908 1
444.74 329.03 302.76 356.42 5.1937 1
544.25 639.33 0.98928 19.307 5.1913 1
212.11 194.93 222.67 75.136 4.9922 1
313.85 478.44 55.944 136.77 4.3994 1
637.67 490.88 32.587 0.5591 10.923 1
197.73 331.72 75.572 176.5 5.2 1
195.46 312.95 73.418 55.905 4.0776 1
556.46 531.78 33.541 27.271 4.2701 1
516.55 546.64 24.016 24.97 4.4427 1
517.83 480.18 26.791 16.05 3.0966 1
639.55 556.7 54.968 33.843 4.0828 1
479.58 463.22 15.778 7.0684 3.2379 1
317.11 216.64 349.97 230.56 7.0134 1
475.11 515.21 11.233 23.427 3.0638 1
549.15 639.41 29.031 51.744 3.4029 1
332.41 317.47 364.6 349.51 8.889 1
530.51 518.97 28.09 26.54 2.644 1
398.01 333.98 185.83 204.89 2.6741 1
419.32 399.34 175.12 178.98 2.1366 1
411.51 394.19 203.55 206.95 2.7184 1
193.87 175.05 8.3282 14.343 3.854 1
333.07 396.43 202.28 183.48 2.6595 1
418.98 394.47 248.73 257.57 3.065 1
326.42 328.29 354.12 309.14 3.0193 1
471.67 416.78 145.53 160.94 2.3857 1
321.39 326.66 349.12 181.63 2.8134 1
439.18 430.53 164.2 170.59 1.7659 1
120.48 70.283 29.499 23.671 3.4041 1
405.28 424.22 239.43 237.56 2.8567 1
69.182 32.897 23.69 18.953 3.233 1
324.81 323.99 311.61 349.12 1.6608 1
433.44 423.61 189.71 199.84 2.2851 1
420.24 436.87 163.24 160.75 5.9959 1
451.47 459.21 254.09 215.39 1.9615 1
402.93 419.15 166.86 162.98 2.0321 1
415.37 431.63 188.74 188.6 2.594 1
142.92 121.71 29.686 31.442 3.9516 1
442.16 439.88 315.1 331.73 4.9059 1
326.63 326.63 259.13 282.88 1.25 1
382.55 401.23 174.6 166.91 3.2637 1
347.82 333.08 369.31 364.72 6.3388 1
401.58 415.36 281.78 282.22 2.4987 1
460.53 467.25 209.16 175.5 1.7243 1
128.6 133.65 1.2512 27.964 3.984 1
173.71 157.8 14.559 22.72 3.8784 1
328.72 328.03 205.37 235.38 1.8817 1
6.7379 27.738 22.115 17.279 1.8752 1
155.39 143.26 22.915 28.68 2.7945 1
328.02 329.48 305.38 277.89 2.2315 1
