263.6 270.94 289.22 129.09 5.694 1
638.98 638.98 414.13 147.88 1.2537 1
271.16 272.19 124.2 96.646 3.9352 1
139.12 574.12 479 478.97 1.2768 1
270.8 424.77 96.212 17.897 4.6683 1
407.72 263.5 366.92 289.21 6.2124 1
273.78 473.08 96.278 173.09 5.3554 1
414.39 409.73 356.72 369.69 6.9131 1
566.59 502.23 61.114 222.37 4.4658 1
462.81 424.67 204.94 320.97 4.8912 1
470.05 463.37 182.75 200.56 3.8054 1
417.21 414.09 343.87 352.09 6.0051 1
424.28 417.12 321.26 343.04 4.0045 1
255.87 267.54 310.7 293.08 7.6328 1
501.75 475.78 222.96 263.92 6.3075 1
374.1 345.23 194.21 185.86 3.4131 1
357.02 377.87 159.08 165.4 3.6966 1
262.15 263.75 324.25 301.51 10.239 1
385.2 350.18 162.33 153.67 3.3664 1
273.54 271.97 131.61 184.14 1.64 1
351.71 370.32 191.32 196.8 2.8914 1
425.06 566.49 17.731 58.337 4.5426 1
271.13 269.37 189.11 234.13 1.9324 1
475.62 420.26 264.28 352.01 4.5679 1
269.19 266.61 241.63 286.62 2.179 1
362.84 340.45 252.97 245.15 2.7151 1
274.88 274.44 104.11 121.63 1.6558 1
341.69 352.87 248.94 252.88 2.3574 1
344.44 336.24 298.34 295.1 2.5434 1
372.94 276.34 168.97 129.83 2.7093 1
277.83 351.9 126.73 157.21 2.5131 1
404.11 391.67 166.76 165.08 2.6448 1
341.01 320.19 183.64 166.85 3.1385 1
344.87 324.19 151.04 135.29 3.222 1
327.62 314.27 238.11 223.99 2.7255 1
331.48 353.91 297.06 304.76 2.3996 1
638.85 581.72 32.143 1.4417 3.5363 1
467.84 392.92 180.47 151.51 2.271 1
324.05 337.84 165.86 168.1 2.8689 1
520.28 476.46 116.54 170.24 2.0924 1
396.5 377.96 178.21 171.38 1.4119 1
319.01 329.16 223.98 225.02 2.4869 1
424.1 401.73 189.19 180.11 1.6285 1
