638.98 638.98 412.87 146.62 1.2538 1
457.25 427.44 153.57 322.58 6.1567 1
136.62 575.37 478.99 478.98 1.2634 1
488.7 639.31 3.6956 34.469 5.9939 1
197.32 190.22 247.36 220.42 6.5496 1
90.481 99.589 15.147 19.374 3.8464 1
191.1 173.64 220.11 88.857 5.1334 1
631.55 485.03 45.708 13.748 11.352 1
177.82 302.16 91.694 193.47 4.4889 1
52.466 66.562 5.2064 10.541 3.6655 1
301.43 455.89 194.65 152.23 6.9069 1
427.42 305.22 320.65 377.54 7.7954 1
297.26 456.43 70.334 150.76 4.2557 1
31.581 52.057 4.3971 7.6753 4.6391 1
261.59 332.83 4.8092 0.87742 3.5983 1
497.75 467.9 36.992 26.541 3.0117 1
295.97 198.31 372.69 247.54 6.4486 1
465.1 504 22.422 35.741 3.3364 1
549.12 521.54 45.413 40.903 4.7559 1
460.5 440.35 16.034 11.746 3.0437 1
520.43 498.81 41.333 36.911 3.1457 1
300.65 295.15 377.26 368.84 6.5571 1
70.365 80.672 7.9179 10.387 6.6605 1
639.41 549.15 69.252 46.511 4.1898 1
136.85 149.99 11.434 8.5836 5.5775 1
174.24 296.81 88.663 70.369 5.7384 1
300.35 300.39 222.88 370.37 1.2513 1
298.29 297.09 370.37 197.87 2.5086 1
282.88 265.38 1.625 1.625 1.25 1
446.64 461.52 10.313 13.369 2.6682 1
311.77 299.96 385.78 377.87 8.3183 1
534.07 542.8 37.668 38.107 2.811 1
505.16 530.5 35.441 39.588 2.8484 1
572.65 633.15 48.736 64.309 3.2599 1
560.68 556.69 0.97831 14.513 5.2266 1
551.02 554.62 14.3 1.0784 4.8242 1
299.72 300.32 200.35 217.88 1.6767 1
546.6 571.61 42.957 49.173 2.7419 1
303.4 303 372.87 325.37 2.6046 1
484.15 446.73 4.3652 8.7993 2.7768 1
436.53 439.69 252.86 234.22 1.4413 1
120.59 60.349 45.874 39.368 3.7283 1
302.88 302.78 300.37 225.38 1.3288 1
59.159 31.546 38.753 36.248 2.6001 1
425.97 424 333.55 344.33 6.2534 1
302.58 302.13 216.63 196.61 1.6476 1
192.19 155.94 23.401 35.897 4.9732 1
143.05 121.51 44.598 46.754 4.9768 1
397.84 412.93 178.79 177.17 3.7285 1
324.75 310.87 390.08 386.13 7.2138 1
195.34 245.34 12.449 8.682 2.5611 1
190.2 192.91 1.3957 14.117 5.4114 1
193.67 192.44 15.312 24.237 6.1914 1
396.59 409.22 205.06 203.77 2.8687 1
447.85 481.54 5.1831 0.96313 2.3253 1
122.35 126.45 12.742 35.179 2.6839 1
231.59 216.64 12.58 14.29 1.384 1
