638.98 638.99 412.87 147.87 1.2551 1
136.62 574.12 479 478.98 1.267 1
545.45 488.14 153.76 338.82 4.5836 1
205.26 275.42 52.972 136.58 4.8414 1
167.54 176.49 18.174 14.999 3.1918 1
488.9 334.28 339.88 409.17 8.169 1
349.59 544.51 26.579 152.96 4.5327 1
44.359 34.081 69.821 65.479 5.5787 1
263.04 204.43 41.416 50.986 4.4061 1
227.35 207.82 217.59 81.453 4.574 1
182.32 162.31 19.836 26.036 8.0731 1
76.789 46.495 68.191 83.875 4.637 1
41.819 76.779 89.575 74.481 3.4174 1
206.71 203.86 71.809 53.772 4.3548 1
164.51 149.14 24.011 29.155 3.5706 1
123.93 141.78 20.425 23.054 6.7678 1
81.589 91.741 30.047 28.936 2.2131 1
118.87 78.152 25.419 34.164 3.3222 1
234.67 227.22 230.77 217.54 4.4941 1
90.261 124.6 27.329 20.15 6.1731 1
56.673 45.143 72.645 70.238 3.9263 1
46.51 26.585 84.819 88.931 3.2064 1
60.63 70.663 26.81 52.764 6.5156 1
276.61 349.35 39.028 26.725 3.9059 1
12.784 28.99 58.749 54.818 2.4658 1
120.37 167.87 12.249 12.415 1.4115 1
142.83 156.64 24.549 24.948 2.499 1
335.18 234.12 404.97 231.63 6.9727 1
33.509 25.942 68.484 75.95 5.3505 1
148.05 119.15 27.827 23.931 3.2851 1
27.991 14.112 52.13 55.32 2.4365 1
25.437 16.642 88.256 87.631 2.1346 1
34.557 37.557 64.283 56.053 4.6976 1
35.922 42.563 78.474 72.414 6.2211 1
229.26 229.67 246.63 224.13 3.8619 1
47.426 58.336 0.6377 23.302 5.5476 1
146.62 117.83 13.993 15.915 3.2439 1
70.38 56.542 62.26 71.501 7.6255 1
3.5546 2.3982 49.088 27.833 5.3322 1
17.86 31.601 90.95 91.306 2.6284 1
30.208 41.971 92.212 89.245 3.0247 1
77.532 55.509 78.257 86.963 2.8119 1
26.675 6.4295 46.111 47.478 8.8143 1
341.84 439.1 217.34 187.8 3.0991 1
275.07 340.34 137.08 214.15 3.2315 1
63.529 67.817 1.1845 19.717 5.9985 1
359.26 392.91 18.391 9.2618 2.394 1
485.16 540.86 337.81 158.03 2.2696 1
384.27 359.22 14.728 20.756 2.0925 1
75.551 102.94 83.406 74.33 1.9941 1
443.99 540.48 186.2 155.72 3.1996 1
103.19 79.071 77.617 85.202 2.3175 1
118.69 102.22 14.78 3.863 3.5014 1
339.39 342.62 327.85 217.87 2.868 1
295.39 316.63 24.373 23.021 1.8032 1
11.031 18.282 1.0101 8.7429 3.7039 1
413.17 385.44 3.632 14.301 2.4248 1
224 207.97 80.481 61.546 1.6154 1
205.48 182.98 83.362 88.329 2.1885 1
320.37 299.12 25.297 26.548 1.8356 1
501.77 479.02 128.9 114.3 1.25 1
182.84 202.98 85.227 80.845 2.2847 1
343.5 314.91 213.4 179.52 2.0312 1
137.93 112.94 1.9877 5.8102 3.0383 1
45.565 30.507 97.757 95.671 4.5725 1
411.79 394.21 193.49 198.2 1.531 1
14.16 1.5626 69.366 71.195 2.6537 1
