638.97 638.99 412.87 146.62 1.2663 1
136.62 575.37 478.99 478.98 1.2631 1
90.85 99.773 24.518 21.238 5.0033 1
217.32 193.66 241.53 70.094 4.698 1
582.65 510.29 161.04 342.84 4.7334 1
335.86 582.03 34.378 159.55 4.4569 1
193.19 335.76 69.181 34.473 5.1268 1
223.68 217.53 248.36 241.89 4.3958 1
104.54 81.53 26.465 35.123 9.6482 1
117.8 105.24 14.556 12.454 3.6922 1
384.37 223.29 432.66 249.71 8.3723 1
510.37 381.12 342.09 435.93 7.0912 1
195.81 421.01 71.419 246.17 3.3391 1
77.926 30.463 35.843 32.763 4.5516 1
50.244 70.551 30.235 32.627 3.2856 1
20.034 45.55 32.27 27.576 6.5007 1
101.09 99.174 10.74 1.3593 4.0508 1
1.0619 20.099 37.062 31.865 8.6627 1
71.457 80.863 33.416 31.182 3.421 1
70.372 91.685 19.086 17.364 2.2525 1
176.58 209.34 41.691 62.535 3.3561 1
29.271 1.4493 34.662 42.229 3.7246 1
206.14 161.98 64.868 36.08 3.5584 1
49.137 36.651 22.533 22.104 1.5497 1
174.31 193.85 40.934 34.523 1.435 1
30.352 69.131 18.147 18.742 3.6537 1
36.161 13.393 22.506 10.515 4.247 1
86.65 72.9 20.646 21.899 1.6984 1
61.598 46.63 20.111 21.669 1.991 1
213.98 269.17 29.259 21.99 2.5753 1
194.22 213.01 34.496 29.634 1.4394 1
508.41 575.81 339.34 169.3 2.146 1
192.98 130.19 83.245 100.96 2.7455 1
293 255.38 21.27 26.689 2.505 1
1.7985 30.528 102.12 92.061 3.3047 1
199.17 220.72 82.869 241.75 2.6406 1
328.12 304.23 9.8329 18.184 2.5426 1
11.786 1.2233 102.18 105.24 2.7489 1
276.7 291.58 20.892 18.799 1.7793 1
291.83 318.06 18.59 11.009 2.2699 1
254.27 214.12 26.502 31.612 2.1643 1
208.95 180.35 33.517 41.538 2.5536 1
421.67 386.58 247.88 428.11 3.7683 1
343.98 329.03 1.3347 8.9304 1.7522 1
85.511 106.66 77.064 70.504 1.9344 1
127.95 193.08 98.141 79.864 2.7878 1
444.08 421.75 231.55 243.11 2.2991 1
48.835 12.725 85.993 102.55 3.0314 1
295.63 230.09 153.8 101.98 1.9353 1
502.89 466.53 122.85 104.31 1.292 1
13.948 1.5407 11.698 13.565 3.4023 1
106.7 86.731 73.113 79.458 1.6256 1
226.26 220.99 273.41 257.67 3.9685 1
37.927 22.963 8.162 10.862 4.0326 1
