638.98 638.99 411.62 149.12 1.2621 1
137.87 572.87 479.02 478.97 1.2928 1
21.45 100.51 7.811 13.49 4.7114 1
208.11 232.42 23.557 15.166 4.8529 1
161.62 100.33 21.636 18.825 3.6315 1
231.58 210.92 19.011 26.818 3.6909 1
193.51 157.98 331.48 173.54 5.4932 1
3.0007 20.473 1.278 7.6053 3.85 1
182.86 207.83 22.215 22.671 4.0458 1
101.48 182.85 14.841 20.692 4.71 1
57.948 13.88 14.566 10.58 5.7806 1
448.28 438.15 9.1174 12.451 4.3433 1
474.18 432.93 21.764 23.268 3.3832 1
352.31 346.58 304.06 355.37 8.8347 1
14.34 1.2143 9.9184 3.7488 3.9255 1
157.53 231.3 173.89 67.265 4.4348 1
404.1 370.37 3.3435 3.683 5.201 1
361.68 351.05 189.13 303.05 4.5137 1
195.54 159.25 28.102 22.121 4.7165 1
480.86 473.43 5.9792 14.791 3.5227 1
204.61 192.97 28.885 25.094 5.9152 1
103.05 59.077 19.066 13.235 4.8678 1
344.1 194 358.01 333.65 8.0948 1
392.77 257.7 43.953 30.956 5.8879 1
256.65 236.43 31.223 61.495 3.8163 1
437.88 475.38 26.294 26.249 2.539 1
252.8 271.59 3.501 1.3409 2.4836 1
251.59 205.28 34.5 30.125 3.4089 1
221.15 197.38 8.8506 16.289 4.1709 1
198.83 230.2 11.23 5.6619 4.2892 1
369.82 392.52 148.03 45.296 4.3289 1
473.86 459.1 15.137 17.759 4.9229 1
537.74 542.3 15.731 1.4403 5.1435 1
212.85 252.87 28.155 31.66 2.645 1
160.21 359 174.14 200.07 4.5258 1
425.45 438 21.429 26.302 2.3305 1
443.49 450.42 5.0186 3.0319 3.3882 1
313.27 298.24 2.5842 8.7543 2.2524 1
434.09 442.87 4.9908 4.1032 2.9899 1
288.09 310.31 8.5524 1.4325 2.4269 1
374.45 362.8 136.69 191.34 2.787 1
390.4 374.34 66.628 205.54 3.6865 1
265.46 252.87 6.2298 5.5408 3.7444 1
374.1 356.55 206.4 304.34 3.5843 1
437.95 392.83 69.402 65.99 2.8491 1
594.12 577.88 46.606 46.722 1.2766 1
433.03 431.85 66.661 30.368 3.422 1
425.77 427.28 11.451 4.0039 2.9466 1
435.58 438.09 27.941 67.94 3.2006 1
579.13 610.38 44.125 44.125 1.25 1
477.89 489.17 28.982 29.826 1.6197 1
322.85 334.12 33.114 34.154 1.8191 1
576.6 534.1 46.809 41.8 2.412 1
394.1 430.43 63.153 65.977 2.008 1
529.16 507.8 40.128 37.144 2.6489 1
