537.43 497.12 76.235 251.16 6.0761 1
136.62 574.12 478.99 478.98 1.2576 1
638.98 638.99 412.87 147.87 1.2589 1
460.52 511.8 13.699 31.109 3.507 1
493.69 456.86 27.945 15.894 4.4288 1
431.72 455.76 1.3435 9.2 3.6112 1
526.39 494.4 42.138 27.281 4.4916 1
226.39 535.81 167.07 75.589 4.9304 1
161.87 426.91 83.972 24.116 4.8812 1
451.39 419.33 11.117 0.9891 4.5164 1
427.35 537.29 23.996 75.383 4.2345 1
201.28 160.94 252.01 84.936 4.3524 1
549.13 579.13 45.701 45.694 3.7534 1
498.81 256.75 253.4 359.42 10.709 1
579.12 552.82 49.051 50.705 3.7426 1
599.54 578.41 41.493 49.324 4.9914 1
600.41 621.82 34.245 28.626 4.579 1
580.23 590.38 44.938 41.633 3.5655 1
258.43 252.65 357.7 339.59 8.7156 1
621.52 606.88 32.464 36.346 4.0189 1
592.03 601.46 38.854 34.97 3.9435 1
512.14 522.14 31.849 36.85 2.7955 1
625.06 637.63 30.24 0.98412 10.849 1
552.89 574.16 34.63 33.978 2.9583 1
255.04 223.03 338.17 165.35 4.6394 1
639.19 622.74 31.101 32.598 4.6398 1
222.35 162.79 165.47 86.691 4.4032 1
589.14 546.65 38.149 37.475 4.2253 1
569.92 526.92 63.895 44.714 4.1637 1
249.56 200.42 340.68 252.85 5.1418 1
550.4 616.51 52.797 75.701 3.7758 1
574.09 592.87 34.384 36.7 3.1098 1
623.92 639.14 39.187 41.528 2.7561 1
622.65 570.57 81.03 63.533 3.6386 1
49.083 1.4651 1.237 6.4 3.9376 1
522.69 536.48 37.155 42.035 2.2214 1
615.11 600.2 46.345 42.259 3.2863 1
456.68 450.8 15.277 12.091 3.9849 1
603.06 622.9 39.699 45.269 3.0405 1
545.2 552.69 37.367 34.84 2.7684 1
1.5655 25.376 2.5418 1.6467 2.4982 1
166.65 171.76 95.368 116.59 2.0032 1
610.28 615.96 71.294 48.327 9.4234 1
505.74 527.19 199.21 106.76 2.065 1
639.22 622.62 83.64 80.459 2.7932 1
186.58 165.5 81.407 85.935 1.7381 1
