638.97 638.98 412.87 147.87 1.2596 1
251.62 220.37 25.121 25.221 5.0759 1
375.02 376.42 1.6041 61.63 3.6905 1
263 264.43 1.455 12.993 3.1067 1
252.24 251.78 1.5755 19.129 4.0761 1
247.43 246.62 60.332 45.375 3.5418 1
260.6 258.38 13.864 1.3148 5.1414 1
206.05 206.62 60.345 49.125 1.7631 1
208.75 209.46 50.325 62.784 2.9985 1
496.09 471.69 168.91 369.13 5.8392 1
253.31 253 59.141 42.897 2.5963 1
136.62 575.37 479 478.98 1.2707 1
249.6 251.18 45.321 59.176 2.9066 1
212.65 212.17 61.634 49.152 1.6297 1
240.19 244.53 36.44 61.338 4.5521 1
597.37 606.84 35.582 1.3381 5.406 1
406.07 379.94 1.3583 55.816 3.649 1
193.98 191.31 59.335 41.672 3.8947 1
169.53 167.88 54.072 41.625 4.1361 1
215.14 214.85 51.62 66.639 3.6267 1
164.23 166.94 41.607 57.822 2.8815 1
383.44 409.78 55.649 1.3347 3.3068 1
201.54 200.49 15.286 1.5209 3.644 1
187.89 170.37 6.9891 6.6402 1.4987 1
243.89 242.26 61.465 76.559 3.1935 1
77.792 80.346 57.616 69.131 3.1195 1
114.26 117.69 45.088 61.663 3.6722 1
104.27 103.31 47.883 65.467 4.5185 1
120.66 118.42 60.332 45.482 3.5211 1
59.208 32.932 11.365 13.561 3.3239 1
500.22 498.99 1.5897 50.372 3.3078 1
239.33 244 9.8289 0.90528 7.3275 1
470.02 304.55 372.44 416.95 7.6288 1
122.03 124.91 45.088 61.706 3.2231 1
85.132 86.843 59.167 69.087 2.4329 1
152.26 153.91 46.533 57.906 3.172 1
90.37 77.744 10.393 7.132 2.7731 1
255.72 256.16 50.358 59.148 1.6848 1
379.79 378.45 55.359 1.6108 3.2472 1
43.169 47.385 60.275 72.615 4.7018 1
84.352 101.97 7.5008 2.9442 6.4059 1
368.42 369.42 62.904 1.5888 9.5083 1
97.095 93.899 66.822 54.182 3.942 1
114.97 109.63 61.77 46.893 4.3742 1
281.54 299.1 7.1855 5.1407 3.4957 1
472.66 495.69 1.1312 49.568 3.3313 1
77.066 73.945 69.346 57.924 3.6174 1
26.657 38.044 65.07 66.268 3.0755 1
91.285 93.015 57.934 67.851 2.0526 1
221.11 231.92 0.64508 8.7331 7.9997 1
639.99 628.62 8.1007 51.819 3.2164 1
1.6201 22.983 67.911 70.836 4.0545 1
86.698 78.029 54.887 55.721 3.9722 1
194.27 197.93 49.081 61.231 2.6397 1
53.972 62.885 75.768 74.18 2.8997 1
240.43 251.66 29.557 28.191 3.8734 1
379.07 497.91 60.714 53.4 3.4743 1
129.13 140.37 10.55 10.188 2.7405 1
219.21 240.41 28.672 29.754 3.3248 1
254.26 266.11 25.559 17.146 4.637 1
170.4 186.67 3.4936 4.1109 3.9368 1
230.23 237.99 4.6205 5.266 4.1516 1
299.16 282.86 1.9161 3.9923 2.48 1
200.43 219.61 19.002 28.093 4.0417 1
16.515 1.4551 49.928 47.867 3.1422 1
37.768 26.527 62.535 61.209 3.8706 1
498.6 476.56 47.533 1.0643 3.4924 1
286.77 498.24 188.89 159.23 7.7187 1
75.562 83.364 1.2996 5.7727 3.5713 1
159.13 187.93 9.0733 10.253 3.7469 1
9.6702 13.85 51.447 64.215 3.5426 1
505.05 505.08 50.374 41.624 2.51 1
163.03 159.37 72.844 54.324 3.9345 1
494.04 385.31 50.255 56.85 3.7431 1
35.338 55.562 9.7507 8.5639 5.4308 1
1.1822 10.312 26.063 28.149 2.1274 1
302.25 300.95 420.54 405.43 7.9687 1
627.88 639.42 55.297 56.66 5.9134 1
50.207 47.078 71.666 59.013 2.1401 1
89.246 103.39 14.454 9.268 4.5766 1
23.068 17.574 68.625 51.723 4.3982 1
77.713 87.972 9.5038 13.898 3.2824 1
102.08 108 9.8516 0.88311 3.7974 1
505.46 587.82 40.118 33.402 5.6678 1
35.396 60.355 16.919 15.102 4.7145 1
197.01 198.27 1.5817 12.831 2.0683 1
68.339 79.05 1.1535 11.701 2.6992 1
242.21 230.82 275.3 187.98 6.4137 1
602.08 596.92 1.2578 12.434 6.5486 1
300.55 297.78 375.48 347.76 7.2114 1
302.89 301.14 404.2 376.58 2.8897 1
3.2769 13.198 1.1005 8.7032 3.9687 1
62.428 66.704 11.958 1.658 4.1386 1
231.09 221.11 187.79 102.79 5.0416 1
587.92 594.66 32.885 1.2064 5.5171 1
1.7108 5.4878 51.602 65.68 3.0624 1
24.318 36.554 3.646 20.427 3.4089 1
50.713 53.761 62.774 72.984 2.3955 1
640.34 625.45 69.783 65.622 9.8249 1
298.39 290.46 347.68 223.96 7.9992 1
3.5595 16.871 8.9116 16.173 3.2656 1
289.86 287.08 215.58 191.43 6.3521 1
308.96 270.07 76.018 86.789 4.7453 1
298.1 290.28 407.21 389.73 8.4976 1
312.41 304.89 428.84 415.49 10.829 1
289.95 244.04 389.55 274.91 6.7315 1
505.59 503.82 1.5748 37.921 4.4137 1
529.5 525.1 1.5109 35.339 2.3796 1
94.194 137.89 98.212 89.215 2.2326 1
94.397 57.911 102.01 108.09 4.3158 1
222.96 355.43 101.35 89.809 3.9078 1
159.26 152.55 42.853 1.4755 2.7001 1
596.61 593.93 12.873 28.061 3.3316 1
18.295 37.015 19.587 53.212 4.8527 1
130.5 95.175 93.489 100.63 2.7121 1
308.93 309.05 12.876 30.384 2.5758 1
310.64 309.95 50.339 69.155 3.9317 1
9.9801 2.6242 24.311 8.6555 4.0619 1
27.244 42.758 18.318 40.457 3.3774 1
228.13 210.28 93.497 91.085 5.2898 1
522.6 526.5 35.487 1.4678 2.5447 1
590.55 568.1 69.373 65.364 3.2522 1
501.62 501.62 49.125 25.375 1.25 1
209.23 165.33 90.666 85.786 3.1753 1
570.2 604 60.387 55.73 2.6911 1
625.37 602.87 39.531 39.52 3.7566 1
37.038 25.586 43.13 23.998 5.1513 1
381.16 402.8 46.402 1.589 1.9013 1
47.771 34.421 39.214 23.695 3.3728 1
356.01 493.12 90.326 157.43 6.401 1
462.59 474.09 376.12 390.67 8.6205 1
414.48 403.09 292.5 297.14 2.8314 1
330.34 361.6 66.107 63.749 2.2107 1
416.76 402.86 346.95 352.83 2.7894 1
421.46 406.8 226.21 232.05 2.7852 1
609.24 600.1 37.584 34.081 7.2748 1
244.15 245.15 77.783 91.641 2.4935 1
423.03 410.28 192.1 196.35 2.7691 1
625.39 596.91 86.573 78.166 3.4382 1
27.847 1.5141 100.54 96.022 2.3228 1
61.559 46.416 106.96 103.92 2.4511 1
242.89 227.84 93.75 93.966 6.2135 1
261.73 244.1 90.795 95.276 4.2099 1
491.33 469.51 48.015 1.4442 2.0496 1
622.88 579.16 57.936 62.036 2.7998 1
639.18 626.42 88.82 86.521 3.3468 1
631.7 639.66 51.643 20.513 1.9466 1
386.65 293.96 209.28 223.04 2.7649 1
366.61 329.11 66.379 68.958 2.1906 1
312.84 324.22 67.576 66.12 2.1625 1
325.39 312.77 69.277 70.783 2.3342 1
600.14 639.16 75.04 85.246 2.4553 1
248.67 245.97 85.44 66.54 3.5326 1
594.09 572.93 39.836 41.232 5.7294 1
471.01 470.1 392.76 407.86 1.6966 1
294.1 374.04 218.96 207.3 2.5258 1
467.91 447.85 173.28 175.06 1.5758 1
298.36 296.42 395.45 376.65 2.1021 1
325.86 313.49 432.99 427.7 5.4144 1
400.38 382.88 62.875 62.875 1.25 1
427.9 399.19 203.03 207.11 1.9475 1
419.11 429.13 281.15 281.31 2.5998 1
424.12 435.4 185.16 184.82 2.5747 1
