135.37 574.12 478.99 478.98 1.265 1
448.48 452.69 213.01 232.91 4.1142 1
638.98 638.99 411.62 147.87 1.2576 1
183.95 144.69 262.62 99.936 5.9519 1
456.72 457.99 177.98 191.61 3.6185 1
458.63 464.87 122.5 135 5.5902 1
466.96 467.81 104.19 115.38 4.7964 1
457 446.2 190.69 203.78 5.4971 1
146.46 440.38 99.325 132.82 6.0854 1
466.71 460.07 115.35 122.6 4.6066 1
455.22 451.54 185.44 176.66 2.7889 1
452.44 460.55 147.44 139.3 2.6554 1
452.24 443.25 231.57 245.62 4.6304 1
442.19 427.53 132.67 272.71 4.2846 1
466.23 465.13 84.221 94.098 3.727 1
300.37 467.75 55.433 68.242 5.2651 1
440.54 450.38 176.93 171.63 2.1688 1
458.02 455.06 146.5 172.84 4.9538 1
467.81 464.86 68.582 82.5 6.6329 1
427.97 423.61 282.31 310.29 7.3001 1
445.68 324.5 319.06 295.91 10.072 1
451.47 449.79 200.17 211.72 3.5484 1
324.38 191.94 295.43 267.61 8.1931 1
450.39 402.9 3.7732 1.213 3.3409 1
639.15 599.06 27.407 25.262 3.3647 1
427.58 426.53 272.84 281.76 2.921 1
526.62 494.15 1.6003 4.4308 3.8444 1
404.14 370.38 2.037 1.5913 1.4809 1
599.42 450.58 24.474 3.8769 4.5001 1
626.54 639.14 23.172 23.869 2.8413 1
452.28 446.96 105.63 119.26 2.9815 1
550.19 625.35 14.259 24.302 4.5555 1
441.81 549.23 0.13694 13.264 3.5707 1
462.03 455.55 81.788 97.945 2.7931 1
455.99 447.21 148.62 155.81 3.5181 1
147.79 215.08 96.485 53.661 3.0679 1
450.2 445.97 134.87 146.84 2.9163 1
442.43 432.2 245.6 282.69 3.9474 1
420.55 431.08 255.39 139.08 2.6079 1
290.32 149.03 119.61 103.69 2.3962 1
187.49 187.68 286.6 272.86 5.0168 1
442.52 446.48 150.28 135.34 1.8481 1
493 480.38 2.9729 1.6204 2.2194 1
452.18 460.73 235.59 237.67 4.5275 1
309.15 292.9 121.26 120.02 1.25 1
418.39 420.05 279.17 259.1 1.5543 1
241.6 269.14 50.824 52.568 2.0213 1
