638.98 638.98 411.62 147.87 1.2538 1
136.62 575.37 479 478.98 1.269 1
262.82 516.06 216.52 89.24 4.9176 1
504.06 483.82 41.515 53.623 4.9411 1
148.29 377.53 130.29 49.401 4.9163 1
484.44 499.91 49.621 39.65 4.742 1
515.09 507.8 89.596 115.7 6.1606 1
518.07 503.88 34.689 39.683 3.2538 1
499.29 520.16 38.294 29.844 3.9741 1
508.51 475.65 114.65 255.44 6.2857 1
477.14 288.72 257.32 396.08 7.9277 1
456.58 484.09 50.348 49.317 4.8092 1
482.89 456.53 53.077 55.625 3.8529 1
282.4 188.76 398.43 300.77 7.7372 1
189.31 150.17 300.33 131.09 6.8184 1
180.34 1.519 1.2446 17.993 4.3237 1
446.22 461.52 48.555 37.725 4.2524 1
520.46 532.02 32.455 0.41393 11.431 1
622.07 611.03 33.421 42.432 4.0264 1
1.5467 154 14.538 0.27887 4.3428 1
476.61 453.99 41.497 44.234 3.8332 1
364.22 316.79 23.74 12.209 3.6439 1
28.958 40.1 4.9152 0.86827 3.2033 1
564.79 573.29 8.5912 0.726 3.6712 1
548.46 549.01 25.259 34.053 4.5198 1
280.75 263.61 394.21 217.68 4.6268 1
634.27 617.55 0.33696 30.88 7.3874 1
602.13 611.51 39.779 28.032 7.2241 1
593.02 567.85 15.079 18.936 8.8384 1
461.57 496.62 38.456 37.516 4.6633 1
457.28 436.08 57.416 49.309 7.0053 1
553.08 549.98 9.5675 19.765 8.2668 1
435.9 403.2 49.081 35.815 3.8783 1
47.113 26.836 3.1123 9.7679 5.5485 1
321.69 369.6 7.6541 22.62 5.518 1
557.43 545.43 40.867 47.974 3.8633 1
491.52 477.82 43.733 42.088 2.9292 1
316.46 306.65 11.787 1.6039 3.6996 1
397.79 435.99 31.898 43.671 4.2297 1
402.44 361.67 36.9 25.224 3.4471 1
507.66 456.78 74.842 59.857 3.384 1
612.86 600.06 1.5988 8.5378 6.1827 1
370.18 396.76 24.819 32.404 2.401 1
522.85 532.84 43.341 43.029 3.3184 1
511.55 500.48 48.239 46.073 2.9601 1
406.9 481.2 52.047 76.653 7.1818 1
628.04 605.43 52.879 49.956 3.8793 1
436.36 447.3 43.704 47.173 5.58 1
600.76 578.15 50.159 58.612 3.2276 1
579.05 594 53.842 49.908 2.7358 1
609.1 615.07 17.86 8.4744 6.2314 1
512.65 517.05 68.619 44.988 10.431 1
614.07 568.09 138.03 122.24 2.9825 1
530.43 505.54 80.149 74.635 3.1204 1
615.69 639.48 44.473 47.989 4.4944 1
470.23 506.78 58.405 68.573 5.2154 1
577.77 591.63 10.049 5.3959 5.1379 1
481.47 497.95 78.325 83.892 4.3846 1
611.8 584.28 100.83 94.672 2.4396 1
581.93 596.39 121.86 126.16 2.8806 1
627.19 631.82 69.73 55.856 4.3485 1
250.6 262.4 206.31 214.78 2.3165 1
606.61 594.08 20.702 20.215 3.8928 1
