638.98 639 411.62 149.12 1.2668 1
137.87 572.87 479 478.98 1.268 1
447.13 423.41 141.7 300.27 4.945 1
333.46 445.65 10.935 144.09 6.0895 1
200.5 232.06 35.325 115.2 4.0046 1
266.08 261.43 220.26 191.45 3.7021 1
279.28 266.13 308.04 220.45 3.5827 1
283.2 278.26 339.06 314.3 8.0883 1
67.07 63.904 12.755 1.0107 5.153 1
58.583 64.767 1.2371 12.523 1.7778 1
231.15 201.9 184.48 44.068 3.6712 1
45.488 58.455 50.512 39.829 4.144 1
30.583 44.416 54.728 49.971 4.3967 1
422.56 284.87 299.72 341.2 11.729 1
57.549 1.435 57.867 65.164 7.0037 1
1.3273 23.91 59.496 56.338 4.7527 1
20.844 30.419 43.422 35.217 3.9326 1
274.96 240.09 314.27 210.47 3.5734 1
86.666 69.056 8.6876 8.2642 11.457 1
236.79 230.21 199.78 184.2 5.3993 1
240.43 236.78 211.61 200.32 3.1831 1
262.78 353.03 189.98 168.52 8.274 1
58.923 47.168 46.913 54.922 4.0865 1
259.21 200.83 23.349 34.101 6.9549 1
42.556 26.018 35.979 44.146 3.9296 1
421.07 432.01 294.04 220.43 2.0049 1
285.11 273.1 15.603 1.431 2.9391 1
432.48 435.93 217.82 194.21 1.7512 1
278.5 292.46 1.1183 18.454 2.7313 1
117.64 131.53 41.827 38.705 2.0145 1
