265.34 317.82 1.7931 13.129 4.0373 1
310.48 266.35 14.866 5.3967 3.8498 1
319.05 375.71 15.717 28.916 3.9173 1
413.01 442.86 41.212 36.536 3.0055 1
638.98 639 411.62 149.12 1.2701 1
360.45 319.25 28.762 19.779 4.665 1
139.12 574.12 479.03 478.97 1.3058 1
446.53 424.1 37.558 44.026 4.7825 1
450.26 468.48 25.096 17.567 3.618 1
329.82 514.31 224.64 84.368 4.9012 1
467.21 451.68 21.332 27.992 3.6108 1
398.01 358.97 41.247 27.3 5.218 1
426.63 411.64 42.417 42.593 2.6312 1
177.12 383.46 146.38 44.048 4.3794 1
376.08 402.83 29.616 38.032 3.4698 1
627.87 639.54 44.132 47.805 4.4599 1
514.63 477.63 84.898 239.37 6.3552 1
498.6 494.89 1.5294 21.766 6.2504 1
610.53 628.05 49.009 46.684 3.7066 1
416.6 444.14 27.707 27.177 2.4755 1
213.96 179.72 310.15 146.76 6.8277 1
405.55 417.39 32.113 27.799 2.9956 1
435.36 407.77 29.031 33.496 4.2655 1
556.53 554.75 9.3061 20.669 3.7049 1
479.16 334.09 240.41 392.84 6.679 1
639.47 629.08 54.384 53.342 6.4682 1
552.93 593.12 29.872 34.464 4.6838 1
459.06 415.23 59.4 48.469 3.3389 1
469.32 473.82 20.421 0.97667 8.9972 1
328.31 213.9 394.33 310.23 7.5237 1
319.83 308.14 19.319 15.757 4.8855 1
444.06 436.52 30.938 30.113 2.8927 1
495.44 470.5 24.089 22.839 9.3647 1
416.58 465.37 45.548 57.9 3.3285 1
470.31 490.39 28.916 30.194 2.495 1
409.25 398.56 45.078 40.438 6.0792 1
574.09 544.14 35.619 31.496 3.5895 1
109.08 1.531 1.1349 11.939 3.612 1
630.25 604.2 53.022 50.736 4.9809 1
513.76 451.78 82.881 64.841 4.4964 1
1.5594 84.033 8.43 0.64827 3.6391 1
464.04 451.66 34.653 32.646 3.1016 1
530.81 542.15 11.265 24.941 3.0511 1
455.41 465.34 30.177 31.835 2.6698 1
560.57 557.44 1.2561 10.224 3.1835 1
623.8 639.22 34.886 41.39 3.7609 1
536.69 570.27 72.573 79.619 3.0966 1
383.67 428.89 44.468 57.434 3.9493 1
595.69 573.99 40.437 34.623 3.2988 1
568.99 534.16 82.27 75.21 2.9141 1
607.59 622.71 28.831 33.407 2.2822 1
533.79 522.28 19.414 5.8824 2.902 1
593.13 602.78 34.779 38.95 7.8763 1
462.8 465.67 56.057 36.669 8.6069 1
484.17 458.77 65.161 59.431 2.8328 1
492.88 471.63 32.179 32.238 2.5278 1
538.08 524.11 30.272 32.784 2.3362 1
532.93 574.37 101.43 113.29 2.581 1
540.25 523.01 37.431 42.115 2.3085 1
184.33 293.6 148.73 206.51 4.4733 1
518.04 539.02 39.827 34.937 2.5174 1
575.29 531.87 116.91 104.51 2.7445 1
519.1 537.87 28.014 28.334 2.0665 1
604.44 596.17 50.086 42.057 2.7436 1
506.82 531.85 14.367 19.238 2.7256 1
521.63 502.88 41.625 41.625 1.25 1
602.59 624 35.583 39.762 3.4706 1
639.18 581.71 135.18 118.82 2.5964 1
586.55 635.62 116.91 130.75 2.0668 1
293.91 325.29 207.01 224.28 3.2853 1
544.18 529.14 4.9753 2.7788 2.4738 1
550.51 544.95 34.16 55.59 3.675 1
630.47 605.37 22.018 19.214 3.6012 1
564.58 570.52 58.8 44.182 3.0036 1
