638.98 638.99 411.62 147.87 1.2542 1
137.87 572.87 479.02 478.97 1.2886 1
394.07 247.9 322.61 350.51 8.6714 1
413.19 393.26 172.75 320.43 4.9859 1
48.149 65.3 54.367 51.219 3.4628 1
246.37 221.8 346.67 207.62 4.8452 1
353.78 412.85 73.08 172.38 4.8537 1
1.5688 46.637 58.123 55.595 3.9541 1
65.942 81.658 51.301 41.678 3.9165 1
221.7 203.4 208.27 96.538 5.6562 1
76.212 85.312 20.025 11.557 3.7872 1
278.86 297.93 8.2842 11.305 3.4473 1
222.73 409.11 200.61 174.03 4.433 1
30.385 1.6051 61.064 61.474 3.7852 1
322.76 296.57 1.1667 7.6601 4.2615 1
80.483 68.22 46.793 54.663 3.9097 1
295.38 281.53 7.875 6.1899 2.4817 1
97.851 115.47 22.78 18.237 2.3827 1
79.993 78.39 8.2473 1.2222 4.2122 1
283.01 195.51 37.977 46.719 4.4758 1
65.114 48.848 36.056 43.52 3.074 1
43.822 72.305 42.149 30.259 3.8416 1
92.09 89.99 15.306 1.1266 7.0527 1
113.51 113.77 1.5164 9.1806 6.2896 1
298.14 326.58 10.527 5.1179 3.6839 1
70.35 26.736 58.682 61.111 6.3793 1
195.81 203.15 47.569 88.051 4.704 1
166.77 120.44 46.163 54.487 3.1911 1
105.09 94.214 9.5733 13.146 7.8879 1
132.99 165.34 49.655 42.718 2.6207 1
104.11 71.584 56.455 59.999 2.8916 1
70.393 102.87 56.841 54.112 2.3968 1
130.39 150.02 22.91 15.66 2.1652 1
293.15 307.23 12.695 34.538 2.6138 1
151.71 130.49 18.118 25.697 2.2704 1
112.79 91.698 23.157 24.97 2.2766 1
302.13 290.93 34.583 16.288 3.0897 1
159.99 160.83 4.0121 10.479 3.1283 1
342.78 332.16 56.68 37.58 2.0626 1
393.92 398.21 291.6 257.92 1.8481 1
196.63 177.88 41.625 41.625 1.25 1
390.34 391.97 317.87 302.91 1.5143 1
401.3 403.08 239.1 219.14 1.25 1
144.13 131.6 1.8434 2.4016 1.6382 1
