226.6 276.49 26.903 31.737 3.6508 1
638.98 638.99 411.62 150.37 1.2566 1
137.87 574.12 479.02 478.97 1.2919 1
275.43 227.87 34.725 30.424 4.4169 1
280.39 331.64 34.04 40.29 4.3882 1
334.3 271.61 43.829 36.761 4.6701 1
332.74 366.85 39.807 46.788 3.8677 1
365.2 335.19 51.075 43.623 4.5349 1
371.62 396.67 47.727 46.154 3.7481 1
1.1167 37.605 11.094 0.67949 4.4698 1
532.9 500.35 26.077 24.648 3.3627 1
415.62 391.29 42.331 50.634 4.2719 1
185.38 147.65 11.688 15.787 4.2404 1
148.94 184.02 12.659 8.314 3.5567 1
584.09 601.76 28.364 29.515 11.47 1
597.91 561.62 36.807 37.58 5.2119 1
181.64 216.82 7.7739 14.359 4.8415 1
210.78 186.55 17.293 11.949 4.1825 1
509.12 547.88 22.671 22.483 3.8165 1
394.95 408.13 45.874 39.66 4.0535 1
146.43 86.185 16.052 36.585 4.139 1
227.32 212.33 30.227 22.716 3.9085 1
17.779 80.706 52.493 36.694 3.9208 1
80.994 147.76 34.726 12.535 3.9943 1
219.48 371 189.92 70.83 6.2985 1
412.92 385.26 60.08 56.192 3.3654 1
406.58 378.94 35.043 39.145 3.8445 1
77.146 23.91 41.208 54.515 4.2456 1
436.63 414.02 62.872 59.884 2.8061 1
386.57 435.44 53.262 59.929 3.2086 1
387.92 407.88 33.946 33.031 2.612 1
456.56 434.16 23.119 24.627 8.8982 1
254.47 221.42 344.77 189.62 8.4784 1
386.99 253.25 409.61 344.6 8.4756 1
216.42 230.44 16.91 27.019 4.904 1
384.61 365.54 53.28 50.499 7.9625 1
407.82 427.88 33.318 33.951 2.4988 1
1.3469 16.707 55.349 52.002 3.1318 1
432.88 455.38 29.913 29.714 1.4373 1
23.13 1.5271 54.078 58.664 3.4087 1
372.71 390.55 38.527 33.515 3.0413 1
518.93 414.19 84.034 66.248 4.5341 1
427.87 406.66 36.703 35.8 2.7105 1
572.62 585.18 33.884 31.742 5.9792 1
51.332 1.3342 0.64815 15.656 4.9038 1
456.29 453.28 6.8954 17.114 8.3938 1
601.07 608.97 27.111 29.626 5.1435 1
449.76 518.93 176.14 87.452 8.7914 1
430.24 435.73 19.816 0.99971 14.6 1
554.28 534.22 29.723 24.993 4.0755 1
470.58 391.26 273 407.88 7.7395 1
87.11 77.43 36.548 40.547 3.0647 1
433.11 415.19 23.537 29.84 4.302 1
515.69 490.61 105.95 234.42 8.4992 1
547.93 567.86 23.795 24.466 6.3306 1
224.86 395.34 190.62 249.22 4.2113 1
571.69 555.34 21.282 18.072 2.4762 1
492.25 470.62 233.11 273.11 7.8219 1
561.71 578.04 16.225 19.587 2.1965 1
519.89 514.21 97.021 108.55 7.2792 1
457.88 436.62 32.003 32.355 1.5809 1
464.14 486.66 13.321 13.812 2.4448 1
497.91 527.83 65.086 68.254 2.6177 1
381.79 372.85 40.826 44.064 3.9515 1
525.35 505.39 70.65 68.922 2.3828 1
617.79 557.9 114.64 105.21 3.1806 1
477.87 491.63 23.601 23.35 1.4775 1
524.13 606.71 96.584 109.85 2.2931 1
469.13 457.86 64.374 64.573 1.4485 1
565.32 580.35 23.937 24.692 2.4968 1
499.22 486.6 25.074 26.374 1.9746 1
456.66 442.88 64.596 63.953 1.4232 1
428.65 449.03 203.46 176.24 5.2494 1
444.13 466.63 61.625 61.625 1.25 1
481.26 474.13 4.2294 1.6075 3.4424 1
555.28 522.8 104.71 99.573 2.3374 1
558.63 565.54 27.999 32.634 2.7862 1
427.59 429.57 56.594 38.758 7.8681 1
556.7 544.08 7.1833 5.8302 3.1519 1
471.69 494.18 62.187 59.613 1.2903 1
540.38 565.37 69.054 69.37 1.313 1
599.09 556.54 9.6667 6.624 3.5621 1
561.63 541.63 71.625 71.625 1.25 1
391.82 391.92 325.37 349.12 1.3224 1
393.4 391.63 306.68 322.88 1.9439 1
