137.87 574.12 478.99 478.98 1.253 1
638.99 638.98 411.63 147.88 1.2589 1
445.77 452.99 153.15 142.96 3.6141 1
171.3 127.04 277.29 112.43 5.6555 1
128.92 440.48 111.6 137.91 5.1445 1
451.12 457.5 128.76 141.81 4.4419 1
457.35 447.07 142.51 157.31 5.0464 1
454.17 448.94 142.86 131.71 3.9957 1
450.78 447.22 186.39 199.29 4.6919 1
460.04 458.89 115.09 121.58 3.6928 1
448.76 456.69 126.32 116.68 3.3466 1
450.67 461.32 100.44 114.36 4.8994 1
442.04 438.82 236.53 222.66 3.6528 1
448.28 442.8 191.44 179.16 3.5492 1
456.89 451.37 114.8 106.8 3.8699 1
440.72 447.08 201.82 190.63 3.089 1
444.63 450.57 176.32 186.02 4.0902 1
444.14 439.95 134.29 166.57 6.7768 1
453.67 450.61 72.791 89.399 4.5933 1
440.18 423.62 166.74 312.82 6.235 1
442.89 444.98 222.69 236.68 4.6309 1
458.24 452.03 120.67 128.45 4.2931 1
453.02 448.21 89.925 101.76 4.6666 1
446.99 436.7 199.45 209.21 4.3479 1
245.33 452.8 59.906 71.745 4.985 1
449.17 443.75 103.1 134.06 5.2349 1
444.12 433.13 236.62 253.05 4.8437 1
436.14 442.22 212.67 222.77 4.0769 1
389.15 302.87 4.4817 1.8819 3.4024 1
514.3 396.68 18.941 4.88 3.2659 1
448.99 465.32 2.7974 1.0842 2.4864 1
416.67 565.48 3.7589 23.308 3.791 1
621.68 534.06 29.558 23.913 3.8646 1
479.03 447.96 2.1607 6.0863 4.3338 1
566.56 639.14 23.493 26.082 3.1685 1
335.38 375.38 1.625 1.625 1.25 1
385.38 417.96 1.6048 4.4525 2.878 1
535.18 515.29 22.844 19.634 3.2648 1
405.53 179.57 315.6 282.34 8.2555 1
447.72 404.01 317.39 315.27 9.2255 1
639.14 622.86 29.192 28.923 2.768 1
444.24 429.23 4.9144 1.194 3.9406 1
175.68 174.25 297.84 286.61 4.1948 1
201.56 132.8 121.32 116.35 3.8914 1
274.09 200.39 127.07 121.44 2.5004 1
131.6 142.88 119.51 120.35 1.7099 1
137.86 177.82 102.85 72.803 2.524 1
427.56 430.31 183 162.7 2.31 1
430.62 431.9 161.65 146.65 1.5634 1
425.2 425.8 217.87 204.09 1.3031 1
