137.87 572.87 479.03 478.96 1.3069 1
638.98 639 411.62 147.87 1.2676 1
208 160.18 296.22 134.69 4.9884 1
456.13 433.52 25.115 176.72 4.2409 1
350.06 456.61 180.16 21.617 5.5779 1
161.43 297.79 133.9 16.523 5.7916 1
434.46 347.16 176.78 352.52 6.3944 1
347.52 207.38 346.65 295.8 9.2757 1
435.53 318 16.715 0.73506 6.3724 1
162.7 272.54 136.02 165.36 5.0058 1
619.4 639.38 1.7945 6.863 3.9599 1
454.04 435.57 19.82 17.531 5.4233 1
538.55 549.31 50.222 9.5055 3.5557 1
555.84 544.01 3.9346 52.542 4.1396 1
349.14 348.42 186.63 341.63 3.0699 1
166.6 181.93 144.13 196.54 1.7554 1
182.72 188.17 199.17 217.79 1.3461 1
274.19 348.89 166.37 185.07 5.1496 1
639.25 626.89 12.37 9.3105 2.7515 1
