198.57 157.01 315.22 132.5 4.7926 1
136.62 574.12 479 478.97 1.2776 1
638.98 638.99 412.87 147.87 1.26 1
515.46 479.84 148.85 299 4.5143 1
522.35 515.83 119.95 147.04 4.9063 1
186.68 469.16 58.585 50.496 4.6642 1
469 522.92 50.185 120.06 4.4962 1
156.88 186.05 132.48 58.635 4.5926 1
489.28 198.02 303.27 319.22 10.788 1
629.61 639.32 57.165 63.848 3.477 1
587.82 619.28 31.744 47.565 3.3944 1
619.36 630 47.797 57.056 3.527 1
639.57 620.68 68.385 56.926 4.6955 1
620.62 587.3 52.402 35.249 4.1504 1
566.18 588.04 -0.11657 10.024 3.6829 1
587.5 582.07 35.817 29.962 3.6671 1
587.86 569.62 14.343 4.4692 4.2164 1
569.08 550.51 4.3622 0.91368 3.687 1
160.38 519.15 132.92 119.83 5.0055 1
581.7 584.61 29.401 15.475 3.8124 1
588.92 585.79 15.668 26.743 3.2703 1
627.79 617.85 59.257 52.918 4.506 1
179.2 200.4 215.36 309.12 2.1459 1
161.04 178.31 135.51 211.53 1.8304 1
385.37 340.37 56.539 56.778 1.25 1
498.96 468.01 94.255 54.024 1.6009 1
516.43 504.96 116.78 101.94 1.25 1
326.62 294.11 57.87 58.402 1.6593 1
