137.87 575.37 478.99 478.98 1.2533 1
638.98 638.98 414.12 146.62 1.2532 1
196.72 157.64 285.36 100.16 4.971 1
273.7 591.22 33.433 108.35 4.5986 1
473.61 264.81 416.5 320.14 9.8651 1
589.89 474.96 109.26 415.53 8.2079 1
206.42 195.94 290.86 286.51 4.6194 1
158.54 273.45 100.28 33.871 5.6994 1
55.315 45.284 11.106 11.448 5.1677 1
160.31 541.88 101.82 223.32 4.361 1
217.8 203.96 296.88 292.87 10.806 1
264.53 216.58 319.72 297.75 7.8132 1
77.513 1.3815 101.58 78.685 3.9423 1
3.0257 88.398 74.869 100.31 4.4679 1
139.5 156.6 20.977 10.336 1.8632 1
82.053 54.037 104.91 120.21 2.7932 1
34.523 76.374 126.12 103.66 3.3302 1
158.06 132.83 13.188 27.797 2.5607 1
49.191 70.457 51.812 44.36 2.0064 1
104.08 129.46 35.234 26.324 2.1329 1
53.091 5.0532 120.77 147.29 2.9884 1
71.676 102.83 44.3 35.231 2.0061 1
131.68 106.17 28.012 37.967 2.3855 1
170.23 158.28 1.4614 12.081 1.7647 1
1.4489 31.69 143.79 128 2.6969 1
530.27 509.24 97.073 92.343 1.6161 1
105.42 95.38 38.069 40.395 2.064 1
