284.09 286.92 257.84 146.63 3.8528 1
282.18 283.86 309.14 256.66 4.3088 1
638.98 638.99 414.12 147.87 1.2564 1
287.31 287.66 146.62 110.4 5.3179 1
445.16 281.53 367.24 310.65 6.9391 1
137.87 574.12 479 478.97 1.2737 1
520.32 485.8 146.61 251.77 5.4386 1
287.48 396.18 111.3 9.9885 4.8207 1
485.53 446.9 252.1 367.13 4.8655 1
543.65 519.12 37.766 145.66 4.1565 1
289.95 511.59 112.11 166.76 5.6824 1
405.04 377.66 166.52 158.62 3.0948 1
375.46 395.56 162.58 168.49 3.4563 1
281.27 285.35 330.88 313.53 8.9475 1
393.95 375.31 198.48 193.12 3.0763 1
290.07 285.3 146.62 307.87 2.1663 1
290.67 290.4 114.13 139.13 1.3974 1
396.46 542.72 10.017 37.432 4.6813 1
376.61 390.36 197.92 201.68 2.5241 1
416.62 401.64 260.64 260.09 2.8154 1
437.88 406.59 169.01 167.24 2.236 1
404.13 390.37 310.02 310.1 2.5512 1
429.14 402.88 201.03 200.34 2.8649 1
379.15 366.68 256.51 253.85 1.9016 1
443.4 439.83 368.4 389.03 7.1306 1
284.83 284.4 341.7 331.51 7.4935 1
420.35 432.88 172.08 172.75 1.7188 1
360.37 292.86 162.91 145.43 2.5175 1
301.61 316.63 144.2 147.83 1.7628 1
405.31 377.98 174.38 167.46 2.1164 1
629.12 607.8 1.5048 3.202 2.0952 1
450.5 432.98 161.18 156.26 1.5832 1
430.32 404.12 155.58 149.14 1.5122 1
474.11 454.11 166.69 161.7 1.818 1
594.19 567.95 3.5156 6.1262 2.9827 1
