639 638.97 412.88 149.13 1.2717 1
136.62 574.12 479 478.98 1.2708 1
200.34 270.43 61.659 136.57 4.3289 1
41.819 17.831 83.223 78.079 4.3647 1
552.41 495.46 158.6 345.02 6.0079 1
495.34 348.83 345.3 418.54 7.8337 1
47.332 53.373 48.302 62.666 4.3075 1
225.95 203.3 229.23 89.056 4.6415 1
344.74 552.54 32.686 157.18 4.724 1
28.214 63.123 101.04 83.364 3.809 1
245.4 200.46 51.769 59.613 4.2224 1
21.527 47.5 9.5985 48.128 5.0898 1
62.389 30.941 76.596 96.28 4.2461 1
168.29 147.19 26.889 34.812 8.4822 1
195.36 186.61 20.404 20.482 3.7831 1
202.74 199.32 85.396 63.895 4.7411 1
60.471 74.196 40.011 38.529 2.754 1
85.575 58.157 39.157 43.432 3.5459 1
91.408 121.83 31.655 28.977 7.5412 1
345.56 225.68 416.06 228.93 6.5291 1
121.45 136.67 31.572 33.783 2.6742 1
74.272 91.265 37.129 32.178 6.7469 1
32.834 9.1569 96.391 100.56 3.625 1
106.62 152.88 20.796 20.456 2.7483 1
164.48 162.94 12.994 1.4494 3.1414 1
135.54 112.81 36.808 33.313 2.9453 1
18.302 19.237 75.575 67.739 4.3163 1
116.6 102.74 24.489 23.47 3.8316 1
259.29 344.29 48.725 32.497 3.9626 1
43.726 35.803 29.33 13.905 3.3051 1
19.382 28.49 90.937 83.361 6.3949 1
13.438 21.369 1.0862 9.37 3.6115 1
111.56 86.366 32.573 37.902 3.2698 1
63.105 46.716 88.129 95.574 4.5523 1
17.981 9.8254 79.047 88.481 4.3437 1
143.1 135.81 34.928 36.955 3.4137 1
1.5909 20.415 102.38 103.23 3.0586 1
48.822 49.136 17.836 25.426 3.0679 1
233.85 223.34 52.02 44.702 3.0772 1
228.13 237.61 43.78 50.731 2.9549 1
43.885 48.161 5.0245 17.342 3.2305 1
20.288 27.826 102.18 101.24 3.1025 1
101.58 85.549 22.936 11.384 3.1616 1
374.12 343.95 17.844 25.961 2.3223 1
348.05 374.01 22.255 14.954 2.256 1
85.439 69.205 89.331 94.383 2.3078 1
301.63 316.66 28.052 27.358 1.4794 1
68.952 62.564 53.976 61.356 2.1443 1
354.51 395.33 227.76 214 3.1938 1
74.39 94.005 89.837 82.551 2.2095 1
492.53 517.02 343.15 263 2.0597 1
279.14 296.61 30.515 28.968 1.7962 1
219.22 203.96 86.536 70.534 1.25 1
228.69 227.32 246.54 234.05 5.2426 1
269.52 312.77 136.17 182.97 2.7538 1
200.58 172.87 89.993 96.612 1.9787 1
396.46 480.34 213.66 184.03 2.4222 1
171.78 200.47 93.559 87.05 2.1106 1
317.9 302.88 29.547 30.449 1.7721 1
399.29 375.57 7.0252 17.076 1.8145 1
482.99 547.97 183.19 159.39 3.0911 1
313.65 341.56 183.32 212.94 1.767 1
31.631 10.374 108.18 108.04 2.6107 1
25.337 39.148 69.376 71.474 1.69 1
254.16 241.63 38.064 40.418 1.9212 1
353.67 324.22 220.82 190.28 1.7675 1
76.657 65.373 4.7787 5.3279 2.1151 1
121.65 95.569 10.548 14.242 3.1871 1
