543.4 499.43 107.37 280.14 5.353 1
136.63 575.38 478.99 478.99 1.2503 1
638.98 638.98 412.87 146.62 1.2523 1
504.74 541.6 33.086 49.19 4.2147 1
176.46 169.65 113.37 92.301 7.1368 1
170.58 444.45 91.625 47.418 5.1213 1
461.33 505.14 13.615 30.965 4.2346 1
543.95 504.31 53.308 37.417 5.1011 1
542.55 582.12 48.485 69.316 4.1894 1
497.63 462.82 31.021 18.029 3.5134 1
444.57 542.51 46.694 106.42 5.1017 1
579.32 545.14 75.079 52.582 3.7667 1
209.15 203.6 200.64 175.22 4.5746 1
206.64 540.33 177.94 107.66 5.4729 1
501.34 238.7 283.2 365.25 10.157 1
232.58 209.15 321.93 201.38 4.9426 1
239.8 231.3 360.22 323.24 9.3675 1
120.22 66.472 1.5552 7.8132 3.5208 1
589.12 639.12 73.715 73.77 4.9876 1
203.4 178.4 174.93 113.17 4.6346 1
200.75 174.41 236.81 115.31 3.9551 1
65.411 1.5637 7.62 9.9333 3.9014 1
639.27 595.45 76.813 79.208 5.5587 1
457.95 455.03 11.603 1.3669 3.2625 1
639.19 581.5 103.98 76.897 5.0815 1
458.64 461.13 1.446 12.036 3.3636 1
617.87 601.62 64.669 64.648 1.2699 1
595.25 639.61 80.683 99.221 3.6662 1
55.369 104.08 5.3044 1.1238 2.4537 1
1.6201 50.374 6.4078 5.3156 1.9776 1
607.87 621.62 62.191 62.253 1.3065 1
639.07 615.58 68.262 65.122 3.5514 1
507.6 495.86 37.23 31.814 4.6265 1
621.73 639.4 62.19 64.79 3.71 1
590.23 607.73 64.33 61.847 3.186 1
76.586 42.881 1.1926 4.1978 2.4662 1
226.74 199.66 324.48 238.1 5.3249 1
36.621 19.122 2.4368 2.5949 2.6128 1
601.54 590.36 65.031 67.819 2.4285 1
177.9 182.11 117.87 136.52 1.7701 1
515.29 532.48 205.35 137.78 1.8921 1
201.56 180.38 89.901 92.908 1.589 1
535.14 538.94 127.82 111.58 1.25 1
