638.99 638.98 412.88 147.88 1.2555 1
136.62 572.87 479 478.98 1.2627 1
545.74 488.57 153.85 338.95 4.6196 1
208.08 292.61 51.455 154.35 5.2073 1
488.84 334.25 339.72 407.82 8.3753 1
172.69 181.04 16.187 12.718 3.3176 1
352.23 545.91 25.103 152.72 4.7011 1
229.32 210.2 215.35 79.15 4.149 1
269.1 207.97 38.99 48.507 4.7706 1
70.593 62.566 70.82 74.744 6.7129 1
185.13 170.88 17.156 23.782 8.2239 1
62.196 51.725 75.007 81.78 3.3945 1
82.166 70.891 65.054 71.614 3.5949 1
47.526 40.292 66.184 63.068 4.7522 1
162.42 167.83 22.22 15.03 3.2496 1
40.918 83.672 89.154 71.002 3.9725 1
173.11 163.7 21.33 23.626 5.1538 1
209.9 206.16 75.449 51.31 4.176 1
334.66 228.59 402.74 216.22 6.5745 1
53.307 23.168 81.495 86.986 4.7001 1
69.875 77.184 31.459 64.554 7.4354 1
60.477 46.83 69.907 66.936 4.8855 1
39.248 42.42 61.668 52.714 4.3695 1
103.86 134.48 22.43 17.618 5.9631 1
7.3667 1.0455 77.141 86.222 2.8551 1
38.494 29.241 65.924 74.253 4.6452 1
81.49 96.707 28.242 25.913 3.0386 1
281.63 351.79 36.681 25.126 3.9033 1
130.4 86.787 21.76 31.128 3.9372 1
96.13 103.66 25.67 21.987 6.6629 1
9.5031 2.1989 45.287 13.991 6.4929 1
37.775 46.423 77.762 70.145 6.2307 1
41.758 32.251 52.772 43.516 5.3266 1
74.127 62.285 60.378 68.235 7.2812 1
135.25 148.07 18.774 19.503 8.8069 1
162.97 149.14 24.852 26.737 3.4898 1
125.38 172.87 9.8411 10.482 2.7696 1
17.77 33.06 56.206 52.359 2.7372 1
54.66 63.092 0.87742 21.011 5.686 1
69.148 72.156 1.3799 17.004 5.9011 1
31.665 11.439 43.549 44.755 7.3379 1
31.401 20.225 49.479 52.275 2.7291 1
81.729 61.937 75.631 83.646 2.5374 1
148.05 131.61 25.463 22.972 3.0335 1
486.27 540.78 335.65 159.25 2.3182 1
141.61 121.61 12.622 13.896 2.336 1
22.869 40.38 88.467 88.651 1.4071 1
341.82 363 214.92 209.62 3.6385 1
399.39 355.57 10.163 21.147 2.7422 1
363.33 540.69 209.37 155.16 3.4812 1
365.56 394.35 16.116 8.7436 2.1414 1
339.23 342.23 317.88 216.61 3.0079 1
291.02 340.47 153.58 212.79 2.1087 1
256.74 281.5 29.707 24.739 1.9592 1
307.88 325.38 21.625 21.625 1.25 1
186.62 206.6 82.851 79.017 2.1698 1
18.855 24.211 0.86861 7.8085 3.7324 1
79.296 105.34 80.92 72.765 2.2411 1
101.6 87.767 77.773 81.188 2.1275 1
231.39 231.29 241.63 222.87 3.7967 1
207.91 188.02 81.776 86.068 2.2769 1
342.99 331.82 211.53 197.72 1.9834 1
130.4 117.9 2.3838 2.7218 2.6682 1
330.36 306.6 23.845 24.715 1.25 1
284.13 302.86 24.209 22.671 1.7574 1
52.876 36.626 93.762 93.718 2.5239 1
332.85 347.85 20.138 18.809 1.4659 1
