638.99 638.99 411.62 149.12 1.2538 1
137.87 572.87 479.01 478.98 1.2754 1
420.14 396 155.34 305.27 4.4468 1
394.54 251.44 307.51 335.7 8.4117 1
357.39 419.56 55.68 155.58 4.4089 1
250.27 227.39 332.89 184.01 4.4688 1
43.345 69.276 38.557 32.244 3.9075 1
229.06 415.34 183.66 157.6 4.4575 1
197.8 207.83 30.129 77.884 3.9269 1
1.5976 40.384 40.974 39.34 3.8519 1
65.616 76.249 33.476 24.908 4.139 1
34.132 1.6198 44.967 45.076 5.0168 1
282.89 198.03 21.839 29.584 4.4113 1
71.63 34.092 43.28 43.705 6.2496 1
94.094 111.67 6.5086 1.8087 2.4989 1
78.316 67.164 28.138 37.282 3.3443 1
39.874 53.044 25.756 18.168 3.7445 1
106.59 91.633 1.3376 2.9536 2.129 1
225.63 214.68 175.05 123.74 5.7552 1
56.563 47.385 21.484 25.507 3.0741 1
54 70.219 18.603 14.721 1.5674 1
299.91 288.73 18.179 1.0674 3.0142 1
293.47 304.67 1.234 18.334 2.7401 1
161.59 121.68 31.408 38.207 2.9842 1
124.24 159.2 34.736 28.261 2.4582 1
72.844 56.871 17.74 21.437 2.8077 1
214.26 205.4 123.1 79.12 4.1608 1
90.346 72.759 42.514 43.938 1.9677 1
345.69 333.14 38.938 17.716 3.1808 1
393.94 415.89 297.84 161.71 2.0712 1
147.8 130.65 2.6555 8.6481 2.3601 1
