284.12 288.03 259.12 149.09 4.4931 1
282.1 284.22 310.44 256.58 4.5338 1
288.26 288.57 142.89 115.38 3.8763 1
638.98 638.98 411.63 147.88 1.2512 1
520.44 493.27 154.15 234.68 4.7235 1
288.45 394.71 114.74 14.747 4.3247 1
445.23 281.41 367.05 312.26 5.9587 1
139.12 574.12 479 478.98 1.2716 1
493.06 447.8 235.01 366.17 4.8202 1
290.12 513.76 115.2 169.39 4.8124 1
541.14 518.92 43.776 154.34 4.258 1
402.64 375.35 168.66 160.47 2.9933 1
396.63 372.75 201.62 194.54 2.8848 1
377.77 399.2 165.76 171.33 3.7257 1
395.03 540.32 14.704 41.904 3.8603 1
377.98 394.15 199.97 204.03 2.7292 1
432.88 401.58 204.02 203.09 2.4989 1
440.41 406.57 172.43 169.78 2.9807 1
406.64 386.63 311.67 311.93 1.2977 1
282.23 284.51 341.88 314.26 10.286 1
384.14 366.62 260.33 255.38 2.2493 1
419.12 440.37 174.25 174.46 1.3951 1
366.48 380.47 258.36 262.56 1.6494 1
291.05 287 149.15 257.89 2.1262 1
419.12 387.87 262.15 262.02 2.5763 1
291.36 290.76 117.87 141.63 1.8435 1
286.95 285.21 261.64 307.87 2.0761 1
481.6 291.65 196.71 147.78 2.6049 1
404.13 432.87 206.34 206.83 2.2425 1
374.04 359.14 309.43 305.33 1.7855 1
382.87 406.62 314.16 314.53 1.4439 1
506.72 339.12 177.5 135.41 2.2281 1
355.51 431.64 142.35 161.56 2.7184 1
292.66 351.61 144.93 160.42 2.3939 1
443.87 440.63 368.06 385.42 7.1439 1
622.8 598.96 6.0235 9.1259 3.9312 1
562.32 540.58 11.67 2.3978 3.7706 1
364.5 346.59 192.25 181.68 2.7356 1
639.17 622.9 5.3085 5.9656 3.6965 1
362.96 352.63 155.16 150.98 2.6299 1
284.95 285.04 354.13 342.86 3.8059 1
405.29 417.9 265.38 264.48 2.3155 1
590.37 562.84 9.0354 11.208 3.8367 1
