469.89 461.62 1.5814 92.875 4.073 1
521.6 482.63 252.6 436.31 4.4097 1
638.98 638.98 411.62 147.87 1.2528 1
341.56 338.98 7.9691 40.463 5.0833 1
305.66 308.08 7.7938 16.205 3.2079 1
526.88 521.08 225.43 253.02 4.8311 1
302.42 304.48 21.725 5.4202 4.1916 1
334.4 339.18 21.728 9.1457 4.312 1
294.26 295.7 1.6184 30.359 3.3712 1
351.99 351.92 21.62 34.12 2.5394 1
330.09 325.1 7.1899 15.732 5.5782 1
296 297.17 79.086 60.331 2.4175 1
336.68 307.73 45.81 43.97 5.0107 1
136.62 575.37 479 478.99 1.257 1
298.38 296.36 39.043 26.668 2.0486 1
346.43 349.5 36.608 1.548 5.1522 1
290.96 291.46 32.884 1.6023 2.9214 1
205.45 201.61 71.606 55.992 4.537 1
278.97 278.44 76.665 57.894 2.499 1
206.65 207.52 55.307 71.644 2.7626 1
333.42 332.86 65.397 79.124 2.7027 1
197.02 193.93 56.695 74.31 3.544 1
335.45 336.71 80.477 64.036 2.6842 1
293.84 292.98 67.851 77.99 1.8661 1
299.31 298.35 67.888 81.745 3.3928 1
298.85 291.15 229.18 191.72 3.5602 1
168.91 167.98 75.395 65.251 2.7163 1
352.23 353.19 5.3186 15.579 3.966 1
181.35 180.65 75.397 66.603 1.7376 1
253.31 254.52 55.241 70.443 3.3401 1
177.62 178.59 66.657 74.193 2.7985 1
213.41 214.56 55.337 71.682 3.1926 1
344.79 344.14 79.163 69.124 1.7348 1
465.45 473.52 87.882 1.5686 3.5368 1
210.79 210.36 72.897 56.625 2.8331 1
260.42 262.71 59.116 71.655 3.0172 1
183.53 184.57 66.707 74.236 2.9901 1
146.53 147.53 66.634 77.793 1.977 1
329.45 330.01 79.138 65.36 2.6492 1
171.02 172.49 64.041 75.424 3.2806 1
139.71 142.75 63.985 76.654 3.3072 1
178.13 171.67 62.428 63.223 3.8746 1
325.24 326.16 62.794 75.409 4.8957 1
308.72 318.6 15.978 28.862 6.3165 1
519.38 465.43 0.99929 87.129 4.464 1
350.26 351.54 69.139 79.136 2.0336 1
452.49 453.26 88.035 77.904 3.5497 1
161.75 139.1 20.337 22.642 4.4681 1
295.44 298.62 410.4 257.89 5.7803 1
114.17 115.07 55.371 65.403 2.6017 1
297.97 298.59 257.91 230.36 5.0827 1
469.89 523.96 85.86 0.72731 3.7079 1
280.19 282.77 65.418 76.65 2.4366 1
145.02 144.22 76.648 64.119 1.9636 1
369.81 369.49 4.1106 16.666 5.1903 1
608.64 594.07 1.3362 88.909 3.9248 1
250.07 251.19 1.5488 15.51 5.3844 1
362.81 364.1 26.622 1.5596 4.3239 1
99.589 100.58 52.953 62.978 2.6107 1
237.74 242.66 22.843 1.2906 3.4471 1
386.98 372.94 3.6037 10.432 7.8691 1
481.61 297.98 438.97 455.3 7.5257 1
181.65 195.51 17.33 16.842 7.4954 1
150.33 158.13 18.474 17.948 4.0745 1
217.52 224.2 0.9692 22.852 4.519 1
353.14 353.89 15.74 22.899 6.4767 1
171.26 182.19 7.014 17.267 2.2269 1
203.58 209.71 18.936 1.3915 4.3644 1
397.5 399.63 21.452 1.5452 3.4633 1
266.31 279.23 19.27 20.312 8.4807 1
280.39 264.05 23.902 23.076 2.4337 1
294.84 294.83 457.88 445.37 5.0039 1
252.82 279.18 24.717 27.265 3.4084 1
558.07 590.81 1.0902 89.427 3.8603 1
142.85 150.79 18.998 17.163 5.4345 1
106.28 108.71 52.534 67.94 3.7707 1
92.598 84.391 58.987 1.2319 5.6668 1
353.45 355.01 40.279 29.251 2.4629 1
122.58 119.96 71.841 53.108 3.9121 1
300.36 517.92 222.29 217.1 5.3564 1
164.48 168.29 21.745 10.515 3.5925 1
1.5952 94.131 74.83 76.242 4.2177 1
306.53 336.64 47.969 50.103 4.7124 1
285.49 286.14 22.878 1.6102 3.0004 1
290.81 304.07 37.184 45.459 4.3794 1
594.5 562.4 88.527 1.341 4.393 1
92.77 93.756 1.5562 17.972 3.4182 1
294.39 292.67 445.25 407.6 9.8752 1
337.1 352.05 49.133 39.809 5.0295 1
176.24 189.08 20.017 25.488 3.6188 1
190.61 202.86 25.799 19.09 3.6797 1
140.29 164.18 25.341 23.733 4.4853 1
288.62 288.41 1.622 35.378 1.4451 1
112.27 121.58 6.0626 16.668 3.7574 1
169.61 176.8 10.893 21.51 2.4679 1
105.07 108.17 19.214 29.927 3.0969 1
147.64 136.47 95.47 67.936 2.8501 1
370.33 387.85 30.398 29.731 2.9258 1
456.53 464.08 80.603 1.2635 9.4785 1
282.3 264.05 6.2298 1.9646 7.5877 1
97.04 95.94 62.823 54.054 3.1028 1
248.84 248.25 91.633 70.33 3.7486 1
131.68 140.59 13.512 30.262 3.522 1
274.93 273.91 286.64 124.12 4.311 1
96.699 92.979 77.075 67.357 4.318 1
368.41 368.55 17.868 27.899 2.4998 1
374.13 386.65 22.127 22.267 7.5274 1
464.08 585.37 90.855 94.228 3.75 1
587.9 471.65 89.332 86.88 3.9445 1
411.16 521.85 123.47 211 4.5826 1
387.82 371.58 25.969 27.403 2.7103 1
117.4 114.35 30.185 17.818 2.4469 1
436.56 416.75 342.65 348.32 2.7476 1
123.1 136.48 23.579 59.641 4.9184 1
248.71 247.95 51.635 20.343 2.4993 1
614.96 599 1.3173 87.852 4.3772 1
275.37 410.38 122.89 123.07 3.8048 1
139.1 127.59 55.84 24.23 3.4215 1
441.58 424.02 277.63 281.11 2.2095 1
144.5 136.51 43.369 29.19 3.129 1
176.62 142.9 108.78 109.31 3.9484 1
288.15 274.95 406.74 290.28 4.0801 1
639.14 626.7 31.629 76.645 2.6362 1
131.46 142.53 25.459 47.42 2.822 1
290.59 277.52 191.57 136.71 2.432 1
394.35 391.87 75.231 92.909 3.7134 1
419.31 411.41 403.48 405.94 2.7582 1
473.72 479.68 441.18 452.58 7.9075 1
602.88 639.13 79.68 79.653 6.2706 1
505.67 518.43 312.94 252.99 2.3939 1
519.8 523.11 245.5 227.92 1.7652 1
305.36 290.31 109.23 107.07 4.0748 1
455.16 430.58 239.41 245.02 2.9938 1
289.18 269.03 106.39 102.09 2.9666 1
151.63 137.87 2.2745 2.0962 1.4118 1
435.36 301.61 253.69 257.47 2.6269 1
389.93 350.08 100.35 107.44 5.331 1
411.72 425.63 409.42 404.9 2.3479 1
493.85 504.92 370.32 316.79 1.9838 1
141.59 154.16 6.8144 6.4255 2.8081 1
597 600.6 89.182 65.409 1.6516 1
323.15 323.98 81.579 109.13 3.9356 1
623.72 639.5 76.51 20.48 3.0703 1
247.32 247.18 15.381 1.6192 1.3934 1
331.73 306.48 113.21 110.4 6.35 1
325.08 323.2 52.827 64.381 3.0768 1
397.66 394.93 36.594 55.491 5.1274 1
300.38 406.61 254.39 251.24 2.6201 1
206.58 185.32 103.72 106.14 2.202 1
300.38 296.59 467.87 458.09 9.8927 1
387.88 375.39 241.59 240.21 1.791 1
422.91 410.39 245.51 245.81 2.6469 1
267.78 249.37 102.06 98.01 2.979 1
479.58 475.98 453.69 470.77 6.1796 1
326.66 327.31 109.13 86.609 1.6451 1
410.4 424.11 248.67 249.44 4.0919 1
430.36 442.98 248.02 249.37 2.4788 1
184.25 175.34 106.69 107.55 5.6954 1
346.82 332.64 108.84 111.74 5.6495 1
134.49 143.17 73.943 91.481 1.7234 1
339.11 319.16 386.49 388.24 1.3542 1
496.64 352.87 227.3 229.81 2.2157 1
246.05 246.48 74.107 90.379 1.646 1
395.38 410.41 91.458 92.207 2.0587 1
300.55 300.31 274.13 322.87 1.2927 1
312.25 301.25 475 467.15 5.5223 1
409.13 394.11 406.79 407.58 1.7761 1
485.26 488.27 410.35 394.2 1.25 1
516.63 437.86 251.65 253.69 2.0591 1
109.86 108.2 81.484 72.813 2.4552 1
362.88 345.38 385.37 385.37 1.25 1
411.62 432.88 91.809 91.913 1.3539 1
471.42 495.44 71.495 34.166 1.5657 1
567.47 554.57 36.773 1.4637 2.1686 1
302.14 310.43 91.254 102.83 2.911 1
300.37 300.37 329.13 370.38 1.25 1
379.12 437.87 232.39 231.89 1.6952 1
430.35 444.04 334.32 336.04 2.9478 1
446.61 500.39 249.73 248.52 1.63 1
520.38 502.86 226.68 227.13 1.697 1
