212.81 210.19 265.36 105.34 4.6102 1
638.98 638.98 412.87 147.87 1.2508 1
136.62 574.12 479.01 478.96 1.2945 1
210.12 209.37 100.38 72.835 4.3235 1
211.98 378.24 73.457 162.19 4.6278 1
333 212.43 355.63 265.54 5.2374 1
499.04 479.23 177.1 225.92 5.2525 1
209.4 410.95 72.511 10.67 4.5232 1
544.91 499.12 62.188 176.62 4.4096 1
379.02 542.91 161.45 62.937 4.2855 1
476.83 457.74 228.1 245.36 9.9321 1
285.31 297.99 144.3 148.8 3.1154 1
341.47 331.28 352.67 360.63 9.1124 1
320.21 279.03 152.17 139.43 3.0403 1
306.58 273.58 181.77 170.75 3.149 1
411.02 544.76 10.75 60.763 3.9503 1
280.47 315.35 176.31 186.7 3.0819 1
307.8 268.69 241.86 229.21 3.0073 1
298.85 319.04 148.89 154.42 2.6273 1
260.51 251.48 160.28 146.72 3.8142 1
270.02 250.84 135.69 113.55 3.4003 1
300.46 269.85 290.13 279.38 2.8971 1
427.97 336.99 272.77 356.71 8.5525 1
275.37 306.24 234.14 244.08 2.5566 1
457.22 428.45 245.8 272.25 6.6435 1
256.9 248.55 217.72 203.2 3.5754 1
212.87 214.29 106.63 161.65 2.1209 1
252.59 246.73 264.26 251.58 3.318 1
212.8 213.03 76.626 100.39 1.25 1
207.62 209.74 301.5 275.53 8.619 1
253.85 263.67 125.25 132.26 3.4873 1
270.05 300.34 282.57 292.99 3.0237 1
367.95 281.64 193.99 145.34 2.3353 1
215.3 215.58 219.13 264.12 1.3119 1
383.02 365.75 167.63 245.46 2.5719 1
261.74 215.61 133.92 107.47 2.4995 1
217.88 240.79 105.37 118.4 2.344 1
214.75 215.55 167.86 212.87 1.5139 1
372.93 281.56 170.28 120.5 2.4818 1
241.18 252.91 118.66 125.31 3.4074 1
370.38 335.55 195.65 352.91 3.712 1
372.84 232.78 162.94 88.044 1.7988 1
250.1 267.88 202.54 207.87 2.9919 1
250.23 261.54 252.1 255.65 1.884 1
375.12 371.38 172.82 189.35 3.1464 1
253.96 268.95 146.05 149.8 3.6375 1
312.66 364.41 159.51 188.62 2.3836 1
255.15 275.38 113.74 119.11 3.7748 1
267.88 257.51 227.87 218.27 1.7665 1
270.5 261.07 169 159.69 1.837 1
259.23 217.74 247.72 219.32 1.9584 1
270.2 251.62 114.45 104.14 1.5794 1
292.63 320.57 123.32 138.77 2.1631 1
375.36 379.11 187.87 172.87 1.8199 1
223.36 255.32 219.67 241.7 1.9889 1
352.55 349.99 301.56 315.3 1.5427 1
370.03 373.96 212.8 195.34 1.6151 1
306.26 319.78 135.76 149.7 3.643 1
331.05 324.08 360.74 365.3 2.9941 1
