137.87 575.37 478.99 478.98 1.2584 1
638.98 638.99 412.87 147.87 1.2541 1
208.63 181.6 314.02 125.02 5.8547 1
617.08 516.58 239.28 425.93 5.7567 1
281.4 616.41 46.476 116.42 4.7733 1
181.31 281.29 124.07 46.557 4.6398 1
616.88 617.49 117.87 240.36 5.1494 1
515.21 202.07 428.32 314.17 10.593 1
184.23 614.11 124.98 239.17 3.9452 1
1.1477 52.49 104.9 117.01 4.2347 1
42.584 1.2975 119.09 109.25 3.9377 1
1.2641 41.137 143.52 119.56 3.4203 1
52.011 1.4869 117.73 148.9 3.7342 1
27.867 80.816 54.1 36.72 2.5208 1
592.78 570.43 114.58 110.12 1.4764 1
109.07 89.459 22.778 34.676 1.9454 1
81.899 56.419 38.571 48.602 2.0789 1
