638.97 638.99 412.87 147.87 1.2645 1
498.71 466.16 180.11 386.35 5.1307 1
280.09 279.65 274.16 256.58 8.8405 1
278.74 272.63 240.52 170.07 9.0349 1
283.88 280.66 326.72 276.61 7.9722 1
135.37 574.12 479 478.98 1.2658 1
289.09 283.89 400.29 327.62 6.6764 1
290.76 289.53 410.6 399.08 6.0817 1
279.83 278.8 255.51 241.56 3.9228 1
467.82 293 387.43 407.68 6.9842 1
401.18 499.66 84.539 179.86 4.7125 1
492.87 509.14 37.702 37.28 1.606 1
474.1 492.9 38.062 37.543 2.9475 1
474.35 471.31 1.4411 39.099 7.2 1
332.59 357.06 39.138 33.516 5.0544 1
509.12 530.38 37.503 37.24 1.498 1
382.73 361.32 14.65 18.825 3.6499 1
277.79 496.73 194.04 179.43 4.9069 1
402.75 391.53 5.001 8.8437 3.1752 1
363.73 401.68 32.214 24.391 4.5315 1
308.55 326.98 41.75 32.315 5.643 1
327.9 341.63 3.1525 1.6798 3.1525 1
249.43 237.09 9.5437 18.519 4.688 1
190.42 172.64 20.57 24.216 4.9292 1
328.87 329.19 20.331 36.599 5.0237 1
609.13 476.61 31.727 34.858 3.5327 1
198.76 195.98 18.651 35.474 6.5743 1
531.61 620.46 37.516 33.733 3.9321 1
307.87 329.06 1.7917 2.8828 3.1393 1
619.1 639.27 18.85 17.108 4.4886 1
152.26 163.16 37.497 29.514 2.8254 1
495.4 476.58 0.8727 31.599 3.7851 1
271.99 264.62 169.33 91.578 6.7467 1
267.84 401.66 89.689 83.772 4.188 1
110.49 125.49 33.996 35.206 6.2298 1
480.5 501.65 33.757 0.83763 4.5824 1
386.66 406.64 214.33 215.1 1.8709 1
462.13 468.42 37.152 1.2818 10.039 1
415.56 394.18 352.09 360.51 2.6058 1
402.87 384.18 210.3 212.14 2.6105 1
412.92 399.26 301.79 305.84 2.7522 1
191.55 191.43 34.101 21.652 7.5245 1
395.42 385.39 244.65 245.5 2.5967 1
1.5804 96.617 42.16 40.004 7.1296 1
418.12 396.82 240.2 244.99 3.2321 1
433.84 404.21 203.04 210.69 2.9667 1
221.6 212.57 10.292 13.15 4.4586 1
492.88 454.09 189.16 190.94 2.326 1
451.62 334.16 191.56 198.52 2.5055 1
398.76 338.78 51.409 66.521 4.5913 1
352.79 386.52 211.11 215.04 2.4221 1
459.25 465.36 388.62 405.38 8.8679 1
381.63 369.16 244.25 244.85 1.6077 1
366.62 350.37 209.19 207.92 2.4925 1
489.17 282.9 212.2 227 2.5724 1
125.04 114.56 15.657 13.385 4.8867 1
397.91 365.4 306.91 307.59 2.4731 1
479.44 481.5 22.906 1.6132 3.0902 1
397.73 411.48 362.48 357.47 2.7768 1
294.72 292.59 420.26 409.18 9.2554 1
603.99 607.38 23.49 31.149 3.4408 1
596.34 604.09 1.2775 22.886 3.7088 1
214.02 154.31 63.507 73.932 3.6941 1
282.1 287.72 242.92 340.38 2.0398 1
400.18 401.99 21.322 12.689 4.8936 1
125.23 124.82 30.342 16.642 6.1723 1
337.87 303.96 69.174 65.772 5.5949 1
400.33 451.61 42.585 41.171 2.5085 1
557.87 475.38 38.901 40.683 1.7895 1
475.12 490.4 309.09 212.88 1.9809 1
99.703 97.985 29.237 18.899 4.7241 1
616.75 615.8 4.1328 19.152 9.1277 1
93.782 93.703 16.62 1.6008 8.7499 1
280.71 281.92 227.84 240.35 1.6061 1
333.5 333.51 32.876 21.624 1.2594 1
490.9 494.03 207.97 190.36 1.6677 1
417.9 489.16 214.55 209.61 2.1481 1
456.61 402.84 43.653 45.638 2.4061 1
456.64 484.14 188.24 186.95 1.601 1
282.84 384.07 223.54 216.98 2.3214 1
288.76 291.57 349.15 395.38 1.399 1
346.64 425.4 200.6 195.87 2.2988 1
463.1 460.03 405.96 420.3 6.3732 1
467.4 470.87 356.55 335.46 1.4537 1
410.31 421.55 293.37 294.73 3.0827 1
609.81 606.27 15.2 1.3949 3.0715 1
298.07 281.68 64.322 61.34 3.242 1
396.64 421.65 191.91 190.9 1.45 1
401.7 398.48 26.397 42.992 4.8359 1
431.61 412.89 278.9 280.54 1.6815 1
431.6 451.62 189.77 189.08 1.5901 1
279.31 270.74 60.831 58.813 2.6867 1
415.32 429.09 232.5 233.44 2.7498 1
326.07 326.08 40.376 55.375 1.2625 1
