136.63 574.13 478.98 478.98 1.2528 1
638.98 638.98 411.63 146.63 1.2568 1
224.08 197.27 250.19 75.085 5.5748 1
608.45 535.46 124.6 306.66 4.5116 1
324.93 607.77 26.684 123.18 4.4098 1
65.455 51.679 30.29 29.466 4.0416 1
197.3 324.66 74.664 26.807 4.5247 1
11.736 26.661 39.7 36.812 5.6612 1
445.61 319.6 411.3 321.47 11.045 1
232.35 223.56 256.19 250.55 4.2096 1
451.62 446.64 403.6 412.16 5.4009 1
26.36 11.418 46.855 48.601 9.4971 1
32.946 23.352 39.164 45.444 9.0136 1
36.704 20.36 26.381 25.909 4.9979 1
25.296 33.203 22.407 21.076 3.698 1
534.98 452.72 306.49 404.19 5.1868 1
504.07 447.92 219.11 407.01 4.8291 1
100.3 114.06 43.044 49.261 3.1231 1
171.07 98.096 79.097 46.135 3.6399 1
116.49 178.85 50.675 78.486 4.2571 1
199.88 501.08 76.412 221.5 4.1153 1
319.41 237.94 321.24 262.3 7.9078 1
1.527 17.957 33.952 32.821 2.9685 1
47.964 52.421 1.1548 13.845 4.0789 1
176.24 152.42 80.701 90.514 3.9435 1
129.26 169.08 95.725 80.25 2.9764 1
152.13 84.167 90.366 117.98 3.1861 1
51.297 43.295 20.513 1.4489 2.9028 1
266.78 236.8 4.4651 18.264 2.433 1
170.21 226.52 30.843 18.65 2.2418 1
232.98 190.24 19.57 29.819 2.6296 1
119.01 158.03 47.55 33.304 2.1612 1
228.17 263.11 18.561 3.4256 2.1039 1
600.72 504.71 132 220.91 3.9755 1
82.998 124.54 114.43 97.656 3.0092 1
145.02 121.43 40.719 49.868 2.1405 1
216.59 215.88 164.12 177.9 2.2552 1
212.05 214.48 140.51 155.52 2.0524 1
60.096 57.543 11.694 1.3974 2.7375 1
225.51 206.58 93.851 84.204 1.7883 1
189.18 159.23 29.38 35.877 2.0625 1
20.426 39.093 100.5 92.798 1.8344 1
241.59 229.98 280.4 263.54 2.5168 1
