460.58 428.43 155.14 301.2 4.1074 1
638.98 638.99 411.62 149.12 1.2546 1
137.87 572.87 479 478.98 1.2717 1
428.83 296.89 302.1 352.81 7.7054 1
323.95 460.36 33.074 155.54 4.4513 1
197.67 241.55 56.759 125.42 4.0391 1
1.496 13.026 1.6933 23.457 3.3137 1
219.99 197.59 195.44 60.216 4.0641 1
262.82 251.45 4.5806 5.3466 3.363 1
3.0262 2.1868 26.617 10.346 3.1407 1
175.54 163.85 4.6776 8.2151 7.0681 1
184.26 172.74 1.8685 7.5761 7.2853 1
250.69 242.54 7.3684 10.831 3.2783 1
230.35 323.15 50.224 33.13 4.1738 1
298.97 219.08 349.21 194.15 5.6572 1
20.86 14.897 22.256 5.5457 3.698 1
85.37 100.47 11.578 10.097 2.7322 1
39.946 45.459 0.7091 20.697 7.479 1
8.8023 16.91 70.848 60.601 4.535 1
241.63 221.62 11.411 11.29 2.5756 1
16.445 4.5335 22.974 1.3995 2.7928 1
1.388 9.7718 73.699 69.039 3.0364 1
100.4 85.4 13.233 14.433 2.5917 1
3.4653 7.4901 40.598 29.922 4.8318 1
19.64 4.1516 64.721 78.103 5.0319 1
229.06 239.07 14.727 15.863 3.3751 1
240.11 266.74 14.433 7.0488 3.8161 1
119.09 157.98 1.8568 7.0988 3.9805 1
299.64 293.66 345.35 205.34 3.3037 1
101.01 121.47 8.1468 3.4402 6.3711 1
221.61 199.13 52.73 55.443 3.4233 1
128.03 100.12 5.9626 13.119 3.3531 1
106.79 50.339 62.35 75.217 3.1183 1
161.36 129.04 10.878 5.945 3.7916 1
6.399 3.6319 48.76 40.996 3.6139 1
45.399 33.099 30.505 32.818 8.0638 1
15.261 7.9289 31.322 37.764 4.2703 1
57.942 105.7 70.656 59.237 2.9597 1
293.22 360.5 204.14 185.85 3.5011 1
220.82 221.21 211.64 200.36 1.6342 1
237.21 261.42 18.569 41.842 2.5989 1
33.16 23.165 25.932 30.953 8.9515 1
426.08 456.43 298.03 160.33 2.1917 1
256.76 234.14 42.738 20.36 2.704 1
27.951 1.5864 79.905 82.479 2.2746 1
80.62 60.298 36.143 42.634 2.4808 1
57.895 75.562 40.435 34.703 2.4096 1
361.55 396.69 185.11 175.6 1.8596 1
399.21 415.28 174.45 170.04 1.5364 1
416.41 442.9 169.67 161.7 1.9174 1
425.6 402.8 128.88 107.95 1.25 1
291.63 316.63 5.375 5.375 1.25 1
320.38 301.63 7.875 7.875 1.25 1
