638.97 638.99 412.87 146.62 1.2675 1
137.87 575.37 479.01 478.97 1.2823 1
287.49 547.09 151.52 78.285 5.5539 1
183.21 180.75 88.058 58.988 4.7718 1
194.66 183.08 245.34 89.017 4.8472 1
549.6 485.17 78.331 242.3 5.6497 1
274.21 194.16 345.31 244.36 4.0471 1
181.78 430.4 58.827 19.311 5.0357 1
251.56 234.29 169.31 163.62 2.3742 1
212.52 208.77 148.26 132.66 4.1852 1
428.72 549.92 18.726 76.324 4.2592 1
481.55 318.11 246.47 327.11 9.6255 1
213.34 211.64 202.97 189.28 3.0993 1
283.28 287.21 146.19 149.84 3.5961 1
209.81 207.24 114.23 100.26 2.9112 1
284.13 270.68 342.88 350.59 9.9335 1
250.47 231.55 226.37 219.33 2.3429 1
251.58 226.65 138 129.07 2.4422 1
214.55 213.32 249.09 234.09 3.1034 1
213.68 220.72 193.07 208.97 3.1833 1
297.36 283.23 157.83 339.15 2.8971 1
220.6 214.88 259.01 248.13 2.6823 1
215.11 223.98 233.56 237 3.4952 1
187.46 206.8 89.487 107.69 2.8902 1
253.57 279.43 120.81 142.74 3.7303 1
317.52 288.54 327.16 341.72 7.8436 1
212.38 226.78 185.33 191.26 3.7407 1
227.13 213.16 219.97 202.64 3.5444 1
211.19 227.94 130.32 136.46 3.6385 1
248.87 225.09 274.67 263.47 2.4681 1
209.88 223.1 98.982 104.86 2.4405 1
226.27 213.33 163.2 148.72 3.8261 1
283.65 292.77 302.84 184.12 2.3091 1
231.74 216.31 200.18 190.89 3.2247 1
221.41 235.88 209.45 219 2.7954 1
293.36 294.47 177.9 157.89 2.3575 1
215.36 227.53 146.64 158.24 2.961 1
232.92 214.09 145.28 135.45 3.4709 1
204.74 187.38 109.72 93.398 2.7323 1
228.93 248.12 268.28 277.36 2.1994 1
227.13 212.58 111.85 104.74 3.3185 1
181.26 196.26 261.59 250.66 6.9855 1
219.59 251.72 93.793 121.3 7.0649 1
223.71 210.27 129.52 115.47 4.7125 1
227.48 218.76 244.81 239.76 1.7106 1
215.41 224.59 116.59 124.86 2.602 1
248.09 233.84 150.15 136.93 1.6343 1
225.03 243.05 124.96 132.45 2.1132 1
286.56 253.93 160.45 131.85 2.3677 1
639.36 622.77 14.177 10.937 3.6805 1
250.03 285.89 124.52 156.04 2.1343 1
285.23 250.12 184.28 151.9 2.5346 1
228.93 242.9 158.34 164.06 1.8927 1
222.66 196.63 233.06 202.87 2.2231 1
248.33 227.76 126.11 108.01 2.4772 1
482.72 480.06 252.18 263.46 7.5868 1
247.49 282.74 145.79 178.03 2.4755 1
397.95 371.71 124.4 131.93 2.2162 1
215.5 201.63 97.734 85.368 1.967 1
281.93 284.66 229.14 184.16 2.6067 1
193.88 225.25 195.59 231.73 2.5109 1
205.3 238.22 161.7 196.29 2.1175 1
285.23 286.66 177.86 161.63 1.7935 1
270.66 253.9 233.84 216.85 1.25 1
226.74 192.71 187.76 153.04 1.8565 1
354.07 336.64 136.43 141.69 2.0165 1
203.77 219.93 78.284 92.146 2.0384 1
255.29 275.49 214.21 235.26 1.8399 1
271.32 264.28 350.79 353.32 4.2817 1
