638.98 638.98 414.13 146.63 1.2552 1
136.62 575.37 478.99 478.97 1.2712 1
296.6 565.62 156.54 87.578 4.9011 1
196.87 450.48 64.567 27.314 4.6466 1
501.73 338.15 254.35 328.48 10.656 1
567.77 499.73 86.81 253.12 6.4693 1
208.12 199.22 249.04 92.799 5.845 1
198.98 197.49 90.458 65.25 5.4352 1
280.68 208.35 350.16 248.79 4.7961 1
449.66 569.63 28.04 86.901 5.0814 1
224.19 221.89 152.87 135.34 3.1289 1
261.56 238.15 174.3 165.86 3.2583 1
258.88 232.27 279.58 265.24 2.7155 1
299.24 275.2 345.65 355.5 11.473 1
225.21 223.53 208.01 190.31 3.3116 1
225.36 220.45 126.9 104.11 4.0964 1
250.38 233.89 139.12 132.18 1.6791 1
272.66 295.49 134.36 155.36 3.4965 1
224.28 225.38 250.39 237.99 2.7096 1
224.98 241.95 135.08 142.09 4.2209 1
337.85 298.82 328.09 345.66 8.4372 1
226.19 238.04 190.22 194.97 3.7148 1
242.67 256.8 274.55 281.26 1.7761 1
225.97 231.57 196.85 212.9 3.4291 1
232.34 252.27 213.73 226.34 3.2759 1
238.18 225.48 223.87 209.04 4.2079 1
241.56 228.98 202.99 195.62 2.975 1
234.56 246.67 159.61 166.55 2.631 1
305.02 295.93 164.1 276.57 2.9323 1
236.35 254.17 129.73 137.77 2.3892 1
193.16 208.96 266.97 253.69 8.9585 1
240.51 228.84 117.65 110.87 3.1408 1
297.24 300.21 225.32 189.11 2.2878 1
409.09 394.32 131.48 134.96 2.3647 1
236.66 224.6 166.6 152.28 3.6179 1
242.22 267.58 108.45 130.87 6.8171 1
292.57 258.14 189.43 155.11 2.6443 1
394.27 375.49 136.13 139.72 3.7392 1
460.17 415.46 118.29 129.45 1.8318 1
226.6 235.77 119.15 128.75 2.7512 1
294.7 263.7 166.09 137.08 3.2408 1
234.38 226.41 133.91 124.3 4.178 1
300.19 302.4 182.85 166.56 1.9736 1
217.18 202.43 113.59 98.305 2.0533 1
224.03 200.26 63.519 67.078 1.9762 1
265.28 292.73 134.22 160.53 2.1829 1
261.55 240.77 134.2 113.73 2.7514 1
261.66 290.72 154.09 183.79 2.1502 1
232.69 226.4 265.03 255.05 2.0423 1
365.28 345.46 142.46 146.99 1.601 1
288.15 292.58 239.04 190.35 2.9446 1
202.86 216.91 94.138 108.85 2.1368 1
246.44 236.02 153.11 144.89 2.4705 1
494.62 491.8 262.12 272.03 6.0105 1
293.8 295.03 270.36 249.1 1.3922 1
293.48 292.19 305.32 320.42 1.5282 1
295.14 293.88 280.36 302.86 1.7379 1
292.26 294.18 182.8 166.48 2.5528 1
236.47 245.58 186.77 196.43 1.25 1
