135.37 574.12 478.99 478.98 1.2569 1
638.98 638.99 412.87 146.62 1.2573 1
487.42 470.11 81.358 191.78 5.6152 1
465.17 463.16 220.5 236.81 4.6412 1
202.61 170.45 247.43 87.358 6.6484 1
172.64 449.97 86.876 130.46 6.8096 1
452.02 429.72 126.52 307.79 5.2712 1
464.4 469.23 192.99 181.67 3.2803 1
461.1 460.94 231.63 220.37 2.5357 1
469.75 464.88 192.55 220.72 6.2952 1
462.03 457.24 233.08 242.55 4.4748 1
489.44 487.01 67.473 80.676 5.5961 1
341.63 488.95 51.597 68.156 6.1677 1
171.52 250.41 85.178 41.686 3.6208 1
541.6 559.12 2.5116 1.5428 1.8003 1
456.44 467.3 176.29 170.36 2.6406 1
475.18 478.06 121.16 127.79 3.8107 1
447.09 209.84 318.21 252.78 12.09 1
488.1 639.19 0.12512 22.423 3.7289 1
579.19 540.49 2.1801 6.4033 4.428 1
518.04 455.49 7.6253 0.60176 4.2452 1
452.19 433.59 256.34 300.15 3.2464 1
451.01 462.63 150.04 128.99 3.0219 1
457.29 452.54 244.4 255.76 2.8929 1
463.87 452.44 133.47 152.62 3.0127 1
639.41 518.89 27.339 8.1238 4.7583 1
473.03 458.91 145.61 155.05 4.1656 1
484.46 471.26 75.578 97.166 2.1933 1
464.65 453.44 196.08 204.46 3.9849 1
204.37 204.58 269.13 256.65 5.063 1
434.76 439.9 189.06 141.71 2.3503 1
428.75 434.02 242.84 192.86 2.2917 1
536.7 524.18 3.1516 2.1539 2.79 1
454.13 430.38 1.625 1.625 1.25 1
267.87 311.61 42.949 47.975 2.9117 1
424.94 427.79 280.33 249.12 2.27 1
441.8 438.93 155.4 174.09 1.6155 1
456.8 445.41 309.75 312.98 4.8101 1
