638.98 638.98 412.87 147.87 1.2545 1
200.25 195.98 96.587 110.56 4.0503 1
136.62 575.37 479 478.97 1.2757 1
584.69 508.38 125.78 300.05 4.853 1
508.03 216.52 302.73 343.36 11.254 1
203.11 198.59 126.7 140.61 4.3388 1
208.64 203.01 178.95 194.17 3.7754 1
194.14 200.12 140.38 124.8 4.7467 1
199.72 201.98 200.45 182.76 5.2489 1
210.65 206.74 227.64 244.15 4.4483 1
192.53 204.05 102.61 87.813 4.7137 1
203.06 209.82 182.55 172.07 4.2667 1
201.29 212.3 242.72 218.3 4.7374 1
199.36 204.8 140.88 151.91 4.44 1
196.92 203.17 111.44 121.44 4.3759 1
203.6 207.83 194.76 206.64 4.032 1
213.71 200.17 218.2 200.81 6.1475 1
192.54 193.21 114.17 101.51 4.8595 1
210.22 193.96 164.24 141.38 5.8406 1
200.38 492.89 50.973 47.545 4.4235 1
200.7 193.19 124.79 114.26 5.0804 1
219.18 582.95 145.2 125.46 5.0214 1
203.96 199.41 88.688 51.438 7.5962 1
218.96 216.33 204.08 146.64 3.9177 1
220.93 220.33 232.89 210.34 3.0952 1
493.06 585.31 47.656 124.46 5.4861 1
205.45 204.32 250.51 240.35 3.4502 1
208.15 214.62 204.97 212.45 3.9097 1
218.23 219.87 210.46 204 6.6736 1
206.28 212.81 151.91 158.02 3.7082 1
213.67 211.34 155.46 142.7 4.2574 1
224.8 221.18 291.66 234 3.8943 1
207.96 216.61 245.32 260.38 3.7347 1
227.13 224.3 339.09 297.61 6.2355 1
219.02 205.9 268.24 251.22 4.8666 1
214.5 213.27 141.89 131.89 6.9828 1
210.86 204.53 123.37 97.758 10.876 1
209.78 210.15 205.35 181.6 5.0982 1
206.44 204.73 149.26 131.57 4.6935 1
207.98 207.42 172.81 161.59 2.935 1
228.47 233.45 156.66 262.85 2.5148 1
506.13 546.91 297.66 204.25 1.8553 1
503.03 494.28 311.53 331.69 6.5361 1
230.37 230.37 262.88 242.88 1.25 1
191.86 202.78 244.57 238.83 6.2274 1
564.13 535.38 130.37 130.37 1.25 1
366.63 290.38 52.875 52.875 1.25 1
228.95 227.97 222.88 190.37 1.8563 1
547.55 558.97 202.73 176.56 1.4138 1
525.39 492.88 132.62 132.99 1.25 1
234.56 235.62 285.36 320.37 1.629 1
220.59 216.77 296.6 267.86 2.5559 1
221.63 221.63 184.13 200.38 1.25 1
