638.99 638.98 412.88 149.13 1.2573 1
139.12 572.87 479.02 478.97 1.2921 1
222.06 188.91 341.8 187.38 5.2341 1
392.88 377.1 197.6 341.54 5.4461 1
381.9 394.13 102.84 196.79 5.009 1
400.78 392.59 11.013 12.793 3.0396 1
153.95 171.52 32.83 25.13 4.6577 1
142.9 64.146 38.226 35.921 5.0283 1
188.58 217.26 188.58 94.318 5.2533 1
64.16 1.5602 38.194 35.872 5.4618 1
39.14 94.155 34.517 32.41 4.5604 1
173.94 154.8 27.5 36.764 4.6457 1
415.72 400.38 5.3398 9.747 9.9564 1
95.335 137.92 32.445 34.526 3.7455 1
368.98 392.85 14.144 16.811 3.7197 1
140.44 154.3 33.45 31.95 3.3245 1
375.37 224.11 345.93 344.73 8.3039 1
391.65 375.38 13.776 12.833 2.5682 1
1.5919 40.493 30.787 33.907 3.9848 1
235.74 224.57 35.483 73.008 3.9804 1
370.36 236.61 37.758 36.446 4.9998 1
394.06 415.35 15.926 13.834 3.9766 1
140.33 170.14 21.454 13.268 3.9717 1
191.62 390.39 188.09 189.76 4.339 1
159.28 144.06 40.677 38.268 3.8993 1
210.64 192.98 3.3136 6.0382 3.5155 1
170.3 143.66 16.362 23.69 3.8263 1
197.75 209.14 8.0114 6.7535 2.2104 1
196.63 160.37 40.915 40.969 2.5464 1
380.72 391.3 21.522 56.723 3.1213 1
157.88 194.13 37.332 37.739 1.5029 1
232.91 211.64 39.284 39.844 2.4662 1
386.57 376.39 56.641 21.331 3.2571 1
377.18 381.56 71.726 101.82 2.9903 1
489.12 475.39 24.255 23.765 1.3383 1
469.11 444.12 22.249 21.63 2.4683 1
579.15 560.45 18.074 20.893 1.795 1
