462.65 439.84 85.17 249.05 5.0122 1
136.62 574.12 478.99 478.98 1.2616 1
638.98 638.98 412.88 149.13 1.2523 1
354.7 461.39 136.47 84.978 4.6488 1
439.54 353.12 249.29 315.7 4.6229 1
166.14 354.33 62.848 137.35 5.0881 1
192.86 163.82 212.88 62.693 4.9497 1
164.4 272.89 61.372 31.687 3.7192 1
541.62 618.1 2.9387 8.4866 10.878 1
348.69 199.18 317.96 220.86 8.0075 1
639.33 536.54 25.252 9.6635 5.0138 1
360.92 348.53 323.2 317.66 8.1109 1
425.8 421.33 187.59 200.27 3.2572 1
639.21 544.09 17.091 6.9372 3.4634 1
616.07 639.54 7.4843 9.7233 12.979 1
414.09 354.46 134.05 164.77 2.256 1
424.59 398.28 151.61 161.46 2.7851 1
437.45 453.62 245.49 129.23 2.025 1
430.68 425.16 139.93 151.52 2.0821 1
273.01 458.88 32.388 83.77 3.9444 1
536.48 493.13 8.6246 0.30237 3.6443 1
407.86 424.31 191.57 187.35 2.7323 1
415.17 395.65 245 255.86 2.4224 1
420.8 396.98 126.77 134.05 2.6869 1
356.7 401.52 160.53 137.68 2.3139 1
412.66 429.25 141.75 138.51 3.201 1
410.12 431.81 118.19 112.33 3.9463 1
619.08 636.7 18.121 21.163 2.2509 1
345.91 346.27 310.37 144.12 2.5378 1
515.49 535.39 1.0679 5.3162 2.2667 1
565.36 618.01 11.727 17.966 2.1059 1
90.278 68.681 5.1463 14.33 3.596 1
402.69 418.09 234.36 231.59 3.5672 1
386.67 360.47 324.72 322.86 6.2343 1
349.06 348.25 164.12 264.13 2.3064 1
295.37 262.59 117.88 104.85 1.6827 1
351.46 296.46 139.56 118.31 2.1727 1
424.32 410.46 143.71 146.98 2.4333 1
354.77 354.66 144.12 160.38 1.3508 1
439.33 440.46 260.08 270.37 5.1063 1
348.4 348.34 265.38 310.38 1.3095 1
437.71 455.18 118.79 109.99 1.6959 1
42.972 20.3 32.168 36.206 4.2649 1
258.99 232.87 103.23 92.898 1.4054 1
354.47 354.03 181.63 214.12 1.3671 1
382.82 396.72 249.04 239.26 2.044 1
