552.81 506.46 92.527 267.5 5.0813 1
136.62 574.12 478.99 478.98 1.2641 1
638.99 638.97 412.88 147.88 1.2709 1
543.06 552.94 93.514 90.602 5.6213 1
495.03 536.13 22.48 39.099 4.3634 1
227.73 542.89 167.25 94.175 4.9782 1
179.51 449.03 82.554 34.841 4.8056 1
540.52 497.2 43.738 27.587 4.2483 1
586.6 619.11 61.173 62.227 3.5861 1
450.27 498.08 3.1418 21.089 3.9458 1
486.78 464.06 19.941 11.815 3.4454 1
255.75 251.08 356.54 336.75 7.013 1
536.89 567.66 38.606 54.537 3.567 1
632.89 591.62 63.065 66.594 4.9493 1
617.13 632.85 61.328 57.751 3.8242 1
185.18 179.26 98.916 83.591 7.446 1
561.07 541.14 56.83 43.602 3.8067 1
252.65 225.1 335.61 165.22 4.3203 1
448.51 543.93 33.981 86.98 4.2467 1
513.7 263.42 267.76 354.31 9.9957 1
463.22 447.71 12.19 4.4539 3.9236 1
214.46 182.72 256.81 100.15 4.2201 1
595.45 639.18 48.517 53.625 4.9841 1
639.55 628.08 57.725 62.163 4.8506 1
630.42 586.69 54.663 51.838 4.345 1
580.29 594.2 52.503 49.46 2.8614 1
224.23 187.94 164.75 98.404 4.2842 1
585.5 639.57 67.563 89.275 3.7628 1
589.66 574.05 73.317 62.988 3.7859 1
639.6 590.23 92.937 73.239 3.5006 1
59.128 1.6056 1.8902 2.6462 2.9761 1
599.12 586.61 64.365 64.269 3.7689 1
248.38 214.95 337.15 256.06 5.2309 1
497.13 486.92 27.008 21.108 4.6671 1
185.09 188.1 97.645 110.32 2.2032 1
529.37 541.46 169.19 122.83 1.8407 1
