638.99 638.98 411.63 147.88 1.2552 1
136.62 574.12 479.01 478.97 1.2802 1
195.61 158.75 327.53 171.12 5.2931 1
363.8 355.2 178.98 270.48 4.8198 1
157.91 225.37 171.23 69.955 4.8748 1
353.9 348.11 296.6 350.4 8.0688 1
355.22 352.95 271.49 295.5 4.0192 1
224.07 226.92 15.616 1.4333 2.8057 1
475.28 468.51 0.84412 12.52 3.8714 1
369.4 390.02 145.43 40.306 4.0189 1
230.45 227.03 1.3409 15.473 2.6871 1
254.03 233.09 27.355 60.51 4.2274 1
532.06 535.31 12.995 1.2611 4.2816 1
345.58 195.79 350.24 327.6 9.9594 1
200.36 224.55 21.578 12.786 6.832 1
442.18 433.3 5.1625 9.9244 4.5665 1
465.84 441.09 13.776 19.151 10.833 1
43.739 1.1811 14.443 8.6194 6.2968 1
160.33 100.39 21.409 18.798 4.6126 1
226.53 204.13 16.748 26.647 5.3443 1
213.17 174.28 29.391 24.182 6.87 1
388.91 253.86 40.338 28.33 7.4705 1
100.33 44.145 18.327 12.677 5.3637 1
174.43 160.25 24.555 22.486 4.0451 1
397.89 365.37 2.7271 2.4663 3.82 1
374.56 364.88 130.46 181.53 2.7531 1
1.4216 188.06 4.1259 19.309 6.4618 1
428.62 426.52 62.833 25.311 3.4028 1
387.88 383.36 65.376 101.69 3.2467 1
221.6 193.8 7.775 13.872 3.5455 1
192.69 203.01 20.25 18.87 4.3794 1
382.03 374.78 116.67 186.69 3.0936 1
430.94 433.81 25.332 62.899 3.2555 1
162.9 360.25 171.44 195.2 6.6313 1
434.14 467.9 24.602 23.699 3.7153 1
375.07 357.81 187.83 296.81 3.738 1
383.12 382.14 102.8 116.57 4.0956 1
190.28 199.89 12.03 5.8624 3.9589 1
235.42 214.09 32.095 30.943 2.4289 1
174.81 181.98 224.25 255.29 1.5947 1
351.43 352.06 284.12 264.1 1.25 1
200.39 224.03 5.4832 2.1922 2.68 1
