638.98 638.98 412.88 146.63 1.2537 1
137.87 574.12 478.98 478.98 1.2512 1
104.21 119.02 30.883 28.494 4.8961 1
579.03 509.89 166.12 348.94 4.2856 1
220.58 196.11 244.1 73.839 4.5645 1
339.9 578.71 40.03 164.91 4.4607 1
510.32 373.94 348.41 439.48 7.3207 1
123.49 97.278 32.406 42.135 9.2416 1
198.15 316.47 75.295 174.31 3.7177 1
218.9 339.32 68.157 39.966 4.305 1
376.65 219.51 435.36 243.81 8.3961 1
137.98 122.85 22.383 19.225 5.6072 1
197.07 210.08 74.503 69.59 4.5217 1
65.303 82.981 35.89 38.374 6.1691 1
1.5578 11.704 46.076 47.049 3.2046 1
81.617 51.517 27.779 30.38 2.537 1
96.633 54.111 42.781 39.302 4.1227 1
118.44 117.11 16.715 6.5615 3.1264 1
84.171 98.03 39.748 38.724 3.4633 1
178.86 219.59 39.513 67.184 3.4728 1
22.217 69.502 43.237 33.447 8.1045 1
34.34 6.8375 46.558 51.546 3.6955 1
214.5 187.21 67.921 49.508 3.4956 1
55.383 65.374 26.366 26.667 2.5741 1
141.95 143.53 1.5654 10.256 3.1299 1
65.346 111.64 25.943 25.242 3.6739 1
188.92 210.39 47.228 40.411 1.5886 1
51.254 34.537 28.43 17.258 3.1127 1
102.89 90.357 28.182 28.68 1.6459 1
52.988 35.123 40.785 45.713 2.9913 1
40.129 1.3343 103.26 114.36 2.9222 1
182.89 177.01 46.608 42.348 3.3158 1
142.11 138.32 16.815 1.515 2.4268 1
228.36 222.11 275.56 250.26 3.9263 1
252.81 267.91 32.181 30.817 1.4783 1
507.55 572.62 346.5 174.03 2.442 1
1.4192 41.988 110.92 99.124 3.182 1
203.68 223.75 101.69 242.93 2.4877 1
71.586 43.9 1.3214 4.8637 3.6905 1
318 408.58 175.22 249.79 2.5013 1
308.09 339.06 24.816 15.157 2.31 1
475.25 408.09 213.87 245.82 2.5209 1
334.25 318.02 19.531 24.596 2.1667 1
212.87 194.17 42.869 48.027 1.7853 1
237.87 251.64 34.102 33.103 1.88 1
266.54 284.1 30.856 28.873 2.2238 1
196.5 141.74 91.151 105.81 2.7579 1
212.99 229.24 39.616 35.858 1.438 1
284.11 271.6 31.513 32.651 1.8113 1
316.63 285.36 25.383 31.555 2.4845 1
140.35 195.4 102.8 87.985 2.9717 1
270.4 240.35 33.072 36.386 2.3569 1
410.4 435.62 247.93 235.9 1.8226 1
360.52 335.54 6.9234 19.452 2.2443 1
216.29 202.72 94.52 83.058 1.6131 1
97.955 119.19 83.144 76.841 1.4227 1
341.36 358.82 13.6 4.7784 1.7022 1
530.28 510.44 143.05 132.75 1.3233 1
279.37 256.34 147.58 128.21 1.7612 1
465.39 444.07 109.1 97.989 1.25 1
51.964 40.27 97.378 102.64 2.0521 1
64.153 43.038 15.552 18.903 3.1158 1
359.33 346.2 205.12 194.65 1.558 1
404.34 389.77 272.91 369.03 2.8074 1
387.78 382.27 381.61 412.77 2.4618 1
551.37 573.06 178.6 168.27 1.7196 1
