638.98 639.01 411.62 149.12 1.2773 1
139.12 572.87 479.02 478.97 1.2858 1
450.77 442.65 11.524 180.42 6.6628 1
170.6 91.067 282.8 119.43 7.0237 1
91.363 287.93 118.26 -0.35477 8.0453 1
444.23 395.6 181.16 238.25 8.9859 1
394.97 282.52 238.59 358.87 7.2071 1
323.07 448.65 112.14 9.3832 11.345 1
228.03 322.63 186.82 112.22 6.474 1
278.21 169.66 357.27 282.78 10.872 1
98.738 107.75 128.06 146.69 1.31 1
243.09 229.24 233.66 189.94 4.3891 1
441.15 441.77 159.11 131.63 1.4467 1
253.45 242.82 268.09 234.14 3.5786 1
