638.97 638.99 411.62 146.62 1.2677 1
375.37 372.75 1.5665 57.811 4.2126 1
252.96 222.65 10.606 8.0197 5.3772 1
137.87 575.37 478.99 478.99 1.2552 1
593.18 602.4 32.963 1.4849 4.241 1
219.36 214.07 4.2665 3.1461 4.1865 1
192.85 191.61 40.465 22.876 4.0921 1
208.84 208.5 32.866 44.144 1.5507 1
471.49 313.34 361.01 395.04 7.3919 1
243.53 244.38 31.517 46.61 6.2399 1
519 517.4 158.8 165.56 4.5285 1
205 206.7 42.81 32.888 2.8866 1
516.78 470.4 166.36 360.08 7.1912 1
163.52 165.09 20.193 36.533 3.6668 1
247.9 247.61 44.154 31.602 2.791 1
369.11 518.24 80.396 157.09 4.1945 1
250.83 251.11 30.366 45.385 1.486 1
469.75 489.97 1.3873 54.28 3.5023 1
212.21 212.62 44.11 26.59 2.5574 1
112.73 107.64 36.671 20.45 3.9522 1
193.99 196.8 30.409 41.581 3.0343 1
321.67 515.26 170.98 157.5 4.7591 1
118.53 117.25 38.009 20.42 3.5592 1
380.52 409.39 51.707 1.0645 3.4496 1
405.05 377.55 1.4399 50.192 3.5451 1
102.49 100.61 21.584 39.283 4.0496 1
168.29 167.13 34.093 19.183 3.933 1
94.594 91.84 41.791 28.814 3.4838 1
112.72 115.39 18.961 36.809 3.5237 1
120.71 122.47 20.217 37.791 3.4823 1
253.56 254.42 44.164 29.07 2.5673 1
492.66 473.37 52.483 1.4379 3.1947 1
498.07 497.27 5.2649 12.942 3.007 1
150.6 152.18 24.096 36.554 2.9518 1
497.14 492.9 14.049 55.377 3.7304 1
89.233 90.186 31.613 40.396 3.0544 1
376.66 379.06 51.687 1.5621 3.5067 1
49.107 57.875 45.492 45.354 3.7495 1
243.98 240.96 240.4 85.364 4.6488 1
90.557 75.454 26.253 27.544 4.5559 1
82.495 83.829 31.683 40.42 2.8486 1
73.954 71.131 41.966 30.194 3.9381 1
22.722 43.899 1.0534 41.69 5.3082 1
633.1 636.92 12.528 1.3002 3.5963 1
598.43 589.8 1.3546 23.409 6.585 1
144.19 144.73 25.371 35.409 1.6497 1
20.595 32.998 31.936 34.85 3.0789 1
640.54 610.01 87.421 79.486 9.8218 1
74.961 77.116 28.969 40.517 2.9163 1
364.88 369.79 57.94 1.4651 8.7165 1
208.15 227.07 3.5094 13.262 4.4095 1
616.19 639.49 69.86 74.929 5.5245 1
244.07 254.16 14.127 13.678 2.942 1
32.459 21.24 30.9 28.268 3.2903 1
1.249 18.027 34.424 38.497 4.234 1
227.9 243 12.615 14.113 3.4848 1
56.639 48.955 29.059 27.424 2.8605 1
375.35 491.63 56.589 58.648 3.6609 1
262.05 268.14 8.4537 4.0168 3.3047 1
148.76 147.34 36.692 28.993 3.3656 1
587.77 592.4 47.842 33.118 5.8258 1
601.46 633.02 11.018 13.722 5.977 1
307.43 306.79 39.088 25.367 1.8723 1
639.53 617.33 1.7626 66.439 3.8249 1
3.1881 6.7449 16.552 31.887 3.5651 1
16.623 11.688 36.929 16.61 4.7895 1
487.9 381.64 54.835 53.13 3.7156 1
297.74 246.19 371.86 251.99 5.9142 1
500.37 576.63 45.901 45.967 5.0574 1
581 590.3 36.461 1.2755 5.9044 1
316.22 302.14 405.61 381.53 9.0991 1
315.36 322.08 327.8 206.58 3.1987 1
322.25 322.68 200.37 172.87 2.6562 1
301.92 297.96 381.52 370.81 5.2513 1
311.35 317 301.68 200.4 2.793 1
311.36 314.45 390.43 332.89 4.6575 1
580.66 560.38 80.49 75.346 3.0201 1
439.12 424.05 219.07 221.08 2.6436 1
395.38 421.54 187.85 191.04 2.028 1
625.58 582.85 103.57 87.942 4.0383 1
160.14 158.82 57.891 39.059 2.9327 1
260.34 321.85 104.16 168.91 3.4888 1
502.92 324.12 189.58 205.29 2.9696 1
225.35 158.02 76.76 64.563 3.1465 1
307.56 268.85 66.279 73.993 5.1522 1
444.53 431.57 184.57 187.65 2.445 1
615.35 597.88 54.28 53.987 4.8947 1
158.18 156.53 22.948 1.536 2.9742 1
422.82 394.13 188.39 185.35 2.2959 1
509.14 391.68 166.84 174.9 2.7029 1
310.64 308.89 5.2696 21.6 3.8621 1
420.33 387.93 222.21 219.64 2.1952 1
526.7 518.69 1.6391 43.033 2.4945 1
421.59 404.26 335.24 339.64 2.1333 1
589.31 586.89 21.985 31.69 4.548 1
99.015 129.03 70.71 67.097 2.7233 1
436.73 411.78 279.62 284.87 2.3806 1
586.39 625.2 86.045 99.619 3.063 1
242.85 367.88 83.278 81.883 3.68 1
459.53 471.92 364.93 376.18 7.2334 1
598.26 590.12 52.938 47.604 6.598 1
242.31 242.36 54.123 75.376 2.5027 1
309.51 307.55 41.529 59.228 3.452 1
392.79 417.84 222.75 224.61 1.9391 1
80.496 52.87 76.964 79.059 3.6447 1
407.79 379.03 285.19 282.76 2.4739 1
501.72 499.37 17.663 30.421 4.5932 1
515.85 523.81 42.967 1.5653 2.4078 1
561.35 576.55 71.207 68.666 3.2867 1
396.61 372.82 340.54 338.6 2.0558 1
485.58 466.64 51.548 1.621 2.4578 1
324.05 427.92 202.01 193.43 3.0964 1
430.44 455.36 208.37 210.57 3.5157 1
639.32 626.36 105.77 102.76 3.2829 1
460.4 445.3 182.02 182.84 2.6324 1
439.11 449.13 191.91 191.71 2.5973 1
450.35 500.4 191.38 186.89 2.5864 1
37.538 28.636 19.286 0.66375 5.0998 1
251.65 225.17 80.093 77.323 4.5827 1
499.85 499.52 31.61 42.886 1.5359 1
626.6 639.27 99.233 102.25 2.3748 1
309.57 306.49 59.998 66.561 4.4572 1
377.91 390.36 341.34 342.99 1.5668 1
384.08 402.89 285.79 287.7 1.4963 1
504.16 501.9 1.6302 16.666 2.7232 1
420.36 442.92 269.38 270.97 3.2835 1
446.64 469.15 168.2 167.1 1.4943 1
327.87 356.62 57.849 57.845 1.2523 1
437.76 459 176.3 178.91 3.5693 1
610.38 570.38 73.007 73.072 2.5349 1
107.86 81.515 72.704 75.638 2.7614 1
472.88 497.91 166.68 164.54 2.096 1
264.14 252.4 75.414 78.668 4.2816 1
419.12 431.63 324.16 325.33 2.6053 1
585.44 560.31 52.908 51.526 6.2406 1
241.35 241.53 19.108 29.127 2.6107 1
310.15 310.45 326.62 302.88 1.296 1
317.87 317.87 194.13 176.63 1.25 1
332.07 317.28 411.9 405.19 5.7976 1
620.58 639.17 66.695 11.639 2.0735 1
447.8 431.59 214.89 213.25 1.9846 1
467 460.85 374.93 386.87 7.2736 1
19.947 8.5244 56 48.177 3.6129 1
356.63 311.62 60.464 60.896 1.5977 1
387.87 365.37 175.37 176.48 1.8682 1
246.25 245.78 69.135 51.614 1.6213 1
577.88 611.64 69.257 68.563 1.5066 1
420.39 442.94 170.52 168.58 1.8891 1
31.417 2.8008 72.372 64.391 2.6047 1
424.12 439.15 175.32 174.72 2.0216 1
