275.15 288.14 306.69 100.39 4.8751 1
638.98 638.98 412.87 147.87 1.2507 1
511.39 443.95 138.62 336.14 5.3367 1
137.87 575.37 479 478.98 1.2686 1
442.93 277.4 337.53 309.44 7.013 1
286.76 334.94 105.44 9.5363 4.589 1
474.95 511.38 30.518 139.62 4.7541 1
615.41 639.29 2.5564 4.984 3.6044 1
291.42 507.93 105.47 138.79 5.3217 1
277.64 276.16 334.06 310.25 8.0289 1
385.29 370.41 178.17 173.99 2.407 1
336.56 474.21 9.5591 29.829 4.0066 1
395.06 359.16 146.4 135.28 3.0943 1
414.13 379.12 239.61 240.28 3.606 1
288.96 278.13 139.11 305.31 2.3901 1
425.37 389.1 180.87 180.15 2.9968 1
394.13 420.36 183.91 184.56 2.5305 1
432.89 395.35 148.92 147.04 3.2461 1
439.88 435.86 338.86 365.64 6.2453 1
290.73 288.99 107.9 132.87 1.5076 1
400.4 366.68 289.84 290.85 3.1702 1
364.21 391.37 140.14 149.83 3.7859 1
375.33 361.61 238.11 235.43 2.693 1
395.37 410.39 150.63 151.19 2.6373 1
522.88 499.12 4.7622 4.4823 2.706 1
371.62 394.14 294.08 293.6 1.698 1
374.16 290.42 151.4 137.57 2.6475 1
499.23 471.57 3.642 7.4447 4.0555 1
480.24 489.35 220.33 194.2 1.5371 1
502.78 426.64 147.2 135.26 2.0338 1
490.1 496.37 191.53 172.79 1.59 1
445.38 432.56 9.1046 5.1407 4.6039 1
467.79 446.5 7.0045 9.076 3.9745 1
436.99 431.07 348.08 358.82 3.3957 1
462.88 440.35 165.33 161.77 1.6247 1
591.57 555.39 5.8653 1.4723 2.2958 1
432.6 422.82 4.092 1.8633 2.684 1
486.64 465.31 169 165.81 1.4758 1
321.6 302.96 260.55 257.36 1.41 1
431.58 401.52 160.64 156.03 1.3459 1
