638.98 638.99 411.62 149.12 1.2589 1
137.87 572.87 479.02 478.97 1.2896 1
415.63 393.28 167.72 315.25 4.6438 1
246.87 204.93 342.83 86.494 4.4408 1
356.13 415.4 66.918 167.35 4.2337 1
395.66 247.39 316.87 345.35 8.4263 1
1.5793 46.605 50.528 48.65 4.2145 1
49.299 62.845 47.607 45.208 3.0385 1
288.01 324.22 6.5405 2.4678 4.1305 1
47.872 1.6164 53.669 53.947 4.9624 1
224.01 410.55 194.52 169.16 4.6894 1
310.39 284.16 2.3781 3.0673 2.9916 1
66.716 47.955 52.492 51.444 6.6584 1
62.503 81.892 45.838 35.897 4.5626 1
198.68 206.81 41.484 88.061 4.0259 1
117.88 95.333 7.5119 7.2012 11.404 1
76.447 86.076 13.937 4.7971 4.3949 1
287.85 199.25 32.59 40.51 4.229 1
102.58 116.7 15.463 11.922 2.4292 1
76.689 64.305 44.317 48.42 4.7463 1
84.949 77.107 36.164 43.398 3.5327 1
102.89 67.805 50.614 53.168 3.3103 1
84.197 85.66 25.163 34.28 3.5046 1
78.626 51.496 26.311 34.97 3.7241 1
43.689 69.897 35.618 24.271 4.2456 1
78.525 76.872 25.275 14.47 4.4632 1
67.871 86.638 50.297 49.403 1.7835 1
296.56 308.21 10.418 28.914 2.94 1
165.47 121.87 40.944 48.095 3.0543 1
134.23 165.46 43.387 37.07 2.7119 1
303.02 293.01 28.527 11.545 2.9239 1
342.29 333.29 44.482 29.63 2.5901 1
154.29 132.85 12.148 19.054 2.4199 1
390.15 411.98 314.09 170.43 1.9563 1
360.36 344.17 5.1968 6.176 2.1181 1
