137.87 575.37 478.99 478.98 1.2643 1
638.98 638.98 412.88 146.63 1.2555 1
226.16 200.31 251.32 77.698 5.0218 1
608.81 536.2 134.74 314.46 4.191 1
84.129 62.718 29.09 26.926 4.3594 1
35.402 45.293 37.941 33.922 5.3199 1
199.68 330.69 76.97 31.266 4.5293 1
331.24 608.23 31.414 134.04 5.4821 1
439.06 224.78 419.2 252.03 9.8976 1
536.66 437.05 314.26 423.48 5.6528 1
50.367 30.152 37.852 51.289 9.0139 1
58.093 39.157 25.672 23.797 5.727 1
202.5 490.25 78.58 230.6 4.3599 1
493.69 442.19 229 414.28 5.0143 1
21.675 1.5644 51.514 50.776 3.5641 1
184.99 126.04 79.914 51.493 3.8805 1
14.127 25.896 49.132 46.254 3.6691 1
116.26 191.09 42.375 78.961 4.1671 1
30.378 11.641 34.149 36.744 3.1622 1
1.6028 37.916 33.853 30.881 3.1257 1
1.5606 12.947 47.166 48.521 2.9257 1
126.43 114.57 50.825 45.618 2.9311 1
94.161 181.14 112.97 80.326 2.9399 1
190.28 159.28 80.115 92.024 3.7773 1
67.156 71.068 1.0252 12.642 3.9649 1
235.1 228.72 271.74 256.8 4.4302 1
158.17 96.4 92.391 116.04 3.0822 1
166.6 245.38 35.234 19.165 2.4011 1
31.583 63.992 99.019 86.285 1.8285 1
69.537 62.711 19.447 1.688 2.8693 1
158.99 135.54 41.254 49.578 2.28 1
209.72 214.91 110.47 147.94 4.1333 1
134.28 152.85 47.042 40.311 2.027 1
279.36 251.88 8.4385 19.741 2.3121 1
246.64 162.58 21.676 38.927 2.8924 1
248.01 275.5 18.212 6.9266 2.0219 1
549.22 560.32 274.16 246.6 1.6585 1
217.66 220.97 161.51 191.7 3.4397 1
573.09 580.41 215.46 196.64 1.25 1
243.15 207.81 104.87 85.496 2.1589 1
225.34 229.14 220.38 244.12 2.2714 1
581.5 596.78 194.07 156.69 1.4771 1
533.1 548.21 314.22 276.76 1.4575 1
79.412 75.779 10.752 1.4669 2.7836 1
578.78 561.63 161.17 174.14 2.9688 1
260.33 245.21 114.2 105.68 2.0395 1
561.11 531.79 174.76 199.32 2.875 1
529.35 494.44 201.92 229.18 3.7524 1
