135.37 575.37 478.99 478.98 1.2649 1
122.28 361.96 63.793 129.16 5.2608 1
158.53 120.15 221.16 63.874 4.6855 1
638.99 638.98 412.88 147.88 1.2566 1
440.8 420.3 70.27 230.53 4.4697 1
420.43 356.69 230.63 306.68 4.0034 1
372.1 410.79 121.01 91.774 5.0313 1
362.09 371.53 128.5 121.5 4.0154 1
120.61 223.82 62.268 24.551 3.8614 1
223.95 440.11 24.972 69.192 4.203 1
639.27 514.43 25.909 0.15134 3.6544 1
410.95 415.91 91.263 88.032 3.8244 1
533.01 639.17 0.94431 22.664 3.5927 1
587.76 632.9 4.814 2.0565 4.9907 1
415.48 432.73 88.529 75.192 6.2493 1
351.58 166.13 309.6 228.65 8.1114 1
418.68 415.71 125.28 139.2 3.588 1
412.94 411.18 174.13 187.98 3.2693 1
408.82 406.36 216.57 230.55 3.5477 1
421.15 417.59 100.25 114.05 3.3945 1
399.13 410.82 176.65 173.08 3.1203 1
367.68 351.27 313.59 309.19 7.8047 1
401.46 417.02 128.5 124.33 3.7091 1
632.77 584.14 6.2836 9.3543 4.1237 1
395.23 405.66 219.97 216.17 3.2042 1
416.83 405.58 103.5 107.23 2.7741 1
407.81 419.3 102.7 98.346 2.9388 1
409.92 394.35 189.07 199.47 1.8072 1
379.5 361.67 143.37 157.06 3.4147 1
408.38 396.5 177.59 183.89 2.3035 1
583.95 568.96 5.1474 2.592 6.7913 1
405.52 389.17 231.81 244.19 2.2927 1
415.56 400.48 128.35 134.39 3.4791 1
363.69 394.8 152.34 127.17 2.5444 1
361.72 357.7 157.83 259.17 4.1935 1
362.32 362.08 130.37 151.64 2.4858 1
124.33 142.01 69.075 140.28 1.8539 1
303 154.03 117.44 75.718 3.6141 1
359.12 304.08 131.66 116.78 2.0529 1
351.71 352.58 204.14 136.62 2.4032 1
144.81 154.19 151.76 190.36 1.6097 1
349.57 350.27 281.63 219.12 1.7852 1
434.22 412.96 81.743 97.991 2.2199 1
355.07 354.16 157.85 205.38 2.3792 1
370.65 358.87 244.39 256.37 1.25 1
384.13 367.87 312.92 312.98 7.4803 1
164.44 161.42 246.81 231.67 2.9432 1
144.13 126.53 72.839 68.227 2.3602 1
402.77 391.3 105.24 113.69 2.0128 1
360.11 373.1 258.87 245.6 1.25 1
350.85 351.34 217.89 205.36 2.6442 1
