136.62 574.12 479 478.98 1.2676 1
638.99 638.98 411.63 147.88 1.2552 1
460.24 440.44 103.92 238.95 4.632 1
186.59 154.16 212.88 58.853 5.1512 1
463.96 460.29 76.428 102.86 4.9197 1
156.22 365.44 60.308 132.69 5.3443 1
365.98 462.5 131.73 76.915 5.1127 1
440.8 360.94 239.45 311 4.5643 1
260.19 462.99 26.136 76.172 4.4806 1
155.34 260 59 26.674 4.7773 1
363.66 193.54 317.75 220.47 8.7012 1
429.35 425.39 181.31 194.13 2.4761 1
434.67 430.46 132.64 145.4 2.778 1
601.63 635.38 1.5982 2.5592 2.6413 1
423.83 419.67 226.52 238.07 2.3726 1
569.31 639.26 3.0164 14.531 2.9034 1
639.34 524.28 17.667 0.60712 4.9849 1
429.56 404.59 145.2 155.28 2.6081 1
639.14 567.92 7.712 1.1869 4.6467 1
411.55 421.84 226.33 223.74 3.0359 1
419.06 433.04 133.74 131.3 2.8928 1
412.96 426.87 183.27 180.27 3.4019 1
422.75 436.82 108.66 104.83 3.2894 1
398.99 364.35 140.15 160.76 2.1747 1
418.91 398.1 238.76 250.77 2.8339 1
391.6 364.18 319.4 317.17 6.4622 1
367.37 405.39 155.79 132.91 2.1616 1
353.47 356.96 292.86 139.13 2.7538 1
365.9 365.96 139.12 154.13 1.307 1
424.41 406.74 121.25 126.97 2.028 1
362.84 231.56 135.47 90.566 2.7049 1
358.64 358.19 171.62 219.13 1.6719 1
365.04 363.24 164.06 211.64 3.6056 1
356.63 356.63 261.63 280.38 1.25 1
363.68 362.1 215.32 227.78 2.3217 1
450.28 430.4 91.459 102.92 1.4152 1
54.006 40.179 1.28 6.0568 2.8571 1
