638.98 638.98 412.87 147.87 1.2531 1
136.62 575.37 479 478.97 1.2788 1
586.98 514 119.47 292.82 5.7604 1
514.08 504.17 293.68 294.6 3.9663 1
214.31 217.36 243.94 226.54 6.804 1
210.79 212.33 205.39 169.21 5.9259 1
217.18 210.01 218.86 203.7 4.1079 1
210.55 202.12 131.62 115.87 6.4107 1
205.71 208.82 150.24 129.45 5.626 1
212.22 207.43 169.28 149.53 5.6651 1
202.46 207.22 115.61 98.937 7.0406 1
218.48 213.13 261.82 244.05 5.2642 1
205.37 203.05 98.024 59.04 5.6589 1
220.28 216.35 234.1 249.05 3.5652 1
240.33 585.57 153.69 119.91 5.6682 1
216.37 214.04 186.6 206.61 4.4482 1
207.35 208.03 109.08 119.2 2.9969 1
209.65 212.59 140.53 154.19 4.1009 1
215.27 226.24 206.52 219.45 4.9962 1
204.12 486.72 59.031 46.229 6.3525 1
207.45 222.04 119.57 133.69 4.5779 1
486.67 587.24 45.789 118.75 4.6026 1
213.46 225.46 154.71 165.28 3.5284 1
218.31 227.93 181.65 187.79 4.124 1
229.82 216.15 227.11 214.65 5.0516 1
505.38 233.9 297.72 350.48 11.613 1
222.48 230.87 228.39 236.19 3.8575 1
216.9 228.75 249.8 266.89 3.9559 1
227.37 211.82 171.97 159.15 5.3964 1
231.9 218.79 272.54 261.77 5.0012 1
238.85 237.35 204.18 164.1 5.9648 1
243.36 239.33 314.11 205.32 4.8145 1
215.35 214.37 226.52 215.24 3.3031 1
229.68 220.69 212.67 187.76 3.4296 1
224.87 214.09 142.1 131.66 5.2463 1
244.28 241.23 344.27 320.59 8.9974 1
228.99 220.86 129.18 107.69 2.9386 1
217.83 206.85 99.598 69.5 3.3166 1
238.04 237 162.94 146.6 2.9697 1
235.45 232.17 146.6 135.58 2.5278 1
195.63 213 254.18 243.96 7.671 1
237.62 224.47 320.77 270.29 3.4652 1
512.12 522.73 289.33 264.07 1.3845 1
243.7 244.25 319.21 314.01 2.8806 1
233.11 229.16 151.53 141.61 2.0958 1
223.73 216.75 129.26 109.08 1.7706 1
227.28 221 158.47 140.16 3.6536 1
507.28 502.13 310.95 325.1 5.9813 1
249.87 250.58 181.6 202.87 1.3325 1
