139.12 574.12 479.03 478.96 1.3091 1
207.51 159.57 291.37 127.38 5.0385 1
638.99 638.98 411.63 149.13 1.2531 1
351.55 457.34 172.83 13.349 5.5796 1
456.55 432.83 15.174 171.43 4.3596 1
346.76 207.29 341.25 290.73 8.016 1
434.82 350.81 168.2 338.7 6.5008 1
160.6 293.92 127.94 12.639 6.6926 1
162.77 348.97 129.51 178.47 5.306 1
423.19 375.32 7.6415 2.1057 8.6921 1
350.17 348 181.62 337.88 3.1439 1
374.21 354.13 2.7352 1.5444 2.7917 1
454.98 423.74 12.812 7.7221 7.1464 1
553.77 543.2 1.541 46.407 3.7258 1
537.68 548.71 44.076 1.5169 3.8565 1
165.45 198.07 135.35 247.82 2.1349 1
637.87 625.46 4.1288 1.2665 2.4361 1
