135.37 574.12 479 478.98 1.2687 1
638.98 638.98 414.12 146.62 1.2503 1
207.5 170.46 289.2 102.36 5.4435 1
281.36 608.68 31.583 102.42 4.6943 1
497.68 204.12 415.83 290.38 11.16 1
574.9 498.17 230.7 413.2 6.9663 1
170.12 280.98 103.15 31.304 5.049 1
608.05 576.77 103.55 230.72 9.4309 1
30.767 15.363 10.618 7.9441 3.9085 1
173.76 575.45 104.12 221.37 3.8788 1
74.183 1.3048 103.91 84.05 3.8358 1
1.3473 81.249 80.152 101.76 4.0844 1
27.995 71.074 129.33 104.42 3.1946 1
24.273 70.049 57.039 40.71 2.3618 1
80.881 48.629 102.87 122.04 4.7035 1
48.26 1.3321 122.28 149.88 3.1042 1
145.41 122.11 11.677 26.159 2.5248 1
71.806 115.74 40.926 26.491 2.6971 1
120.42 148.25 24.19 5.9519 2.5593 1
1.544 22.602 68.961 58.572 1.7634 1
1.299 25.492 144.82 130.57 3.2313 1
121.58 82.044 26.511 41.482 2.4061 1
46.421 17.839 51.172 64.045 1.9921 1
