638.99 638.98 411.63 147.88 1.2578 1
137.87 572.87 479 478.98 1.2683 1
471.94 446.34 165.22 315.11 4.4541 1
339.4 471.75 40.165 164.08 4.3513 1
283.92 276.61 13.624 16.589 3.073 1
446.88 313.78 314.81 364.44 7.9395 1
43.028 40.475 45.522 26.444 4.0484 1
265.61 258.05 5.6603 11.842 5.277 1
213.24 263.03 68.922 157.79 4.3688 1
277.14 258.02 17.454 22.197 3.9597 1
44.734 55.019 28.187 49.298 3.4289 1
239.16 215.13 204.12 82.923 4.0056 1
29.995 36.602 1.1815 14.137 3.9753 1
213.91 198.24 12.293 19.759 7.4681 1
68.975 81.625 6.1491 35.375 7.2596 1
56.45 55.509 40.507 30.363 7.237 1
24.143 1.0457 1.7221 5.9898 6.6402 1
41.508 48.448 56.555 44.969 4.5017 1
43.746 53.588 86.128 74.741 3.9588 1
30.625 26.399 12.779 1.7111 2.2533 1
248.81 238.65 227.48 203.61 5.7717 1
54.78 53.163 30.203 24.049 3.6269 1
264.27 294.45 24.588 15.18 3.5025 1
56.972 46.693 75.639 89.176 3.4658 1
121.43 157.37 25.977 14.983 6.0466 1
53.361 55.532 66.517 76.313 4.07 1
311.85 307.29 361.55 347.26 8.3357 1
257.9 339.45 57.983 40.651 4.1878 1
250.43 264.29 23.385 24.419 3.8326 1
25.026 43.877 93.217 85.978 3.7623 1
50.06 45.402 18.065 10.359 3.8797 1
143.12 119.91 23.801 29.836 3.6293 1
110.42 93.603 22.681 19.031 4.6777 1
47.69 41.516 68.698 57.937 3.5552 1
50.869 39.981 33.874 12.44 2.3538 1
215.41 211.69 82.478 70.356 2.757 1
310.92 297.4 345.45 217.79 3.8155 1
15.351 34.878 80.336 68.318 3.6029 1
296.81 405.44 216.04 185.6 4.094 1
1.4317 17.818 98.073 95.063 3.7888 1
305.06 249.24 347.44 227.82 3.9266 1
180.44 192.99 19.489 17.306 2.5163 1
257.95 246.66 10.387 11.015 2.9818 1
62.985 68.517 1.4927 6.104 6.4016 1
41.823 34.415 10.441 1.3875 7.4759 1
157.78 175.44 14.532 15.5 5.8987 1
159.13 202.88 6.0658 5.8575 3.8273 1
47.245 34.61 87.938 93.902 3.4546 1
43.859 4.5649 95.223 102.69 6.9014 1
110.61 111.07 1.5469 10.273 5.19 1
66.624 81.87 55.373 49.795 2.0328 1
165.24 143.86 18.471 22.789 3.4401 1
172.9 156.57 8.4973 9.2193 2.6632 1
249.08 214.17 60.128 66.835 3.967 1
106.42 100.31 15.472 2.3256 3.2408 1
192.82 166.56 22.269 19.843 3.7543 1
138.24 89.429 74.206 87.724 3.1321 1
35.235 21.088 72.629 80.681 3.4093 1
264.43 286.76 27.554 50.243 2.8436 1
99.112 135.36 81.577 71.563 2.8691 1
120.59 94.586 45.841 57.64 2.784 1
408.02 469.09 184.6 166.5 2.1746 1
157.68 146.48 8.2167 1.8778 2.495 1
34.46 1.6023 22.716 32.801 7.3593 1
281.58 261.06 50.424 29.698 2.6651 1
410.23 385.45 1.1252 8.1542 2.2259 1
467.64 410.14 164.38 110.63 1.3658 1
43.144 57.95 4.5135 2.0805 3.7004 1
453.95 467.17 251.59 174.22 1.9794 1
95.554 116.66 53.291 44.208 2.3107 1
444.61 453.39 306.71 254.21 2.0532 1
9.199 1.5441 18.235 17.599 3.0091 1
