638.99 638.97 412.88 146.63 1.2655 1
135.38 575.38 478.98 478.98 1.2531 1
581.76 510.43 161.18 341.15 4.3239 1
92.643 103.8 24.472 21.602 5.7766 1
217.52 193.84 240.6 70.068 4.5741 1
336.27 581.27 34.816 159.81 4.6127 1
510.24 380.11 341.44 434.51 6.8275 1
109.59 81.21 25.836 36.801 9.6718 1
140.35 130.31 17.438 17.974 2.9627 1
382.55 216.78 430.66 241.49 8.5871 1
193.21 337.07 69.255 34.738 5.0177 1
116.87 103.28 15.847 11.579 3.8837 1
195.91 363.17 71.28 202.84 3.2672 1
130.48 116.83 17.403 14.424 4.3516 1
52.775 65.461 30.712 31.512 3.0341 1
4.6716 54.231 35.972 27.227 8.1824 1
80.501 35.383 36.236 32.773 4.5016 1
34.141 97.882 19.196 18.405 3.6257 1
34.25 1.3871 34.601 43.217 4.0258 1
207.46 164.27 64.757 36.397 3.6495 1
66.607 82.875 32.768 32.888 3.842 1
65.311 32.814 20.805 23.336 2.4924 1
178.98 211.51 41.854 63.055 3.5534 1
103.92 101.94 10.69 1.5558 4.1945 1
166.35 176.33 33.315 39.598 2.7816 1
226.66 274.09 28.199 22.602 1.9738 1
508.01 575.23 339.18 169.07 2.4656 1
37.513 16.508 22.275 10.585 3.3904 1
1.6674 37.813 102.99 90.2 2.7948 1
198.85 220.82 79.162 240.48 2.7704 1
200.31 225.47 33.811 28.31 2.3289 1
25.571 1.4798 98.491 106.17 2.7615 1
468.76 419.09 217.17 242.82 2.3616 1
271.63 219.15 25.397 31.855 2.1189 1
192.86 130.33 84.06 101.45 2.6839 1
206.65 182.93 35.481 41.838 2.4148 1
318 273.03 15.911 26.042 2.68 1
363.95 407.49 203.09 237.12 2.8299 1
129.25 192.96 98.332 80.665 2.9968 1
185.43 198.02 38.094 34.658 2.1935 1
286.67 304.16 20.587 16.781 2.335 1
88.014 102.83 77.095 72.718 1.5529 1
347.91 319.09 1.6989 15.302 2.4506 1
411.04 386.09 290.03 423.01 3.6052 1
49.192 26.534 86.764 97.685 2.9162 1
225.91 220.11 271.47 251.34 3.8056 1
284.24 256.34 145.23 123.23 2.2274 1
317.77 342.73 12.643 1.3125 2.075 1
418.84 411.18 246.57 289.27 3.5346 1
407.77 420.14 238.04 245.75 2.4203 1
43.01 26.794 8.687 11.39 2.8687 1
