638.97 638.99 412.87 146.62 1.2704 1
600.9 525.82 104.52 278.78 4.9094 1
136.62 575.37 478.99 478.98 1.2637 1
525.91 255.28 280.01 347.5 10.311 1
217.96 492.94 56.488 36.207 4.8351 1
271.51 599.31 149.5 105.52 4.9707 1
223.98 225.16 149.31 134.21 8.3528 1
220.09 218.04 100.49 72.77 4.5713 1
218.33 217.36 71.676 56.498 3.8221 1
230.11 234.14 192.8 177.88 4.1755 1
224.24 228.43 114.15 96.46 4.162 1
236.63 236.53 231.63 247.87 2.5639 1
222.27 220.03 133.01 101.47 4.1088 1
231.63 230.54 132.76 144.14 3.4422 1
227.92 231.51 134.94 124.89 3.5311 1
226.25 225.69 195.49 187.85 3.9221 1
230.97 236.36 241.82 225.71 5.1382 1
227.13 227.79 207.99 197.79 6.7156 1
225.63 223.36 187.79 149.32 5.5789 1
229.85 228.22 102.79 112.93 2.0562 1
234.2 234.2 185.37 201.63 2.5034 1
229.15 227.02 237.96 209 4.0493 1
238.96 248.42 225.7 230.55 3.1157 1
242.85 231.97 272.88 241.94 5.8318 1
492.99 600.35 36.44 104.16 4.1649 1
231.51 243.1 95.614 101.14 3.8708 1
230.65 247.7 145.13 161.81 4.5465 1
234.67 249.98 202.42 217.04 4.68 1
240.41 232.57 105.32 100.92 4.4937 1
233.17 224.68 126.74 113.01 4.8122 1
245.56 233.93 138.87 130.65 4.928 1
229.3 234.47 113.59 121.4 2.4876 1
236.07 232.25 210.62 201.9 4.7206 1
269.42 268.83 246.63 176.61 4.9893 1
235.21 247.01 121.87 129.81 3.1526 1
250.33 238.47 200.72 184.93 4.0097 1
251.1 230.51 168.17 152.69 5.5142 1
269.25 266.41 340.34 330.44 6.3527 1
269.15 269.23 177.88 146.63 5.017 1
233.21 228.97 153.45 146.72 3.0564 1
253.2 237.13 223.72 210.99 4.8616 1
242 220.38 99.623 61.622 3.4284 1
265.19 243.17 330.45 273.24 3.8611 1
237.53 246.57 247.76 260.41 3.3432 1
524.45 580.89 274.26 143.1 2.0333 1
268.15 257.77 146.48 127.36 3.2019 1
207.18 229.13 252.62 240.39 7.4099 1
253.57 246.19 121.27 106.85 3.4155 1
252.87 250.87 215.38 201.55 2.4881 1
522.54 518.21 287.78 302.61 7.9547 1
254.03 238.47 268 256.24 2.7907 1
257.1 267.14 132.62 151.35 2.0917 1
249.03 239.88 124.18 106.89 2.2098 1
280.35 280.82 155.38 177.87 2.3442 1
269.78 269.52 335.38 247.87 3.9022 1
244.02 251.01 109.18 122.54 1.7875 1
239.64 234.81 223.18 211.35 1.4777 1
271.63 251.63 56.625 56.625 1.25 1
224.2 236.4 74.079 95.501 1.5539 1
547.8 502.89 116.06 121.78 2.6145 1
231.6 240.46 105.39 122.83 1.25 1
265.59 257.89 176.51 161.62 2.2957 1
250.5 266.71 140.94 172.83 2.392 1
279.24 278.79 276.63 306.64 1.5102 1
296.6 275.37 53.821 55.297 1.0554 1
239.06 227.81 177.9 152.9 1.767 1
239.36 247.19 173.41 188.24 3.8393 1
487.82 467.86 123.72 126.54 1.7625 1
249.12 230.36 57.801 58.007 1.25 1
232.89 239.48 157.87 172.72 1.7786 1
253.61 245.38 154.41 139.83 3.88 1
277.46 278.04 175.4 159.13 1.3384 1
276.48 276.53 302.87 289.12 1.2793 1
280.56 279.86 196.63 251.62 1.5016 1
296.64 282.83 347.33 346.87 2.6639 1
