638.97 638.99 412.87 146.62 1.264 1
136.62 575.37 478.99 478.98 1.2615 1
195.4 266.4 65.349 131.87 3.8789 1
567.58 504.29 158.6 345.01 4.4804 1
221.94 195.08 235.52 67.722 4.9424 1
504.04 361.77 345.22 429.76 7.9435 1
341.06 566.92 33.906 158.35 4.3108 1
18.046 7.7065 39.414 37.569 2.6949 1
142.25 116.5 28.568 37.525 9.7519 1
362.59 221.37 425.27 235.88 7.5243 1
227.92 340.51 58.059 33.491 4.4406 1
115.39 71.632 37.631 35.25 4.6272 1
91.507 109.17 32.42 35.052 3.2094 1
47.181 83.152 38.614 30.328 7.3155 1
42.921 32.883 44.764 45.481 2.2247 1
70.555 43.278 37.316 44.423 3.4159 1
29.098 46.677 42.591 40.926 3.4316 1
139.27 137.11 13.086 1.7705 3.6836 1
83.708 93.203 31.487 29.298 6.5575 1
99.13 75.384 24.209 25.529 3.2583 1
74.128 129.15 21.942 21.377 3.6471 1
214.13 196.82 61.686 64.232 3.1642 1
64.545 4.3222 94.391 111.09 3.6973 1
122.96 111.59 24.088 24.891 2.3178 1
223.45 203.08 59.561 45.081 3.3509 1
2.97 64.362 108.22 91.233 3.4335 1
206.9 227.22 43.724 57.588 3.4257 1
12.502 3.7795 31.811 14.297 4.4799 1
196.28 202.59 35.968 39.617 2.9596 1
1.3737 9.0915 30.976 34.205 2.6007 1
75.022 54.68 24.668 11.444 3.9298 1
11.708 20.544 4.9261 31.16 5.1621 1
254.13 301.58 30.41 24.997 2.3751 1
29.35 10.186 68.433 76.157 3.0284 1
54.102 35.48 3.94 6.2294 2.9594 1
6.7637 21.494 73.318 68.707 2.3858 1
502.1 560.49 341.79 169.16 2.2485 1
161.8 158.22 12.82 1.5154 2.0668 1
202.43 218.13 92.945 191.58 2.6096 1
364.45 325.38 11.357 24.144 2.6791 1
326.76 360.63 20.798 9.9254 2.6302 1
266.84 380.47 132.64 236.52 2.2672 1
213.97 243.03 39.782 32.222 2.2525 1
383.67 365.22 0.72995 10.068 2.2577 1
300.35 272.9 27.637 30.624 2.2149 1
1.6287 14.158 41.566 42.359 2.1068 1
324.27 301.61 23.661 27.8 2.1282 1
241.66 210.49 35.517 43.351 2.4377 1
196.62 154.09 89.123 100.25 2.8824 1
226.33 224.23 260.41 241.61 4.969 1
271.61 255.35 31.384 32.506 1.6773 1
153 195.56 97.116 86.071 2.6413 1
358.88 339.19 213.12 194.06 1.7962 1
2.8661 2.692 52.875 72.873 3.8043 1
389.07 477.83 235.23 197.77 2.3459 1
452.75 385.17 205.09 233.64 2.3155 1
526.57 563.03 176.51 160.74 3.2871 1
514.06 480.41 132.99 114.06 1.3621 1
91.486 68.052 10.86 15.104 2.6827 1
323.76 310.46 180.79 169.03 1.4791 1
105.65 103.54 8.178 1.4163 4.0719 1
380.58 361.73 232.66 215.26 1.5535 1
274.47 261.59 143.76 131.66 1.25 1
18.159 29.392 115.79 119.59 3.9888 1
500.46 525.59 188.06 177.11 1.8493 1
230.56 226.78 274.07 261.58 3.1162 1
