260.42 306.67 27.511 33.765 3.1823 1
305.5 260.53 37.042 30.532 3.8572 1
266.11 238.42 342.52 186.31 4.5479 1
638.98 639 411.62 149.12 1.2704 1
324.12 371.58 39.128 45.704 3.6172 1
139.12 574.12 479.02 478.96 1.3017 1
235.84 260.61 9.7094 26.842 4.3426 1
378.22 308 50.7 39.608 4.6779 1
263.43 236.56 32.614 13.687 3.8554 1
368.03 400.29 45.951 53.233 3.7385 1
24.112 12.834 2.4585 2.81 3.7871 1
307.52 325.1 34.201 38.908 3.7082 1
235.44 199.2 13.144 10.561 4.1876 1
237.46 408.47 186.58 67.484 4.5413 1
199.13 234.23 7.8475 9.7284 3.9895 1
1.5349 57.66 16.298 0.84289 4.7506 1
442.26 548.02 214.82 96.755 5.4894 1
618.04 639.4 41.665 44.634 10.455 1
408.13 436.65 54.647 50.551 4.0607 1
395 265.44 417.28 342.77 7.3765 1
437.73 414.41 53.387 58.056 4.6557 1
546.88 510.06 99.838 254.05 5.3009 1
400.34 378.66 58.001 52.09 4.9329 1
491.62 487.89 1.464 30.537 5.1186 1
129.3 81.63 29.758 42.895 3.7764 1
446.52 461.57 35.151 27.76 3.4065 1
434.16 411.81 66.459 61.971 3.1938 1
412.82 445.37 41.262 40.137 3.5751 1
80.211 127.13 39.76 27.286 3.8536 1
445.44 437.69 46.703 52.64 3.5052 1
462.77 469.22 30.074 1.0893 9.7615 1
412.43 401.15 61.396 56.46 6.0841 1
435 441.07 49.332 45.693 3.2138 1
171.43 197.95 13.058 8.3055 2.7164 1
199.25 154.12 10.976 20.352 3.8137 1
471.67 434.39 72.599 66.292 3.2805 1
487.86 464.05 32.533 33.371 10.214 1
639.16 599.11 52.204 51.743 7.6576 1
1.3567 79.153 53.953 39.274 3.4298 1
127.72 170.42 26.113 13.024 3.8371 1
80.487 1.2884 42.209 57.366 3.7126 1
153.86 126.89 20.827 29.915 2.8209 1
509.59 394.32 254.04 423.01 6.1221 1
415.47 462.83 59.851 68.145 3.047 1
519.04 533.84 15.459 30.653 2.663 1
431.64 413.95 43.047 45.09 3.1517 1
69.973 1.3037 1.4236 20.467 4.5042 1
601.57 616.54 48.544 47.019 3.3509 1
545.21 449.1 96.141 75.495 4.2819 1
572.52 588.4 34.524 37.941 5.3211 1
466.63 484.13 39.627 39.676 1.2964 1
588.04 536.55 41.168 36.095 4.0628 1
587.06 600.65 38.551 48.753 3.5 1
402.9 411.96 46.684 42.313 3.3769 1
542.87 571.67 34.315 35.138 3.927 1
414.4 405.17 44.587 50.02 3.2318 1
526.19 509.34 27.033 8.9257 3.0637 1
243.87 407.61 188.49 256.02 3.7996 1
599.55 587.85 52.369 42.646 3.3487 1
604.24 593.08 35.059 31.055 2.8651 1
550.12 544.31 1.5531 22.223 4.2868 1
595.16 620.08 28.563 36.324 2.9737 1
243.34 257.96 195.29 279.11 2.2641 1
531.79 561.63 76.849 81.572 2.7269 1
536.93 536.62 20.408 11.625 3.7914 1
561.57 535.35 84.474 80.549 2.1614 1
258.52 261.78 281.73 301.6 1.8585 1
510.04 502.44 10.447 12.627 4.9843 1
502.9 524.41 22.73 26.051 3.225 1
594.38 583.71 30.969 13.122 1.9637 1
458.08 460.46 65.402 47.552 5.5321 1
408.15 396.65 261.65 414.22 3.1068 1
481.64 464.06 42.57 41.666 3.1033 1
588.85 605.66 35.39 39.106 3.6616 1
519.15 531.67 5.0354 5.9975 3.1629 1
534.96 511.59 80.659 74.271 2.8537 1
639.18 588.94 130.11 120.06 2.9416 1
409.42 441.72 253.13 215.46 2.5762 1
507.9 524.06 33.79 34.998 2.1206 1
510.62 530.25 46.308 41.144 2.6726 1
581.76 546.7 118.46 111.27 2.2602 1
501.58 474.1 74.92 73.399 2.008 1
610.26 632.84 120.92 125.54 2.2546 1
547.79 569.17 108.31 112.67 1.7687 1
530.52 517.79 11.205 10.088 4.6096 1
614 600.21 22.378 20.13 3.0977 1
635.36 615.34 23.207 22.541 2.2079 1
