203.44 161.98 352.46 170.01 4.8206 1
137.87 574.12 478.99 478.98 1.2629 1
535.85 528.56 139.84 167.47 5.7244 1
528.44 489.99 168.63 317.78 4.3994 1
638.98 638.98 412.87 149.12 1.2522 1
176.75 464.22 87.312 68.105 5.0916 1
161.88 176.24 171.24 87.809 4.8871 1
464.6 536.18 67.389 139.57 4.5339 1
598.76 639.7 66.093 86.728 4.0191 1
387.88 456.64 5.0785 4.5743 2.9582 1
493.93 205.67 321.29 356.5 10.194 1
474.13 364.12 7.4739 6.756 4.2475 1
640.91 605.15 91.947 73.298 5.9288 1
550.86 586.56 38.2 55.507 3.7489 1
585.54 599.73 55.433 67.148 3.5196 1
604.44 597.62 73.551 69.807 3.5027 1
325.42 386.65 0.68903 3.6306 2.6171 1
582.62 550.79 57.175 42.145 4.0502 1
362.95 265.39 4.5877 1.194 3.6063 1
550.88 544.66 42.38 36.095 2.6864 1
597.51 579 69.646 56.799 5.1344 1
541.65 507.93 16.527 7.6519 4.1367 1
501.74 541.91 3.6224 12.892 4.0289 1
247.88 86.606 1.7728 5.8693 3.7571 1
545 545.67 35.422 22.891 3.0962 1
166.55 532.93 170.69 139.73 4.3509 1
506.67 475.32 7.9385 6.6283 2.9117 1
457.86 500.4 3.1893 4.6321 2.7104 1
549.43 548.61 21.557 32.838 3.1271 1
265.36 249.12 1.7251 1.8894 1.4143 1
501.05 490.67 315.86 319.88 5.3773 1
30.399 1.5394 7.169 8.4586 4.8276 1
85.415 31.55 6.1574 8.8903 4.3152 1
60.351 131.61 3.389 1.0963 2.6193 1
7.8673 17.884 2.354 2.2053 2.5739 1
24.114 59.15 4.8286 4.1444 2.9876 1
166.13 198.32 173.95 315.27 2.1697 1
198.88 204.31 317.93 342.84 1.8125 1
152.88 180.38 1.625 1.625 1.25 1
509.07 524.79 231.61 170.55 2.0368 1
337.87 319.1 80.24 80.63 1.2758 1
502.79 462.86 110.46 70.39 1.25 1
306.63 289.13 82.875 82.875 1.25 1
