185.09 143.15 288.89 113.76 4.8476 1
135.37 574.12 479 478.98 1.2699 1
638.98 638.98 412.88 149.13 1.2551 1
478.22 478.45 116.6 141.63 4.9539 1
477.41 449.49 142.59 307.51 5.3665 1
477.42 482.09 96.813 108.2 3.9439 1
463.96 472.48 59.43 98.942 4.5292 1
472.48 476.56 101.38 115.75 3.6079 1
396.69 184.03 308.37 291.55 11.898 1
145.19 474.13 115.97 130.22 8.2595 1
199.08 464.02 54.534 61.773 7.9548 1
467.8 396.68 310.62 308.54 9.4857 1
148.72 187.26 122.97 284.27 2.2246 1
541.62 556.63 8.4739 8.316 1.4077 1
442.88 409.15 4.0539 1.3642 2.6908 1
511.72 444.12 13.397 4.1327 2.986 1
482.82 540.42 3.4728 8.6028 3.3773 1
557.87 531.6 14.757 14.372 2.5729 1
627.96 567.82 19.28 14.863 3.3523 1
530.44 512.85 14.341 13.28 2.9472 1
557.88 639.18 7.788 13.279 2.8827 1
465.4 481.65 1.277 2.4659 1.3379 1
639.28 629.16 22.017 20.166 2.6841 1
462.62 465.62 172.84 151.66 2.116 1
