282.54 287.17 306.65 142.86 4.7274 1
287.38 287.94 137.91 109.17 4.2785 1
638.98 638.99 412.87 147.87 1.2576 1
520.44 485.55 144.15 249.18 5.1098 1
139.12 574.12 479.01 478.97 1.2852 1
445.05 281.76 363.81 307.49 6.1953 1
485.26 446.7 249.51 363.73 4.5764 1
286.99 398.02 109.53 9.2821 4.1977 1
290.19 512.37 109.86 164.9 4.6321 1
545.49 519.45 37.596 143.26 4.2737 1
401.44 374 163.53 155.82 3.0835 1
396.48 374.32 197.14 190.92 2.9352 1
376.7 392.85 195.08 199.22 2.7035 1
376.76 400.25 161.1 167.13 3.3848 1
417.87 389.13 257.52 257.88 1.4235 1
398.87 544.13 9.232 36.589 4.1642 1
405.38 380.37 307.47 307.4 1.3179 1
384.22 366.73 256.31 251.25 2.4016 1
439.08 405.31 167.3 165.19 2.8859 1
430.34 399.1 199.86 198.31 3.1799 1
280.75 285.33 331.16 310.09 8.4986 1
505.32 327.94 173.11 127.61 2.5079 1
366.59 380.63 254.23 258.22 2.2272 1
288.66 286.55 205.35 252.87 2.1931 1
497.79 291.69 196.94 142.64 2.5989 1
290.56 290.55 111.63 136.63 1.2605 1
289.81 288.85 144.12 202.87 1.4942 1
286.96 285.53 255.38 304.13 1.5808 1
400.34 430.39 201.04 202.61 2.1052 1
286.61 284.61 329.13 319.03 3.6782 1
391.62 416.62 260.45 260.53 1.2881 1
382.88 405.37 310.48 310.06 1.3667 1
407.85 437.88 168.18 170.23 2.1004 1
372.88 357.78 305.36 300.69 2.3887 1
351.69 441.53 136.38 159.49 2.4161 1
291.53 375.27 139.48 162.02 2.4141 1
348.16 337.77 242.51 234.26 1.8579 1
443.26 440.53 365.65 381.65 7.7834 1
363.13 350.49 151.08 145.13 3.2589 1
585.38 562.72 5.3391 3.2684 3.7344 1
600.35 586.61 3.3197 3.7047 1.5647 1
