638.99 638.98 411.63 149.13 1.2552 1
137.87 574.12 479.01 478.98 1.2729 1
394.13 374.98 170.22 322.67 4.5055 1
225.09 196.65 341.68 188.89 4.5432 1
196.94 194.57 190.4 87.865 4.184 1
339.32 315.35 2.5379 7.7696 3.7751 1
63.028 80.378 44.001 41.649 3.3801 1
1.5983 60.372 46.036 45.182 3.6951 1
376.64 226.52 324.25 344.62 8.9387 1
353.81 393.65 81.768 170.02 4.0103 1
55.381 1.6238 49.68 49.511 5.1694 1
77.309 92.604 42.081 35.949 3.7211 1
92.135 102.3 13.468 4.7115 4.2099 1
300.42 194.22 32.385 38.363 4.5541 1
293.98 312.81 8.6919 11.989 2.8938 1
97.683 79.649 36.28 46.317 3.771 1
194.83 196.28 39.105 90.385 3.502 1
315.23 295.27 8.3566 6.6855 3.3254 1
199.12 391.69 189.03 171.07 4.9665 1
85.451 56.601 49.591 48.519 6.6169 1
115.33 131.44 15.144 11.946 2.4614 1
312.99 339.21 11.119 7.1829 4.2024 1
57.172 76.17 35.39 24.576 4.1952 1
78.394 60.899 27.666 36.424 3.9196 1
76.802 91.591 25.172 22.674 2.4819 1
131.27 122.44 7.6803 9.8693 6.0565 1
92.914 79.164 25.593 28.087 3.1293 1
129.1 117.83 4.3179 4.5589 6.2753 1
114.07 86.538 48.428 50.42 2.8544 1
179.33 136.64 40.561 46.761 3.331 1
82.852 111.61 47.291 46.149 2.3989 1
141.76 179.17 43.646 36.897 2.7012 1
311.82 304.96 30.888 16.826 2.8222 1
306.97 316.39 12.692 30.501 2.5271 1
169.36 145.55 12.402 19.694 2.4877 1
372.65 390.06 315.35 176.59 1.9136 1
400.38 365.39 11.84 12.343 1.6457 1
487.81 462.99 2.6133 8.3824 2.1521 1
201.29 208.15 196.69 232.82 1.7425 1
381.64 401.63 8.8579 10.284 1.6918 1
211.19 214.22 247.95 266.61 1.6352 1
347.87 369.12 7.6752 7.6732 1.2514 1
