638.98 638.98 412.88 147.88 1.2552 1
135.37 574.12 478.99 478.98 1.2655 1
470.02 431.52 164.73 335.07 7.4742 1
203.48 198.63 244.35 230.55 6.0248 1
192.64 306.97 89.378 196.25 4.6651 1
307.48 468.24 197.26 163.34 6.8223 1
74.084 101.79 1.9778 5.2015 4.2168 1
281.84 283.2 1.2187 10.326 6.1811 1
513.41 639.56 19.463 51.123 7.3497 1
199.4 188.09 230.26 85.261 5.7814 1
148.12 153.05 6.3254 11.522 4.5686 1
431.41 301.91 334.83 386.1 6.8954 1
640.26 514.99 63.535 30.811 12.326 1
313.8 467.65 73.441 160.76 4.1129 1
292.73 204.31 380.88 247.75 6.3199 1
290.35 307.87 10.64 10.164 2.9067 1
102.37 115.33 5.0159 8.0564 4.5823 1
187.06 194.43 5.2465 2.4153 3.7715 1
274.33 275.51 10.561 1.3234 6.6742 1
307.86 391.63 10.202 9.3154 2.8043 1
318.42 297.46 401.38 386.68 8.4152 1
187.98 313.97 85.263 73.714 4.6994 1
396.62 286.63 4.9415 6.979 4.1198 1
163.89 171.76 9.9122 8.8395 4.2224 1
512.26 484.64 50.39 36.868 4.033 1
1.599 21.631 2.2973 2.0123 2.5175 1
294.82 299.96 377.9 245.36 2.8472 1
299.86 301.69 382.9 335.33 2.8822 1
571.95 551.51 63.693 59.688 5.1719 1
594.78 583.49 1.0004 34.333 4.8696 1
488.66 528.88 36.572 52.258 3.3194 1
301.03 299.61 279.11 330.39 1.8424 1
133.06 67.93 41.746 31.281 2.9323 1
300.01 300.62 244.15 220.38 2.1174 1
482.87 464.08 30.402 25.546 2.7744 1
550.57 512.84 60.899 50.512 3.2507 1
375.41 361.63 230.96 230.2 2.7032 1
303.62 301.52 226.6 277.87 2.1399 1
576.9 587.18 33.819 1.0156 5.2689 1
298.74 297.38 334.11 377.9 1.9933 1
302.01 303.78 332.89 285.32 2.8649 1
303.77 306.66 281.61 227.88 2.9241 1
639.42 571.93 84.301 65.541 3.737 1
66.684 56.676 31.384 28.916 2.4273 1
306.59 306.75 220.37 205.38 1.2756 1
428.71 426.27 347.81 362.82 4.3342 1
216.53 178.73 25.077 36.564 5.2077 1
404.17 385.43 225.56 230.57 3.0608 1
1.3747 17.746 36.56 33.445 3.6839 1
394.42 381.77 278.69 283.26 2.351 1
401.63 416.62 213.86 214.18 2.635 1
509.1 474.17 21.253 23.586 2.4944 1
347.82 307.87 217.61 226.61 2.6799 1
530.41 547.62 51.495 56.291 1.9806 1
306.81 351.68 223.67 213.11 2.2893 1
397.89 424.15 188.04 185.71 3.7352 1
162.86 142.79 44.514 43.607 4.7692 1
386.62 399.1 310.69 311.08 1.5249 1
394.14 409.12 265.05 265.56 2.7102 1
141.74 133.96 42.893 42.199 4.1803 1
574.01 602.74 62.05 69.62 2.099 1
220.36 261.64 14.986 13.354 2.4487 1
255.37 219.13 17.77 17.921 1.2552 1
510.37 499.12 2.9015 1.6808 1.7819 1
216.71 217.86 1.5148 15.479 5.0859 1
