638.98 638.99 411.62 149.12 1.2612 1
137.87 574.12 479 478.98 1.2736 1
238.43 216.57 340.3 187.7 4.285 1
414.68 389.3 177.97 330.2 4.7262 1
1.614 104.1 43.543 41.612 4.5282 1
216.5 224.25 189.01 92.885 4.3221 1
76.653 1.5715 44.88 47.699 4.7792 1
363.93 351.59 11.86 1.6618 4.3162 1
103.15 134.41 43.002 36.827 4.133 1
135.42 82.853 47.897 45.978 5.8178 1
381.15 413.93 88.049 178.4 3.9609 1
388.09 239.1 332.13 342.56 9.2143 1
336.63 226.63 39.946 41.17 4.8606 1
306.27 279.08 2.6921 6.2721 7.3386 1
219.06 411.62 187.39 180.35 5.3482 1
137.53 148.97 10.955 5.0729 4.5096 1
134.28 121.81 39.617 43.47 4.039 1
279.39 261.98 7.169 0.67117 2.4986 1
356.64 335.23 17.676 15.892 3.6332 1
135.17 108.79 24.59 31.624 3.5426 1
174.22 156.61 10.023 5.4329 8.7823 1
375.14 357.49 10.899 16.712 9.484 1
102.51 134.89 30.344 21.166 3.7305 1
229.3 226.21 41.723 86.597 5.074 1
157.82 172.9 16.204 14.284 2.3453 1
240.38 216.63 1.7996 1.9285 1.3314 1
383.22 377.06 0.75343 7.1321 7.07 1
343.96 335.21 6.4974 5.2396 2.2053 1
142.37 134.52 33.442 39.205 3.4945 1
350.46 380.41 21.229 18.25 3.6145 1
211.76 167.92 44.406 48.329 2.844 1
166.62 135.32 47.646 48.955 2.4978 1
124.13 157.88 45.887 45.403 1.4829 1
639.45 628.99 12.263 17.617 3.9603 1
627.61 625.82 16.357 1.4218 4.816 1
349.1 342.17 40.385 25.128 3.0007 1
226.35 234.32 234.16 290.35 1.9664 1
346.74 352.36 24.617 37.555 2.791 1
189.08 212.91 43.794 40.614 1.982 1
386.43 391.95 327.84 294.18 2.0428 1
222.74 224.05 206.64 219.13 1.7649 1
393.97 399.73 282.85 246.72 1.7701 1
400.34 409.69 244.12 187.97 1.6468 1
