139.12 574.12 479.01 478.97 1.2787 1
638.99 638.98 411.63 147.88 1.2562 1
359.22 211.62 340.01 301.63 8.3708 1
213.29 161.19 300.68 140.55 8.0478 1
434 360.46 5.8212 0.47704 3.9903 1
378.89 434.28 131.52 7.386 6.2538 1
159.74 263.28 142.03 25.732 7.1734 1
165.06 360.29 142.14 177.12 4.2536 1
431.94 420.42 30.288 154.25 5.7822 1
372.53 368.17 309.01 321.73 4.7952 1
422.75 373 155.33 308.76 7.4848 1
364.97 363.87 320.55 333.9 11.11 1
435.36 432.43 12.872 26.795 4.1843 1
360.97 361.02 177.88 322.87 5.0005 1
451.67 500.4 27.35 31.276 2.4919 1
507.93 435.37 34.711 29.203 2.9659 1
502.68 505.38 31.495 1.5127 3.7349 1
510.49 507.92 1.5323 32.879 3.5129 1
