268.76 246.17 336.32 177.58 4.6563 1
284.03 320.33 24.67 30.668 3.1086 1
326.65 277.87 35.239 26.659 4.4231 1
638.99 638.98 411.63 149.13 1.2573 1
139.12 574.12 479 478.98 1.2701 1
335.36 401.98 35.447 48.599 4.4681 1
390.35 324.24 49.238 37.232 4.7077 1
431.79 456.64 56.281 51.71 3.8856 1
264.37 283.35 10.394 25.431 4.861 1
462.07 474.31 43.172 32.86 4.2747 1
463.05 434.52 52.224 60.497 3.9134 1
410.4 561.79 250.4 100.55 4.4598 1
561.24 520.82 102.44 252.99 4.5454 1
513.74 508.97 1.3867 34.102 4.4586 1
236.71 264.41 2.5195 9.1929 4.0267 1
481.2 466.63 34.5 41.639 3.3673 1
261.75 226.65 10.879 5.2273 4.6127 1
277.64 262.19 25.644 12.229 3.4552 1
245.69 423.77 177.13 66.054 4.4321 1
466.06 461.1 44.93 51.207 2.6819 1
414.61 390.55 57.703 49.845 4.68 1
485.2 490.85 25.622 1.1566 9.6543 1
1.5096 51.478 12.369 0.98084 4.2572 1
318.23 335.34 30.154 34.283 3.5614 1
557.48 559.4 13.218 1.4657 4.5046 1
142.85 90.288 25.254 36.209 3.5163 1
402.68 420.36 49.929 54.197 3.3519 1
96.739 154.06 32.118 18.864 3.6676 1
392.31 268.18 416.83 336.16 7.9123 1
190.49 142.91 10.794 24.239 3.3987 1
173.85 224.06 11.291 2.5164 3.6704 1
154.13 173.04 17.893 12.157 2.8627 1
521.96 397.69 254.39 415.24 6.0643 1
225.46 191.49 5.9992 10.654 3.4446 1
1.5045 96.316 47.166 31.054 3.8664 1
509.14 485.37 36.131 35.891 7.6633 1
424.89 443.79 45.766 41.411 4.1255 1
92.951 1.4561 34.554 50.666 3.5619 1
523.76 524.96 1.4931 9.5583 3.3279 1
446.3 423.68 44.115 49.867 4.3112 1
624.05 639.26 55.731 54.428 3.3096 1
434.56 423.46 64.46 59.147 3.4307 1
485.37 502.95 41.775 42.803 2.4957 1
424.45 411.57 58.552 57.169 6.081 1
485.48 435.28 74.837 64.581 3.1737 1
66.189 1.5576 1.0335 16.341 4.7054 1
559.98 466.39 99.473 76.311 4.805 1
434.22 482.97 61.153 71.188 3.0246 1
574.67 567.25 1.7955 25.571 3.6561 1
444.12 461.64 41.867 42.393 1.7367 1
479.04 466.63 48.42 46.573 3.1572 1
600.39 565.39 45.181 42.727 3.0414 1
566.6 606.52 39.505 42.041 4.5146 1
639.27 630.34 59.035 58.522 3.8155 1
536.48 554.78 14.258 34.791 2.9006 1
459.11 446.58 45.589 44.68 3.2173 1
547.08 532.12 31.051 13.516 3.3848 1
250.87 410.23 179.3 253.18 3.9802 1
619.95 610.81 1.3606 16.122 2.7836 1
249.86 265.9 181.52 294.05 2.3166 1
605.44 615.55 42.675 46.096 7.5051 1
476.8 481.08 67.912 47.759 4.8909 1
614.98 623.05 48.33 55.361 3.2849 1
630.23 615.79 42.108 37.742 3.0059 1
554.18 581.71 82.587 87.371 3.1573 1
628 616.33 59.992 56.318 3.5769 1
550.47 539.01 40.75 43.674 2.1383 1
577.73 542.94 89.935 83.775 2.3204 1
620.32 639.3 35.573 41.019 2.5805 1
541.63 555.38 9.6594 9.8195 2.6017 1
531.61 549.18 50.305 46.919 2.2184 1
560.37 545.36 15.364 15.265 3.8244 1
618.12 601.21 54.953 45.177 3.3643 1
524.12 544.41 26.655 29.809 3.0204 1
616.36 629.04 42.764 45.747 3.6504 1
409.93 406.83 259.21 287.9 2.6548 1
401.83 401.11 336.64 346.68 1.25 1
586.65 560.34 122.78 116.8 2.1054 1
401.2 394.88 346.58 407.82 2.8318 1
406.84 402.34 289.03 336.57 2.4201 1
517.96 490.44 79.719 76.107 2.1534 1
639.03 616.55 28.071 26.549 3.4882 1
