467.73 449.73 102.72 262.8 5.5575 1
638.97 639 412.87 146.62 1.2715 1
136.63 574.13 478.98 478.99 1.254 1
210.41 181.03 222.61 78.991 4.4817 1
449.6 357.18 262.31 326.17 6.3357 1
57.943 74.594 10.201 16.667 3.5635 1
21.654 40.314 15.322 25.487 3.5966 1
183.84 349.62 79.769 154.27 6.6464 1
349.78 466.77 154.04 102.28 8.0018 1
64.011 70.061 1.0774 13.629 5.6301 1
576.14 578.62 3.0126 11.768 5.492 1
181.79 289.07 78.468 48.92 4.9583 1
19.061 23.224 2.8965 15.257 3.1796 1
362.44 216.24 335.98 229.95 9.8183 1
72.71 69.256 11.679 1.171 2.7985 1
580.47 639.32 12.138 14.905 11.766 1
567.78 575.32 2.491 3.3475 5.1091 1
28.452 23.266 15.673 3.9521 3.2979 1
72.847 75.453 1.2207 9.0991 2.7752 1
485.47 461.61 4.2726 3.3552 4.9003 1
85.709 95.419 12.213 6.7024 4.656 1
348.33 343.44 319.11 160.36 2.8632 1
447.08 461.75 260.43 129.14 1.9873 1
288.84 461.39 48.841 99.931 4.7672 1
609.32 551.44 25.541 15.151 5.4579 1
346.31 349.11 159.13 262.88 2.2292 1
461.74 431.65 4.1837 1.3189 2.9627 1
550.49 486.52 14.457 6.1836 3.5158 1
514.16 560.46 5.1797 12.335 3.0325 1
639.19 610.23 28.405 25.769 4.0761 1
450.35 448.12 272.7 289.16 5.46 1
390.29 362.45 338.3 332.36 6.4541 1
486.54 512.84 2.3075 5.6262 2.3354 1
85.624 66.765 48.153 51.231 4.3051 1
133.04 107.48 20.683 33.326 4.9996 1
417.91 430.48 156.82 154.8 2.4397 1
420.41 435.48 132.97 128.2 3.575 1
150.35 169.21 5.2075 2.1168 1.679 1
639.13 591.62 2.4711 1.7708 2.5734 1
66.631 1.6254 50.03 50.444 2.8419 1
350.37 350.37 292.88 309.13 1.25 1
135.04 134.59 12.941 19.248 3.9196 1
69.831 75.086 24.678 41.714 3.4943 1
