451.02 457.45 135.03 146.85 4.0858 1
132.64 437.88 115.32 145.29 4.8578 1
442.26 439.55 244.01 229.05 2.5686 1
136.62 575.37 478.99 478.98 1.2628 1
443.31 451.24 178.92 195.56 4.3568 1
638.98 638.98 412.87 146.62 1.2526 1
453.74 461.56 109.86 122.91 5.1474 1
437.56 445.44 220.53 236.59 3.3881 1
172.8 132.19 278.83 116.17 5.4549 1
451.06 446.35 196.4 208.26 4.4272 1
457.81 450.6 147.84 161.74 5.4692 1
461.51 452.69 124.04 135.85 5.7659 1
438.35 436.54 157.81 180.37 3.6907 1
439.79 439.14 144.08 151.73 2.8054 1
266.59 455.33 67.204 79.835 4.6839 1
436.1 420.67 180.46 320.27 5.244 1
456.47 451.5 81.368 108.54 7.8272 1
432.87 352.87 7.9584 6.9081 2.7623 1
329.13 434.14 3.1143 4.1453 4.7194 1
402.92 339.08 12.573 10.873 3.5823 1
639.13 504.12 3.261 2.5383 4.0979 1
444.68 434.42 242.84 258.07 5.1632 1
396.65 511.7 8.9286 22.255 3.423 1
447.89 464.24 5.4693 2.2285 4.6616 1
519.02 404.03 26.263 12.444 3.5153 1
339.16 265.39 9.8196 5.093 3.4397 1
445.68 437.1 208.07 215.76 3.7208 1
464.03 499.4 11.113 4.3175 7.5526 1
234.11 326.67 2.1453 5.4979 3.1496 1
454.31 433.07 10.138 7.5392 5.7744 1
261.64 224.05 6.2671 4.3431 3.5534 1
435.05 181.74 327.33 284.69 9.6464 1
512.71 583.85 22.756 33.438 3.3438 1
577.98 520.48 35.908 27.167 3.4695 1
639.15 576.55 38.454 35.799 3.8748 1
446.43 444.55 165.18 179.18 4.1213 1
449.82 443.22 117.53 131.78 10.484 1
204.18 142.9 7.1833 2.4897 3.5377 1
500.29 462.95 10.821 14.81 4.0425 1
157.86 219.12 2.25 3.2619 3.0777 1
222.94 205.26 4.9644 6.282 2.8106 1
351.63 395.38 8.9709 9.4369 1.3298 1
584.12 639.14 32.982 34.899 3.4125 1
463.03 455.09 7.2604 9.1722 4.2309 1
442.14 442 189.13 202.89 5.0507 1
176.81 176.03 299.19 286.58 5.1438 1
436.25 437.09 230.3 240.44 3.1096 1
164.26 137.77 122.7 120.22 3.6171 1
261.64 246.62 130.7 130.51 1.4397 1
245.43 165.39 129.7 122.71 3.9417 1
424.88 428.3 195.33 156.66 2.16 1
299.09 262.87 134.6 131.71 1.5443 1
134.42 176.59 113.3 84.072 2.8479 1
420.78 421.91 236.65 220.39 1.42 1
423.32 423.57 211.63 200.36 1.4733 1
210.39 230.38 63.548 64.059 1.5371 1
