638.98 638.98 412.87 147.87 1.25 1
330.85 323.57 16.364 3.1833 4.1159 1
136.62 574.12 479.02 479 1.2685 1
294.09 294.35 381.63 346.62 2.7583 1
524.35 481.09 226.67 449.02 7.3667 1
339.5 307.57 46.129 39.302 6.9039 1
294.07 293.07 465.43 442.76 5.1047 1
294.77 295.69 345.39 237.9 4.6397 1
315.32 329.7 10.414 31.225 6.1696 1
294.55 293.82 392.99 387.74 7.2578 1
293.15 293.48 406.66 394.04 8.6822 1
137.89 148.05 69.09 72.329 2.382 1
480.35 473.56 1.4401 93.992 5.3994 1
183.64 197.61 11.072 20.753 4.1098 1
293.18 292.48 441.67 404.06 7.7338 1
573.24 607 1.0126 90.232 3.6026 1
295.85 293.42 239.27 226.52 4.1521 1
347.93 340.07 44.938 43.866 6.6991 1
302.89 312.9 75.367 89.104 5.1555 1
108.95 135.53 68.632 74.718 4.2135 1
609.49 577.4 86.486 1.3332 3.5902 1
347.2 349.81 28.965 38.378 6.1098 1
333.28 336.82 54.245 79.274 4.6002 1
522.76 526.07 221.01 228.13 3.2049 1
234.02 226.13 64.212 54.528 4.1267 1
216.6 213.8 71.63 60.149 3.0218 1
1.6141 109.13 77.427 77.998 4.135 1
159.15 169.19 81.292 81.928 2.7296 1
194.27 182.89 63.303 64.27 3.9483 1
260.47 270.67 65.284 76.351 2.205 1
351.26 351.03 11.638 27.848 5.0535 1
356.82 358 30.465 11.477 6.6282 1
364.62 358.3 71.971 58.256 2.6041 1
185.12 204 21.048 28.208 3.5463 1
133 106.72 55.923 51.116 3.9281 1
341.49 339.69 83.053 69.052 3.2755 1
260.23 255.42 62.222 54.099 3.2859 1
301.26 319.11 37.164 49.147 3.1579 1
362.41 363.69 6.5518 20.299 4.4274 1
292.22 274.14 7.2089 1.5617 7.3815 1
201.15 199.38 77.948 66.395 4.4638 1
342.6 343.77 62.799 77.902 2.3962 1
170.36 149.1 24.395 23.532 2.9035 1
223.44 221.83 75.564 59.105 3.368 1
296.88 302.13 31.472 40.064 3.6127 1
151.48 154.32 65.1 76.576 3.9534 1
150.39 169.59 20.488 18.415 7.4216 1
314.63 312.19 27.979 10.471 4.834 1
227.12 233.53 1.0385 20.155 5.9196 1
207.94 204.95 58.12 74.278 6.601 1
360.7 362.98 22.816 35.579 4.57 1
181.63 179.68 77.875 67.535 3.4537 1
123.76 135.56 8.2362 20.175 4.4444 1
224.93 226.13 57.806 71.774 3.5229 1
320.68 310.09 67.841 65.31 4.4506 1
333.44 323.67 75.999 67.132 3.3589 1
413.67 522.96 125.89 222.61 6.1219 1
171.79 151.53 4.339 2.9004 7.3926 1
258.48 263.8 1.8572 16.741 5.9709 1
379.16 380.32 2.8091 25.378 5.6335 1
372.66 374.5 18.904 6.6817 6.7393 1
154.07 174.14 27.871 27.005 3.6387 1
280.9 280.36 287.89 232.86 3.7127 1
266.54 290.54 26.114 28.995 3.8722 1
296.64 520.4 230.06 225.37 9.5267 1
138.1 150.86 36.391 65.022 5.3226 1
465.18 474.43 92.855 1.4032 9.7839 1
105.92 97.388 56.348 0.92995 8.5463 1
136.81 132.96 74.378 58.152 4.8649 1
192.63 206.62 16.261 17.891 6.931 1
218.51 221.49 12.687 2.8354 7.0695 1
479.8 486.29 75.434 1.4859 3.6508 1
183.14 178.25 6.3717 1.2689 3.2241 1
280.6 279.03 231.65 170.35 3.9407 1
294.08 285.42 225.58 171.42 3.4053 1
316.11 332.93 47.836 51.343 4.8429 1
398.21 385.52 4.7074 8.363 8.918 1
250.55 256.19 13.628 1.4244 7.7713 1
364.9 366.86 41.539 30.644 4.2545 1
337.84 350.37 51.685 51.332 3.8189 1
350.33 364.11 50.307 41.594 5.0021 1
288.3 280.37 399 289.13 4.6403 1
279.08 294.17 19.547 19.922 7.4977 1
624.03 610.24 1.1995 85.352 11.627 1
384.08 399.16 31.785 31.11 2.9441 1
103.44 110.86 1.311 14.556 7.0683 1
312.92 304 4.4287 5.7771 9.0253 1
127.22 130.91 58.068 70.587 2.8328 1
409.41 409.42 22.875 9.1239 6.2525 1
487.06 538 81.901 0.91531 3.72 1
507.36 480.71 32.068 76.069 3.8249 1
109.76 107.55 64.563 55.158 6.3702 1
280.57 278.34 162.86 127.85 6.8514 1
425.28 296.56 452.3 459.23 9.7006 1
525.82 510.54 1.1452 26.724 3.4698 1
147.98 153.41 12.777 18.624 3.6621 1
179.13 159.12 110.72 110.6 3.8189 1
385.29 396.68 19.931 20.419 4.1209 1
475 478.93 452.38 469.17 7.3027 1
279.17 279.08 169.14 164.11 2.5819 1
152.86 162.88 8.5569 8.7402 2.6367 1
618.78 615.92 91.466 75.279 3.693 1
279.12 415.38 127.4 127.78 6.504 1
260.25 260.19 54.126 44.119 2.5443 1
591.79 569.65 59.061 1.4248 2.5118 1
151.79 144.96 57.006 37.58 3.0587 1
148.85 120.15 106.26 97.333 2.5451 1
134.46 138.65 26.47 35.592 2.3642 1
403.79 404.1 79.164 91.657 4.9675 1
554.13 487.88 83.768 83.394 2.5141 1
137.79 144.2 13.05 12.52 5.0817 1
261.07 260.76 91.636 75.391 2.5233 1
484.08 505.4 92.632 93.577 3.1614 1
285.24 283.86 170.62 162.92 2.2785 1
339.31 320.48 113.27 111.63 6.0633 1
332.92 334.75 82.764 104.07 3.5224 1
477 475.15 468.21 477.1 6.3736 1
504.11 545.37 93.309 94.366 2.4351 1
619.09 639.17 76.483 76.038 10.386 1
25.39 1.6256 85.725 85.336 1.475 1
204.04 179.29 107.23 110.39 4.3536 1
385.36 395.39 26.144 25.87 1.4891 1
311.78 289.15 109.54 105.26 4.8455 1
285.36 266.65 102.98 100.23 3.2002 1
299.13 299.13 239.13 257.88 1.25 1
299.13 299.13 266.63 305.38 1.25 1
321.11 312.51 111.68 109.09 6.2299 1
405.22 406.49 42.892 54.14 6.4914 1
259.74 260.11 46.645 35.366 3.8737 1
574.13 556.63 84.125 84.125 1.25 1
381.63 365.36 105.01 104.65 6.3873 1
401.64 381.82 100.52 102.39 7.1607 1
630.79 628.38 1.5023 17.949 2.8355 1
296.63 296.63 406.63 434.13 1.25 1
435.19 425.19 448.38 450.89 4.246 1
354.4 339.7 108.9 112.88 6.8867 1
