638.97 638.98 412.87 146.62 1.2531 1
136.62 574.12 479 478.97 1.2788 1
605.19 528.94 96.006 272.79 4.8623 1
531.03 522 267.44 270.3 6.274 1
230.8 220.54 201.68 55.276 4.6777 1
234.99 238.36 193.03 174.21 3.6915 1
237.65 235.34 125.11 137.87 2.8011 1
231.3 235.85 140.3 120.2 3.7024 1
229.14 235 106.63 89.001 2.7749 1
239.16 238.94 182.88 195.37 2.6516 1
235.72 232.7 95.178 109.09 3.2385 1
221.79 494.39 53.676 31.099 7.188 1
243.46 240.43 223.72 237.89 3.5817 1
234.7 231.25 237.13 215.44 5.8375 1
231.7 230.81 215.28 202.75 4.2753 1
246.24 222.6 93.123 56.801 3.9917 1
280.15 603.29 145.07 98.216 7.9045 1
235.11 229.61 121.3 104.8 5.1389 1
244.15 236.69 101.57 97.739 3.907 1
520.09 265.47 274.08 340.73 12.547 1
523.31 525.06 273.17 292.68 8.8117 1
276.68 236.08 334.1 237.91 6.1693 1
235.91 243.69 137.82 150.64 4.3129 1
277.63 276.96 327.88 147.87 5.1024 1
236.67 243.4 91.55 95.786 3.8395 1
251.17 239.52 135.99 127.34 5.0185 1
241.08 235.27 209.33 193.7 3.8154 1
239.21 252.26 195.18 209.68 5.0185 1
210.62 232.65 250.75 236.28 7.0421 1
494.15 603.65 31.184 96.175 7.5939 1
529.23 560.62 264.17 191.73 1.6439 1
238.21 232.77 151.47 139.75 3.9279 1
256.89 237.96 163.73 150.83 5.2568 1
241.73 245.84 235.72 249.36 2.9804 1
251.96 242.38 190.03 180.89 3.6172 1
573.68 586.7 161.44 130.41 1.3378 1
258.22 241.61 218.65 206.65 3.4905 1
262.45 257.45 121.46 133.95 3.7111 1
243.64 252.76 148.51 155.52 3.8049 1
288.6 287.93 152.87 230.38 1.8914 1
237.15 250.77 115.23 124.18 5.9108 1
277.1 265.45 142.59 122.83 2.7332 1
