135.37 574.12 479 478.98 1.2663 1
176.29 446.5 89.78 137.33 4.9268 1
205.89 174.34 246.27 90.08 5.0602 1
638.98 638.98 411.63 147.88 1.2524 1
484.29 464.86 116.85 240.49 5.6448 1
174.11 256.67 89.105 46.712 3.7566 1
352.84 490.15 59.379 77.083 4.7521 1
600.37 639.13 1.6806 1.7111 1.2677 1
477.93 385.35 11.098 1.8462 3.8541 1
535.35 553.13 6.5121 2.8426 5.9471 1
501.68 451.64 7.0226 3.939 2.6073 1
435.39 520.42 1.0747 3.9099 4.2061 1
490.55 484.17 77.699 116.63 5.5612 1
639.43 478.99 35.971 9.9275 3.9511 1
470.34 457.34 195.34 207.4 3.2759 1
478.94 466.3 109.86 114.5 3.6389 1
552.59 592.44 12.192 6.2313 9.3933 1
639.17 596.67 5.1109 3.8745 3.3122 1
422.96 213.73 315.49 252.53 9.3854 1
435.38 447.88 5.375 5.375 1.25 1
451.54 415.39 4.0023 1.4036 2.4118 1
446.19 432.24 158.77 274.35 5.9674 1
527.94 502.85 8.0543 7.3246 5.1069 1
468.16 478.14 108.97 106.4 3.2828 1
492.89 630.47 9.0422 31.033 3.708 1
467.92 468.24 195.38 184.1 2.7104 1
469.17 471.35 178.19 186.37 3.6244 1
461.17 461.91 237.93 226.64 2.8994 1
446.69 491.72 5.7756 9.1556 2.4296 1
474.31 462.78 134.43 141.46 4.5033 1
433.14 428.7 294.47 311.51 9.3623 1
448.45 445.45 135.29 159.29 4.3404 1
551.66 531.61 10.289 10.566 7.6199 1
463.26 464.92 220.52 230.24 3.0711 1
436.46 422.86 318.41 314.16 8.053 1
417.92 411.54 310.85 310.46 3.8201 1
488.18 474.44 80.599 99.358 1.747 1
591.57 550.37 13.354 16.547 4.5021 1
631.43 639.32 31.648 32.843 2.7715 1
450.6 460.3 246.86 237.9 2.3415 1
207.17 208.4 264.34 254.04 4.5204 1
461.09 437.03 245.12 294.97 3.6118 1
370.26 180.3 127.28 94.547 3.5787 1
458.56 449.63 146.25 159.89 1.8062 1
432.41 430.08 275.15 293 4.2023 1
448.65 460.71 156.33 137.3 2.4237 1
469.62 457.54 155.06 160.94 4.0109 1
453.05 436.49 316.16 317.59 6.9794 1
257.85 331.62 46.785 56.653 3.0539 1
214.2 241.54 103.71 108.39 1.8313 1
431.01 433.45 202.79 184.04 1.9955 1
427.39 427.88 246.61 234.13 1.4471 1
