446.45 442.75 190.44 180.42 3.2107 1
456.52 452.22 116.68 108.8 3.7921 1
450.3 456.72 128.57 142.24 4.323 1
170.06 126.9 277.63 112.48 4.8255 1
453.25 447.32 142.1 131.24 3.4936 1
439.2 446.59 204.17 191.61 4.2475 1
457.49 446.4 142.59 157.71 4.8339 1
447.42 452.69 151.35 142.76 2.841 1
437.36 168.81 322.5 281.15 9.913 1
135.37 572.87 479 478.97 1.2793 1
128.98 437.93 112.1 138.52 4.7915 1
638.99 638.99 412.87 147.87 1.253 1
441.65 437.34 235.37 223.06 3.2434 1
450.06 459.44 100.9 112.9 5.5676 1
437.52 444.48 216.79 232.03 4.028 1
442.68 436.52 137.71 190.51 7.1205 1
440.79 449.31 173.5 184.92 3.7531 1
437.38 433.89 190.91 205.62 6.3698 1
449.08 441.91 194.1 206.05 3.6457 1
458.84 451.04 119.92 129.44 5.0062 1
453.33 450.59 73.983 89.385 4.3482 1
433.07 430.73 219.28 241.53 5.693 1
433.83 433.8 207.87 215.38 3.7659 1
126.73 171.7 111.77 77.98 2.5158 1
442.89 435.42 237.88 251.65 3.7032 1
245.38 452.78 60.339 72.056 4.696 1
451.43 444.55 91.09 125.71 6.3493 1
432.1 440.49 249.43 236.24 2.9705 1
390.4 301.62 4.412 1.8326 2.9555 1
430.38 421.97 241.63 315.27 4.151 1
441.15 435.18 205.94 210.1 3.6588 1
436.76 391.57 8.8416 4.7439 3.2865 1
449.12 465.33 2.7773 1.1555 2.3632 1
547.76 436.51 23.732 8.7596 3.742 1
370.38 397.89 1.4364 2.075 1.3657 1
399.06 506.61 2.2336 14.288 3.2873 1
337.88 369.13 1.625 1.625 1.25 1
485.34 449.19 1.3657 5.8642 4.3444 1
639.17 546.64 29.29 25.147 4.6781 1
555.27 590.37 22.292 24.128 3.2224 1
590.41 639.16 24.1 25.469 3.2923 1
506.72 554.27 14.721 21.879 3.15 1
447.91 430.47 5.2426 1.2328 3.739 1
138.99 172.35 145.41 273.94 2.128 1
426.62 430.32 187.87 150.37 2.8722 1
257.9 222.82 126.31 123.63 3.161 1
192.87 174.11 120.69 120.52 2.5108 1
425.23 425.82 207.87 190.39 1.4181 1
290.38 259.16 129.08 126.25 1.25 1
176.51 132.77 120.45 116.53 4.1623 1
437.8 427.97 316.27 318.32 3.4145 1
223.01 205.31 124.17 122.21 3.3088 1
175.17 173.83 300.55 289.31 3.2206 1
421.13 424.14 245.33 210.38 1.5244 1
430.55 433.34 216.64 187.92 1.2779 1
430.67 429.42 172.79 186.54 2.1506 1
