543.71 500.11 102.46 276.24 5.7666 1
136.62 575.37 478.99 478.98 1.2572 1
638.99 638.96 412.88 147.88 1.2757 1
176.78 169.56 111.17 89.805 7.5217 1
505.19 242.32 277.3 362.42 9.8543 1
170.64 444.24 89.432 43.567 6.1783 1
242.71 234.28 358.56 324.09 9.1739 1
211.38 200.37 195.45 157.88 6.0827 1
235.94 210.7 323.26 196.31 4.9318 1
493.58 538.05 24.041 45.004 4.667 1
443.6 542.68 42.508 101.54 5.9379 1
201.96 174.48 236.83 112.8 3.939 1
199.16 178.91 157.86 111.01 4.5028 1
481.93 452.13 23.61 9.4525 4.7992 1
561.07 500.82 57.42 33.025 4.6059 1
455.54 493.36 8.0304 23.506 4.9941 1
538.8 579.82 43.489 65.175 4.0398 1
501 483.08 31.664 22.481 5.0198 1
561.88 552.32 61.272 54.405 2.7596 1
291.94 540.13 156.84 103.01 6.741 1
114.16 1.5721 2.2059 9.5653 4.8591 1
639.31 579.84 99.964 72.801 4.8164 1
589.15 635.38 69.17 68.254 4.9743 1
45.407 89.083 4.5253 1.0867 2.2272 1
626.64 597.86 74.217 73.872 5.1643 1
216.68 201.2 288.24 237.52 5.4729 1
573.17 561.16 67.404 59.86 4.262 1
594.27 639.55 76.25 94.32 4.1607 1
1.6006 35.362 5.3103 4.6825 2.639 1
230.38 217.5 324.93 288.45 4.4386 1
639.47 625.79 70.774 73.613 4.596 1
634.14 595.39 62.703 60.159 3.4962 1
176.54 182.31 110.4 132.7 1.6057 1
605.41 639.34 56.191 59.294 4.9715 1
32.859 16.615 2.0455 2.3592 1.5394 1
209.08 291.7 175.18 156.97 4.0556 1
521.53 527.04 177.85 156.73 1.5254 1
510.13 520.93 224.07 180.51 1.794 1
527.54 532.53 154.04 134.04 1.5241 1
535.71 538.63 122.94 107.78 1.25 1
589 604.2 59.655 57.067 2.2813 1
