527.9 520.86 133.79 159.93 5.7095 1
137.87 575.37 479 478.97 1.2741 1
638.99 638.98 412.88 149.13 1.259 1
520.56 481.73 161.35 309.15 5.1963 1
156.78 445.53 88.371 63.423 4.8921 1
199.13 158.04 361.35 177.28 5.1469 1
484.35 200.94 312.83 365.89 10.101 1
577.41 606.09 69.099 86.719 4.5167 1
157.6 156.5 176.64 89.111 4.3935 1
445.82 528.22 62.566 132.69 4.3541 1
456.61 322.88 2.1078 2.8914 3.2836 1
537.38 575.82 47.453 70.473 4.7318 1
502.39 537.33 30.151 46.532 3.5736 1
541.5 505.84 51.898 35.616 3.7825 1
599.2 575.99 86.488 73.063 5.0715 1
605.9 624.74 88.017 97.849 3.2758 1
574.95 533.89 73.646 50.789 5.2004 1
626.8 639.28 98.544 102.35 2.857 1
357.88 384.13 1.625 1.625 1.25 1
160.37 525.4 176.59 133.06 4.4806 1
490.6 461.65 9.3992 2.751 3.4741 1
623.87 639.41 94.477 90.142 3.0241 1
472.98 497.84 1.309 9.2256 3.3011 1
639.29 626.57 93.671 96.371 3.0392 1
630.65 639.5 108.62 113.43 2.8872 1
639.63 618.58 118.43 103.15 4.4069 1
614.77 597.73 102.34 87.832 5.1443 1
501.6 500.41 31.839 17.766 4.6653 1
137.88 1.6153 1.6978 2.5152 2.6724 1
501.71 491.01 16.485 10.158 3.6219 1
503.49 504.48 15.214 26.702 3.6293 1
311.66 272.86 78.274 81.445 1.7549 1
503.76 516.76 212.78 164.16 1.6995 1
267.84 252.88 82.235 82.972 1.6174 1
490.94 484.6 304.6 312.23 3.857 1
470.49 446.89 87.74 67.563 1.5013 1
362.85 345.35 73.742 75.046 1.3394 1
421.66 410.4 68.2 69.328 1.6173 1
