638.98 638.98 412.88 146.63 1.2589 1
137.87 575.37 479.01 478.97 1.2848 1
486.72 175.32 306.37 319.07 11.48 1
556.51 484.55 123.08 303.04 6.052 1
155.08 167.28 81.373 69.696 5.1861 1
176.56 485.27 29.58 41.839 5.5327 1
154.99 154.4 96.688 81.566 6.1001 1
187.26 156.98 314.41 118.68 7.8552 1
167.25 175.74 69.961 31.43 5.1133 1
161.86 154.55 103.85 96.217 4.4752 1
484.08 555.92 41.505 123.81 7.0164 1
157.11 160.26 118.97 103.59 6.6243 1
162.66 165.92 95.083 78.736 5.145 1
160.35 552.89 119.3 125.35 5.3495 1
477.77 473.3 314.22 324.31 6.971 1
224.13 204.13 34.125 34.125 1.25 1
