638.97 638.99 412.87 147.87 1.2617 1
135.37 572.87 479 478.98 1.2706 1
469.36 439.69 132.48 302.76 6.7551 1
440.33 322.44 301.53 357.11 7.3486 1
315.18 469.68 178.46 133.54 5.5753 1
564.27 639.33 0.71622 12.834 6.0872 1
89.496 97.981 2.7253 4.9754 2.7527 1
205.54 183.52 223.91 76.343 6.4581 1
584.83 510.45 15.688 1.2522 11.976 1
636.38 584.67 25.476 16.109 11.417 1
184.33 305.63 74.14 54.419 4.3334 1
514.11 545.37 19.577 19.79 3.8689 1
545.65 526.58 25.604 23.26 4.6579 1
187.92 318.42 77.811 176.7 7.5734 1
327.19 209.9 369.71 231.85 10.315 1
304.82 466.78 55.174 132.66 5.8368 1
492.58 464.4 17.432 7.1356 3.1842 1
319.77 320.02 354.13 310.37 1.5022 1
639.63 568.06 49.545 32.109 4.4835 1
525.39 492.94 24.061 17.574 3.1891 1
190.13 153.56 8.5002 22.656 4.3605 1
567.61 546.43 32.679 27.428 3.0491 1
411.89 390.4 198.72 205.47 2.6908 1
414.29 397.83 170.86 176.49 2.7398 1
418.47 411.73 237.4 246.7 2.758 1
438.87 435.06 311.34 331.57 5.6073 1
74.11 34.105 27.999 23.037 2.9329 1
480.19 512.66 9.8191 18.669 2.9607 1
364.28 322.77 192.11 205.05 2.0907 1
425 416.72 187.53 196.71 2.7856 1
105.46 77.856 30.683 28.076 2.7722 1
407.91 428.17 161.84 158.37 4.7179 1
314.04 314.06 347.87 307.87 1.2638 1
466.71 479.83 3.9267 9.2267 2.8084 1
547.8 623.03 24.483 40.907 3.1737 1
460.19 415.42 143.5 156.78 2.2648 1
131.63 116.63 32.866 32.632 3.8274 1
409.15 422.99 188.09 186.18 2.8185 1
371.99 383.04 173.62 168.22 3.3705 1
313.96 313.94 306.63 289.13 2.4987 1
332.95 325.53 367.76 362.65 6.1748 1
122.01 127.3 1.5298 23.016 3.886 1
150.2 132.75 24.967 32.587 3.2262 1
321.72 356.54 201.93 191.34 2.4972 1
343.17 333.45 370.87 367.12 6.2816 1
509.29 495.3 3.8752 2.3533 4.2687 1
623.77 639.24 41.533 46.259 2.7562 1
119.11 106.49 31.826 30.845 4.1264 1
402.8 381.64 180.13 186.68 1.4797 1
446.41 449.64 245.34 225.46 1.2658 1
320.38 320.38 305.38 280.38 1.25 1
359.14 376.56 190.43 185.17 1.8069 1
314.54 312.42 271.6 241.66 2.9462 1
313.63 312.89 239.14 214.12 1.9525 1
