638.97 638.99 412.87 146.62 1.2617 1
136.62 574.12 478.99 478.97 1.2679 1
288.65 545.73 149.99 75.349 4.9954 1
179.24 427.7 57.305 16.788 4.6687 1
484.12 328.94 241.62 321.32 9.5613 1
547.26 483.33 75.9 240.06 5.4315 1
180.66 178.76 84.105 57.722 4.6357 1
192.96 181.13 245.37 88.973 4.8781 1
209.39 205.53 115.61 99.089 3.2074 1
274.01 193.28 345.47 245.29 4.6776 1
260.74 287.23 126.2 148.64 4.3314 1
427.18 548.54 16.845 74.121 3.798 1
251.72 216.97 137.61 124.46 3.0648 1
213.86 211.92 251.65 234.09 3.5854 1
212.33 209.77 202.95 185.28 3.371 1
250.21 228.86 168.37 161.15 2.0381 1
285.31 267.38 342.74 350.8 10.311 1
212.14 207.03 150.56 130.27 3.6276 1
214.74 217.42 240.21 250.16 2.6469 1
212.22 219.41 191.91 208.3 3.2141 1
329.27 289.93 320.58 340.83 8.581 1
213.94 224.19 233.3 237.72 3.2855 1
297.29 282.93 155.33 339.13 2.8978 1
207.54 220.7 97.343 103.42 3.9285 1
209.84 228.1 129.33 136 4.6061 1
248.71 221.08 274.97 261.5 3.0233 1
184.61 205.34 87.453 106.66 3.062 1
212.44 224.36 185.3 189.74 4.5242 1
292.5 294.49 179.21 159.16 2.4878 1
283.59 292.71 299.08 181.61 2.5782 1
211.12 217.12 138.14 149.52 2.9737 1
240.17 261.39 110.43 129.05 7.5345 1
220.43 235.9 209.04 219 3.2267 1
230.26 246.99 269.39 277.08 2.1798 1
228.17 212.71 142.29 134.45 3.3446 1
225.77 212.42 218.79 203.07 4.5675 1
224.45 212.72 109.65 104.47 3.1654 1
219.1 239.8 92.906 110.62 7.0399 1
286.53 251.52 159.24 129.24 2.44 1
231.98 215.23 201.06 190.61 3.3058 1
284.33 240.36 182.78 142.89 2.7572 1
203.04 184.5 108.95 91.234 2.6307 1
176.28 194.14 266.37 250.25 7.8087 1
217.83 232.81 150.44 160.47 3.1056 1
219.26 242.77 121.32 131.86 2.4003 1
384.08 371.73 126.43 129.55 2.0789 1
639.23 618.01 12.323 8.3822 3.2836 1
224.55 212.98 161.22 148.96 3.736 1
241.65 283.04 140.35 177.69 2.5817 1
217.11 210.9 123.74 115.96 3.1274 1
212.02 219.02 112.37 120.46 2.3265 1
272.47 284.31 143.33 153.92 2.0618 1
416.54 385.43 116.33 125.57 2.622 1
244.45 226.5 122.51 106.77 2.5879 1
480.59 473.1 250.52 261.77 4.509 1
217.58 227.38 250.63 262.05 1.6279 1
192.03 204.21 194.85 209.06 1.6807 1
260.47 272.15 132.78 143.56 1.9081 1
437.87 419.18 110.36 115.58 1.6844 1
282.29 282.71 317.89 302.87 1.5333 1
281.83 284.37 227.89 184.14 2.0433 1
220.4 195.19 231.61 203.04 1.9303 1
205.44 232.39 210.32 240.8 2.3069 1
271.3 255.16 234.45 218.09 1.25 1
203.85 219.35 78.202 91.358 2.0505 1
