638.98 638.98 412.88 146.63 1.2536 1
314.91 331.91 328.04 123.11 5.8097 1
136.62 575.37 478.99 478.98 1.2574 1
558.24 556.1 151.33 157.7 3.8878 1
555.1 486.41 157.85 353.17 7.4191 1
330.6 355.56 127.33 22.919 4.7027 1
495.07 557.86 40.005 151.09 4.6837 1
317.29 314.97 351.3 328.91 7.7174 1
488.01 317.37 354.25 333.23 7.7925 1
333.7 554.36 125.25 150.87 7.0497 1
607.92 639.19 7.2235 9.4355 3.9291 1
639.24 617.91 4.6758 3.4461 4.272 1
334.64 326.12 129.17 236.58 2.2171 1
604.29 594.21 7.2922 6.9074 5.6663 1
481.02 481.14 355.35 374.12 7.5721 1
357.65 495.23 24.87 40.369 5.8618 1
431.34 405.78 160 151.63 2.8726 1
414.38 404.17 255.76 252.73 2.526 1
322.05 318.48 348.93 341.26 5.6646 1
321.51 319.94 285.37 315.35 1.25 1
446.63 434.1 196.58 195.74 2.5781 1
519.08 477.76 10.912 13.382 5.4385 1
325.43 322.49 240.38 281.6 1.6027 1
426.64 416.57 194.07 191.86 2.4421 1
470.37 457.84 162.81 163.5 2.839 1
437.28 421.96 16.423 12.727 6.3688 1
440.42 422.93 307.23 308.57 2.7798 1
455.23 435.38 255.46 257.9 3.592 1
461.37 442.8 16.042 18.591 4.2735 1
