638.99 638.98 411.63 150.38 1.2557 1
136.62 572.87 479 478.98 1.2621 1
488.12 456.66 170.16 316.36 4.4866 1
349.64 488.01 48.713 170.4 4.6934 1
292.5 290.3 1.3658 15.163 4.4912 1
285.73 277.29 19.323 22.614 6.4748 1
456.48 327.54 317.48 365.72 7.8548 1
27.974 38.849 1.5746 23.015 4.5558 1
276.93 255.54 24.382 28.674 3.9307 1
42.355 40.743 50.42 31.594 4.0562 1
17.614 1.1273 6.8091 10.839 5.1809 1
44.803 54.927 33.148 54.339 4.0229 1
213.27 191.35 19.24 27.115 8.4739 1
247.36 226.06 209 82.759 4.2155 1
57.286 55.546 43.009 35.336 5.8189 1
256.58 349.48 67.679 48.354 4.0824 1
42.858 52.892 91.769 82.894 3.3129 1
73.038 81.294 16.571 41.734 7.089 1
120.4 155.59 31.708 21.091 6.365 1
22.159 42.686 98.405 92.244 3.8319 1
225.57 259.46 75.25 128.92 4.6174 1
162.53 123.23 24.053 34.249 3.2704 1
30.009 23.686 20.544 6.8276 4.5408 1
41.61 46.311 61.618 52.087 4.2832 1
53.485 40.912 87.399 97.306 4.6418 1
55.124 53.112 35.099 27.81 3.6149 1
50.444 45.279 22.827 15.442 3.7894 1
264.29 293.11 30.922 22.417 4.088 1
324.98 246.89 363.08 209.01 5.4109 1
1.3714 20.21 102.65 99.414 4.1188 1
46.453 5.1953 99.425 106.88 6.3878 1
52.616 45.712 52.606 59.464 3.5355 1
76.168 69.052 9.6558 1.808 3.8323 1
257.88 245.38 17.243 17.391 1.3835 1
63.614 71.286 5.2938 16.85 6.2486 1
68.85 82.994 59.623 54.451 1.8367 1
159.12 201.62 12.275 12.282 2.5026 1
53.857 43.924 44.262 24.839 2.795 1
156.5 180.51 20.292 22.929 7.0457 1
44.021 64.304 8.4696 5.2534 7.6632 1
326.24 319.5 361.64 221.55 3.8057 1
190.3 162.77 28.492 24.963 3.7512 1
319.53 392.77 220.58 200.01 3.4618 1
167.88 155.34 14.995 14.761 3.7727 1
138.12 84.387 80.064 93.893 3.2128 1
18.619 38.779 83.194 72.239 2.6734 1
39.908 20.931 75.697 85.246 2.7879 1
109.72 110.69 9.0674 19.095 6.1008 1
90.424 135.58 89.312 77.39 2.872 1
72.171 60.155 47.068 50.944 8.3662 1
261.87 289.85 31.376 58.419 2.6664 1
250.17 226.75 69.263 73.565 3.3623 1
104.21 99.984 18.509 9.3045 2.3524 1
120.36 94.551 51.599 62.622 2.6223 1
153.83 140.37 13.254 2.8757 3.1961 1
285.18 261.61 59.332 36.595 3.4717 1
34.06 1.64 27.642 36.679 7.3631 1
69.076 59.043 63.442 62.575 2.706 1
90.442 111.94 60.551 52.45 2.3393 1
453.93 470.94 314.08 235.5 1.7873 1
405.47 386.82 9.449 14.796 2.0506 1
11.589 24.185 17.324 17.98 2.8215 1
473.89 479.37 221.58 195.43 1.4797 1
409.26 427.75 194.66 189.89 1.5228 1
421.73 406.63 3.1401 9.1459 1.6362 1
454.26 435.16 145.22 128.12 1.25 1
166.58 150.56 2.5759 5.2514 3.0839 1
