638.99 638.98 412.88 146.63 1.2583 1
137.87 574.12 478.99 478.98 1.2556 1
577.98 510.58 164.95 348.41 4.5953 1
221.39 196.17 243.1 73.821 4.5549 1
511.25 373.41 348.54 438.62 7.7603 1
340.12 577.44 39.609 164.96 4.7099 1
126.3 105.09 33.22 40.83 9.0802 1
196.72 273.07 72.963 138.9 4.0423 1
157.96 149.11 24.95 24.477 4.0779 1
374.19 220.92 433.59 243.69 8.3951 1
137.28 126.72 21.91 18.796 5.2873 1
222.83 339.3 66.442 39.884 4.2786 1
14.135 29.238 46.744 45.485 2.9067 1
34.243 11.758 47.632 50.259 3.2894 1
73.988 91.686 36.582 38.591 4.008 1
97.913 66.642 42.546 38.975 3.0511 1
29.6 71.843 42.672 33.93 8.3594 1
194.53 221.99 47.29 66.093 4.0144 1
104.19 98.033 40.626 42.232 3.0501 1
66.195 35.047 38.68 46.584 4.2678 1
216 180.9 66.289 42.111 3.5909 1
124.1 121.08 16.629 1.2407 3.7037 1
57.881 114.14 25.892 25.232 3.0424 1
92.77 103.11 39.81 37.887 3.372 1
147.07 148.6 1.3338 10.25 3.4847 1
46.672 1.393 101.79 114.55 3.7293 1
89.098 72.841 27.493 28.649 1.5141 1
202.86 216.49 70.308 68.224 3.0384 1
107.89 95.357 28.09 28.797 1.7411 1
54.47 36.957 26.645 14.162 3.2053 1
1.4551 40.736 110.99 100.47 3.4053 1
71.532 52.835 1.9131 3.7111 2.4885 1
203.81 218.02 101.67 197.85 2.5157 1
232.92 302.94 35.761 27.171 2.3893 1
196.72 214.21 45.699 40.68 1.9009 1
226.45 223.64 266.85 249.2 4.7416 1
475.27 403.16 211.39 244.74 2.6239 1
147.32 143.21 15.537 1.5268 2.8937 1
323.04 344.1 22.139 15.302 2.0845 1
196.6 145.38 91.538 105.4 2.6676 1
144.31 195.55 102.3 88.527 2.6082 1
222.81 199.11 41.377 47.834 2.5206 1
273.68 376.19 139.42 225.89 2.6843 1
41.321 58.875 99.65 92.28 1.8212 1
216.8 231.61 39.884 36.539 2.0051 1
507.3 572.02 348.12 171.77 2.1099 1
343.15 307.85 18.841 29.054 2.7184 1
405.46 437.99 246.81 231.88 2.1788 1
306.65 245.38 29.352 36.632 2.544 1
156.07 155.03 9.2002 1.5032 3.1445 1
73.089 85.247 32.568 29.812 1.8546 1
218.58 221.99 201.7 225.32 1.7596 1
222.61 202.45 99.434 82.117 1.4826 1
370.64 343.76 4.6423 18.411 1.8456 1
545.39 572.81 180.4 167.72 2.0121 1
67.51 51.827 90.856 98.301 1.8365 1
382.83 403.18 231.69 247.82 2.5325 1
471.72 445.55 112.7 98.804 1.25 1
41.603 29.011 20.231 22.114 3.0273 1
495.44 474.19 125.25 114.01 1.25 1
76.72 62.727 14.728 16.939 2.8595 1
230.98 228.54 285.27 271.51 2.2444 1
