136.62 575.37 478.98 478.98 1.255 1
638.98 638.98 412.87 147.87 1.2505 1
220.66 193.54 246.58 68.833 5.7009 1
321.05 606.11 19.572 115.66 4.5691 1
606.31 533.18 117.25 298.5 4.413 1
446.66 276.16 405.32 287.86 9.9046 1
193.49 320.93 68.226 19.334 4.4773 1
229.79 220.73 253.17 246.83 6.0459 1
1.4008 12.218 33.613 28.876 6.2265 1
533.14 452.77 298.34 399.3 4.7476 1
20.519 1.3366 31.76 44.265 9.4242 1
47.917 39.126 22.972 22.819 3.836 1
506.29 449.33 214.02 400.44 4.6483 1
29.251 6.6892 19.929 18.258 4.7095 1
196.19 503.93 70.047 214.54 4.5373 1
276.18 227.52 287.43 253.54 9.415 1
604.89 507.68 118.65 213.95 3.5704 1
161.14 86.824 72.734 39.924 4.3366 1
171.25 73.884 73.228 113.54 3.1124 1
73.049 161.07 109.56 74.003 3.0542 1
109.07 170.78 45.511 72.324 3.8265 1
90.274 103.18 36.872 42.133 3.4725 1
245.67 205.46 3.6991 18.122 2.7375 1
37.306 39.778 1.2894 6.3031 3.9317 1
108.94 137.79 41.145 30.146 2.0089 1
140.27 220.46 28.641 10.739 2.5481 1
231.42 243.91 6.1223 1.1007 1.865 1
547.54 560.37 255.24 222.87 1.6023 1
204.32 180.33 17.534 22.665 2.2682 1
156.39 125.21 27.164 37.359 2.0793 1
37.961 32.83 12.836 1.6456 3.0763 1
180.55 156.72 22.535 27.125 2.1731 1
207.99 210.04 133.11 142.95 2.8434 1
