139.12 572.87 479.01 478.97 1.2835 1
638.98 638.98 411.63 147.88 1.2525 1
203.78 147.96 288.82 124.5 5.4704 1
349.15 203.24 329.02 289.03 8.6068 1
360.95 426.6 132.54 0.98856 5.5986 1
429.42 415.42 14.154 155.26 4.2974 1
148.6 262.35 123.64 2.3034 6.555 1
150.38 347.74 125.36 163.56 4.7494 1
430.86 429.59 1.4225 14.046 3.8524 1
415.9 354.3 153.52 322.6 6.0182 1
348.19 350.5 165.37 324.1 4.4108 1
512.6 511.39 1.5202 19.109 3.3977 1
505.36 507.54 17.873 1.4149 3.2243 1
181.24 190.26 211.75 239.16 1.5932 1
161.42 169.55 152.94 177.73 1.2616 1
476.6 496.61 14.655 15.682 1.3124 1
495.35 466.67 19.421 17.235 2.2195 1
