638.98 638.98 412.87 146.62 1.254 1
139.12 575.37 479 478.97 1.2741 1
336.26 567.3 176.86 94.787 5.3076 1
215.55 210.06 267.82 112.8 4.6325 1
210.04 208.82 110.44 82.833 4.5139 1
570.16 501.93 93.509 256.23 4.8724 1
283.08 335.02 137.61 176.69 5.7951 1
209.22 442.99 82.129 35.97 4.6319 1
501.74 495.8 255.6 258.68 3.9906 1
307.46 215.94 368.37 267.24 4.3662 1
496.4 310.56 260.87 370.18 10.589 1
278.25 282.53 133.69 138.28 6.2141 1
244.21 239.38 226.94 209.06 3.1964 1
248.54 239.49 145.62 124.5 3.7759 1
261.62 277.42 121.97 134.36 7.6567 1
291.35 253.66 163.6 149.09 2.6134 1
287.91 254.98 194.03 181.4 3.0539 1
262.8 288.96 155.56 165.79 2.637 1
243.65 240.28 168 155.4 3.3836 1
243.56 239.42 275.5 256.56 3.244 1
443.56 569.87 36.348 92.746 4.3244 1
285.27 274.21 250.66 246.41 2.3339 1
264.2 287.85 187.68 196.7 2.2264 1
281.19 249.54 298.76 283.33 3.0751 1
214.01 261.74 85.526 121.47 4.229 1
273.65 253.62 246.48 237.79 2.4455 1
261.63 282.92 244.11 252.76 2.0988 1
241.36 255.4 208.56 214.06 4.1517 1
256.62 279.01 290.39 300.63 2.2436 1
215.26 215.58 149.13 170.39 1.2685 1
242.47 262.91 153.98 161.54 3.7713 1
242.3 256.8 123.13 128.66 3.672 1
259.24 242.74 221.39 213.14 2.171 1
343.01 316.67 184.14 362.88 2.9298 1
253.28 244.81 237.54 227.31 2.5574 1
630.48 602.93 26.034 21.292 4.3721 1
207.64 218.52 278.69 272.97 7.3905 1
241.41 253.18 255.87 260.91 3.4478 1
265.52 246.34 168.82 159.72 3.2723 1
212.87 214.27 116.63 144.12 1.9483 1
250.7 244.52 177.66 168.44 2.7817 1
415.27 335.42 152.58 180.5 2.3151 1
239.17 213.96 136.57 115.58 2.5635 1
243.58 254.2 218.24 234.08 3.1042 1
214.78 237.2 112.34 130.93 2.6972 1
336.92 340.03 203.16 186.56 2.6125 1
215.12 216.1 171.63 200.39 1.3771 1
255.05 275.14 234.78 244.61 2.3145 1
355.39 337.87 154.74 154.22 1.5817 1
329.37 336.5 257.91 209.11 2.1954 1
260.54 246.55 134.97 129.3 3.2557 1
247.79 260.67 169.22 181.32 2.5131 1
333.01 288.6 186.45 152.31 2.4362 1
203.17 209.8 290.55 279.3 8.1723 1
334.18 311.45 180.3 163.1 1.2942 1
324.98 328.62 288 262.8 2.1168 1
541.55 552.96 154.09 126.66 1.6342 1
249.13 219.21 254.12 224.04 1.8611 1
216.83 217.99 224.12 255.37 1.8522 1
219.43 254.21 220.07 255.29 1.8325 1
329.14 282.7 209.11 171.84 2.0142 1
497.81 493.78 266.6 277.75 2.4496 1
302.73 330.59 184.31 206.36 2.0792 1
280.47 300.14 166.5 181.93 1.9669 1
308.86 328.07 164.48 178.86 1.7428 1
319.14 335.42 156.55 160.16 2.1625 1
249.41 231.41 203.82 186.86 1.3997 1
307.93 300 372.98 377.16 5.0669 1
