638.98 638.98 412.88 146.63 1.251 1
139.12 575.37 479 478.97 1.2754 1
559.57 477.2 171.91 348.23 7.0845 1
170.94 149.47 324.2 128.95 5.0939 1
476.64 164.17 350.21 327.2 10.916 1
505.23 562.33 78.721 173.2 5.3367 1
149.77 160.97 129.46 108.13 5.5332 1
193.89 504.39 43.704 79.344 6.1921 1
159.69 177.73 97.187 78.978 7.0454 1
160.07 160.73 108.02 97.738 5.6264 1
176.56 195.05 79.021 44.023 7.0688 1
152.82 454.25 129.61 161.68 4.6543 1
455.28 556.8 161.33 171.05 5.7449 1
476.11 486.72 343.22 320.42 1.5242 1
501.81 512.86 287.96 264.12 1.6599 1
514.07 524.32 261.6 239.21 1.702 1
161.1 164.23 204.18 235.36 1.9925 1
157.06 160.23 166.58 200.39 1.9434 1
487.95 500.59 317.91 290.48 1.4815 1
525.45 536.6 236.66 212.86 1.5208 1
594.08 586.2 0.60259 20.202 8.5984 1
583.82 580.4 23.935 31.034 5.5872 1
