137.87 575.37 479 478.97 1.2807 1
638.98 638.98 412.88 147.88 1.2501 1
529.23 521.52 132.21 159.79 5.1089 1
198.24 157.6 361.27 176.14 4.7938 1
521.25 481.74 161.19 310.07 5.3409 1
486.88 200.92 313 365.85 10.035 1
158.04 449.3 87.261 62.396 5.1037 1
157.26 158.26 176.63 87.893 4.8025 1
448.55 529.48 62.282 132.66 5.5733 1
429.13 349.12 1.7486 2.1007 2.643 1
160.27 526.75 175.71 132.68 4.5845 1
551.74 603.46 53.902 80.479 5.0366 1
625.39 639.6 96.663 90.171 3.2147 1
631.94 639.46 98.161 100.58 3.1864 1
508.96 555.48 29.463 52.669 5.0479 1
607.03 577.69 89.753 70.66 6.4364 1
576.7 548.28 71.483 57.081 4.9797 1
603.05 624.97 82.063 96.01 5.0818 1
540.5 510 48.861 34.957 3.8303 1
479.08 444.17 3.4862 0.94364 3.1952 1
347.89 332.88 1.784 1.517 1.272 1
504.12 479.32 12.887 3.6106 4.3974 1
639.57 623.94 116.09 103.1 4.6444 1
54.125 1.6173 1.6037 2.2477 1.6179 1
480.47 493.09 1.2485 4.5521 2.9945 1
489.99 509.03 2.4119 11.827 2.8443 1
551.12 538.81 57.372 49.005 5.5005 1
619.5 606.92 102.46 91.161 6.9664 1
186.8 192.72 292.84 321.66 1.9464 1
163.01 178.18 185.35 254.06 2.0294 1
509.39 509.78 12.906 25.394 2.5767 1
178.38 185.91 255.27 290.26 1.7617 1
507.59 514.54 200.3 174.24 1.2876 1
102.88 85.375 1.625 1.625 1.25 1
304.13 290.41 77.905 79.444 1.5209 1
