638.99 638.99 411.62 147.87 1.2551 1
137.87 574.12 479.01 478.98 1.2732 1
395.11 379.28 159.1 309.01 4.5627 1
231.62 199.44 336.63 191.28 4.7777 1
199.15 186.75 190.52 85.36 4.5312 1
377.13 231.54 311.73 339.91 8.5097 1
181.98 187.66 35.333 82.901 3.8718 1
345.31 394.61 70.412 160.68 5.1815 1
200.51 391.8 188.82 161.61 5.3231 1
36.616 1.6079 50.516 50.805 4.9688 1
72.924 67.795 25.81 11.654 4.0536 1
39.471 58.024 43.439 39.905 4.6194 1
57.32 71.675 40.743 31.705 4.9365 1
68.218 76.258 10.861 1.3157 4.9311 1
1.548 36.644 46.047 44.569 3.8519 1
72.885 35.368 49.073 48.789 6.3537 1
277.89 183.03 25.539 34.493 6.1049 1
76.5 58.97 32.706 45.612 4.8228 1
35.533 54.116 31.91 21.608 4.2541 1
107.92 86.683 3.6125 5.0122 6.9763 1
56.588 42.637 26.535 32.3 3.3897 1
288.38 300.13 3.8145 23.027 2.4908 1
294.31 284.33 21.509 5.2513 2.8607 1
376.35 391.26 305.35 165.34 2.0608 1
150.61 127.81 37.706 42.567 3.0653 1
