638.98 638.99 411.62 147.87 1.2598 1
139.12 572.87 479 478.98 1.2659 1
479.37 449.22 171.42 322.64 4.3797 1
281.53 267.6 18.031 9.5848 4.0817 1
295.51 293.51 1.4475 14.026 5.0813 1
32.527 45.639 1.1582 26.489 3.4869 1
345.34 478.64 46.737 172.14 5.6112 1
202.61 209.22 15.733 14.904 5.107 1
267.95 261.66 11.726 16.664 3.8686 1
219.36 261.13 72.739 146.2 4.4735 1
47.117 54.188 28.213 44.097 2.5417 1
448.86 316.41 323.1 371.02 8.6824 1
23.602 1.229 4.503 10.019 6.0346 1
75.594 84.081 13.611 37.89 7.2521 1
34.002 29.055 16.671 3.3659 3.0253 1
242.93 219.63 211.4 76.537 3.8764 1
60.164 58.719 45.58 35.257 6.7096 1
46.121 44.073 47.788 30.235 4.594 1
195.94 201.39 21.958 12.737 3.6782 1
51.175 47.213 17.356 11.244 3.1466 1
47.115 54.405 88.412 80.637 2.9062 1
59.796 51.809 35.625 17.084 3.6207 1
24.421 46.931 96.268 88.797 4.3466 1
55.189 42.837 38.587 14.144 2.3384 1
214.03 194.98 18.846 25.485 8.2626 1
42.161 36.591 10.018 1.6479 5.5476 1
285.39 277.45 19.147 23.312 4.4822 1
313.2 305.58 334.19 224.02 3.6547 1
293.91 283.16 12.896 19.232 9.885 1
1.4628 21.52 100.67 97.258 3.7231 1
55.227 43.964 85.392 95.19 4.2247 1
315.02 306.65 368.69 351.62 6.691 1
18.278 38.547 82.7 70.652 3.8924 1
246.63 243.5 223.58 209.26 6.6393 1
55.831 49.967 50.765 56.183 3.6724 1
1.1304 14.108 3.7861 1.5252 5.1403 1
66.605 73.995 2.4537 13.776 5.9612 1
276.98 259.14 23.853 26.693 4.1519 1
123.06 158.01 29.746 19.583 6.0439 1
267.84 296.92 30.245 21.354 3.9516 1
263.81 271.11 20.844 17.86 3.167 1
157.82 181.64 18.85 20.093 5.71 1
28.912 1.4846 100.54 105.91 6.1848 1
49.219 45.334 70.336 60.907 3.3979 1
261.64 345.75 64.212 47.239 5.4067 1
51.661 27.896 99.03 99.778 5.0762 1
306.62 248.15 351.05 223.43 4.2724 1
260.38 249.13 15.659 15.682 2.5052 1
160.01 128.09 24.003 32.433 3.4428 1
71.176 85.351 57.868 52.809 2.6084 1
46.687 55.26 15.343 31.685 1.9056 1
112.24 115.2 1.2976 18.126 5.141 1
304.34 371.68 222.41 204.32 4.8821 1
109.37 102.75 18.395 4.8248 3.3705 1
315.12 313.1 361.64 335.26 3.1646 1
103.2 88.065 24.804 16.287 3.1311 1
162.88 205.37 10.264 10.558 2.7511 1
48.376 60.756 7.7998 2.5178 7.5422 1
180.31 190.45 22.014 23.628 2.4689 1
251.56 220.62 66.281 71.774 4.4056 1
140.52 94.103 78.462 90.287 3.1086 1
160.28 145.36 12.994 1.6427 3.4608 1
43.858 27.46 73.513 80.674 2.9363 1
192.94 160.37 27.373 22.915 4.0681 1
267.67 289.14 33.075 55.36 2.7332 1
446.78 475.62 319.16 174.17 2.0551 1
38.186 0.84184 25.142 36.565 6.6378 1
102.99 137.9 84.551 75.461 3.0994 1
284.56 264.76 56.201 35.977 2.8496 1
117.72 100.5 52.498 59.433 2.3191 1
17.881 30.378 15.755 15.558 2.6967 1
16.636 1.6008 20.932 20.701 3.9032 1
