638.98 638.99 411.62 149.12 1.2573 1
139.12 574.12 479.01 478.98 1.2837 1
264.21 235.2 342.62 188.69 5.3137 1
240.93 266.38 22.397 31.097 4.8528 1
267.85 340.37 29.244 42.881 4.6935 1
228.85 240.98 10.74 19.97 3.4612 1
296.57 252.91 37.069 31.372 3.9856 1
235.12 396.92 186.77 70.791 4.5399 1
480.35 477.85 6.6222 30.373 4.7115 1
411.96 540.75 245.84 95.694 5.0221 1
539.75 508.65 97.448 234.02 4.2827 1
211.61 230.73 7.9434 12.681 3.6624 1
233.4 202.89 16.574 10.287 4.6075 1
452.79 458.49 31.61 1.2707 9.6002 1
368.04 298 50.555 39.587 5.1505 1
1.1841 46.305 12.473 0.42688 4.7488 1
431.99 440.25 41.923 31.756 4.064 1
340.14 390.46 41.465 52.466 4.6914 1
510.22 490.63 235.3 274.26 5.6465 1
395.29 263.63 414.49 342.73 8.159 1
444.72 425.96 33.542 54.644 5.0855 1
608.92 631.55 42.073 43.196 11.298 1
536.32 533.04 7.5855 25.174 4.0601 1
392.37 368.19 58.438 51.728 4.8179 1
630.35 597.87 51.503 51.794 8.7497 1
395.46 425.41 53.754 50.748 4.4758 1
425.2 404.31 54.335 57.768 4.3259 1
26.579 93.235 47.636 34.735 3.6818 1
489.47 399.37 274.35 412.6 4.7522 1
399.49 390.26 59.504 55.651 6.35 1
175.29 210.38 9.5937 8.0467 4.0594 1
1.5084 25.534 52.303 47.403 3.2231 1
91.746 13.968 38.513 53.299 3.8663 1
161.74 92.474 15.748 37.87 3.6533 1
201.66 162.59 10.61 15.714 4.1984 1
440.62 451.85 32.168 27.117 4.047 1
104.49 166.51 30.32 11.237 3.6767 1
477.91 459.09 32.072 31.335 10.09 1
94.095 104.3 34.025 30.947 3.0024 1
448.85 400.01 70.522 60.999 4.4908 1
12.966 1.4219 53.352 55.566 3.1113 1
167.66 176.75 12.105 9.5905 2.8708 1
60.163 1.3078 0.83722 16.698 5.5131 1
420.17 394.93 42.084 48.676 4.4677 1
509.09 522.42 15.404 29.629 2.7366 1
394.46 403.31 45.995 41.174 3.293 1
589.16 604.27 47.112 45.903 2.0626 1
515.4 499.58 26.597 9.94 2.8101 1
237.66 329.33 188.43 224.86 4.215 1
404.02 431.64 40.796 39.356 3.6148 1
537.62 441.66 95.362 75.213 5.346 1
564.2 583.83 33.837 38.988 7.5717 1
408.01 445.53 59.528 65.683 3.315 1
447.88 437.86 45.282 44.299 3.2439 1
456.63 472.88 39.571 39.69 2.5091 1
535.31 564.06 33.23 34.402 4.3069 1
550.43 526.42 38.635 35.987 3.7365 1
448.56 450.85 65.166 45.285 5.6374 1
633.45 639.69 125.58 108.08 3.1943 1
586.5 573.35 50.549 40.971 3.1179 1
601.6 609.11 34.201 36.675 3.1704 1
406.72 396.79 259.13 410.39 3.2769 1
239.3 241.97 192.84 206.56 1.9425 1
248.54 251.77 240.48 259.1 1.6588 1
507.88 520.4 4.7984 4.9861 2.5935 1
572.8 562.91 40.787 38.932 2.4571 1
333.98 406.39 227.02 254.74 3.4023 1
526.54 541.61 76.035 77.983 2.682 1
519.17 509.05 9.8604 10.482 2.9555 1
218.14 216.75 1.0949 6.9513 4.8651 1
600.25 585.49 22.346 19.739 2.8235 1
