638.98 639 411.62 147.87 1.2625 1
459.15 434.92 168.93 318.85 4.3123 1
136.62 572.87 479 478.99 1.2603 1
435.18 297 319.78 365.2 7.7099 1
338.3 458.44 42.401 169.77 4.6172 1
1.5008 27.899 92.062 88.032 3.5375 1
222.89 199.2 11.662 19.357 7.5794 1
273.18 266.94 6.7509 12.003 2.4233 1
4.7266 4.3366 7.8938 20.342 2.733 1
29.724 51.607 87.264 80.318 3.4603 1
285.31 266.94 17.58 21.772 3.0996 1
261.62 276.63 23.489 23.647 1.3943 1
209.74 245.72 67.597 146.47 4.4494 1
53.7 50.642 36.933 20.326 4.1408 1
55.121 65.122 22.995 44.244 3.5932 1
68.405 63.074 42.768 16.333 4.6745 1
51.461 60.433 50.242 39.172 3.6055 1
287.01 280.07 12.162 8.4516 3.4597 1
52.119 60.815 79.613 70.81 2.7107 1
131.57 169.23 22.666 11.996 6.3136 1
78.89 91.709 0.19 31.591 7.321 1
170.55 130.8 16.099 25.857 3.5977 1
64.447 49.318 71.952 86.821 4.4116 1
297.03 292.45 361.85 344.5 7.8897 1
56.195 51.668 62.334 51.607 3.1895 1
278.22 407.74 216.78 184.82 4.2398 1
276.7 302.93 23.126 15.565 3.787 1
64.83 47.61 36.28 1.1424 2.5343 1
235.79 217.51 204.53 111.45 4.0743 1
62.179 52.915 15.805 0.82691 3.8468 1
295.09 279.01 342.91 217.73 3.685 1
35.368 1.4457 91.577 96.684 6.2999 1
266.6 291.56 55.206 51.224 3.3094 1
76.534 92.908 50.122 44.217 2.4481 1
62.52 63.934 61.483 70.405 2.4914 1
24.092 41.299 74.072 63.59 3.4844 1
298.86 288.28 6.0741 11.205 4.5329 1
217.35 209.5 110.48 70.06 3.5743 1
242.66 235.23 224.2 202.09 5.1581 1
267.89 255.39 9.8607 10.085 2.6342 1
168.99 185.39 11.118 14.039 6.6763 1
145.64 96.828 70.188 82.432 3.3209 1
170.36 214.09 3.5881 4.4596 3.824 1
199.13 171.52 20.312 16.092 3.4319 1
260.44 210.47 56.961 65.912 3.9117 1
54.778 29.069 62.759 73.997 3.3673 1
66.614 40.339 88.992 91.197 3.3277 1
121.72 105.11 18.565 15.639 3.9798 1
17.455 5.5791 14.203 9.0226 4.5611 1
5.8065 11.751 17.356 24.012 4.4622 1
291.72 338.01 50.895 42.362 3.365 1
89.124 74.119 38.662 38.694 7.508 1
106.79 144.29 77.252 67.226 2.5699 1
122.46 123.18 1.5577 10.552 6.0285 1
289.72 243.09 344.38 224.53 3.6947 1
44.456 53.289 1.463 19.534 2.8454 1
117.69 113.14 11.708 1.5077 3.1787 1
269.17 257.78 26.199 25.07 2.3645 1
104.95 92.075 13.834 8.1131 2.5478 1
11.698 0.23069 28.983 23.086 7.2415 1
129.7 105.55 41.714 52.023 2.9719 1
271.35 292.02 25.619 48.771 2.6301 1
288.23 269.29 49.934 28.973 3.0829 1
172.67 161.83 5.9664 2.2634 2.7699 1
104.28 125.45 49.482 40.546 2.1238 1
432.35 454.83 315.49 176.54 2.0877 1
45.973 11.863 18.025 27.483 7.4901 1
50.346 64.207 87.581 86.208 1.5019 1
407.98 452.89 184.53 172.94 2.4593 1
14.172 41.659 5.7618 7.2441 3.2734 1
327.9 350.38 14.477 12.994 1.7409 1
351.63 332.86 15.642 16.297 1.7294 1
431.28 390.61 145.7 102.66 1.2676 1
29.166 19.16 12.527 11.335 2.4825 1
