638.98 638.97 412.88 147.88 1.259 1
589.23 509.34 123.06 302.41 5.9483 1
139.12 575.37 479 478.97 1.281 1
201.99 190.99 74.732 89.919 3.7707 1
186.08 203.79 87.352 68.804 4.3978 1
198.2 201.53 184.04 149.12 7.5254 1
189.64 197.5 123.13 107.08 4.5352 1
202.8 206.51 228.02 197.71 6.6348 1
199.98 199.35 149.24 132.91 6.1969 1
510.38 206.52 304.13 318.16 12.868 1
193.26 194.1 88.036 99.127 4.2132 1
197.86 190.88 136.75 121.27 7.9764 1
206.75 199.38 197.2 182.72 6.7041 1
199.73 201.49 101.48 79.017 5.3757 1
202.01 205.32 70.647 35.487 5.6374 1
198.66 199.4 131.54 116.58 3.9302 1
207.78 510.28 33.723 42.422 6.9417 1
216.66 208.94 315.25 234.26 6.3404 1
201.61 589.11 123.37 124.99 6.0188 1
196.13 187.91 107.82 95.812 7.5446 1
207.52 203.36 236.16 228.22 5.1144 1
508.52 588.65 42.205 123.35 7.7937 1
507.99 550.46 297.93 202.91 1.8935 1
503.53 494.59 312.5 326.59 5.4587 1
