317.13 330.77 347.99 136.73 4.7913 1
638.98 638.98 412.87 149.12 1.2529 1
556.87 489.97 156.3 364.44 6.0357 1
137.87 575.37 479 478.97 1.2756 1
330.24 348.5 136.6 37.991 4.234 1
317.04 317.74 351.65 341.53 2.5782 1
487.94 556.54 48.618 157.6 6.5835 1
490.73 325.13 362.61 348.16 9.9971 1
596.47 589.75 1.5275 12.491 8.1137 1
594.15 639.17 11.084 13.129 3.4626 1
333.89 554.13 139.5 157.87 8.5091 1
639.18 601.64 9.1152 7.431 3.9704 1
333.43 320.35 144.16 341.62 2.4511 1
324.04 318.68 370.4 351.57 8.9242 1
485.21 486.74 366.51 380.5 5.2623 1
524.15 536.91 247.88 209.22 1.6502 1
509.03 459.03 16.946 21.874 4.3448 1
351.47 489 37.34 48.23 6.0812 1
485.33 478.49 378.7 388.69 5.8654 1
530.4 565.34 8.7291 10.875 2.0356 1
451.59 437.73 23.79 25.413 4.966 1
271.69 262.78 9.6784 8.7867 5.473 1
427.93 415.37 24.614 24.261 4.998 1
432.04 428.38 1.4619 20.229 2.2144 1
514.11 527.94 6.709 8.6241 2.1335 1
