638.99 638.98 411.63 146.63 1.259 1
137.87 574.12 479.02 478.97 1.2956 1
231.95 202.65 299.07 141.2 6.0057 1
376.74 231.46 337.4 301.01 8.2221 1
382.44 377.84 319.26 346.83 6.9888 1
202.1 278.79 142.02 49.889 6.4182 1
283.1 249.07 7.8377 1.9561 6.5845 1
451.34 313.89 22.725 6.0755 5.9775 1
384.58 383.83 291.43 299.22 3.733 1
385.51 383.11 300.7 319.94 9.7678 1
399 384.8 177.7 290.62 4.9681 1
205.29 396.65 142.11 177.76 4.6996 1
497.26 517.8 3.0598 11.804 3.9177 1
550.37 500.37 4.05 4.0216 5.0192 1
248.05 237.9 2.5981 1.4144 2.1477 1
307.88 283.04 11.614 8.8751 3.3163 1
418.34 452.34 120.54 25.984 7.0455 1
277.91 309.11 5.0248 8.0459 2.6088 1
315.12 303.61 7.4632 21.195 6.2408 1
294.13 275.39 2.0382 2.4039 2.6702 1
424.45 389.79 183.33 302.71 4.8398 1
448.81 424.31 47.82 186.66 5.8656 1
517.91 552.86 10.581 9.8537 4.0091 1
500.36 502.67 50.3 11.687 3.7433 1
491.72 471.67 51.992 49.907 1.5817 1
508 505.07 15.386 50.349 2.9096 1
