253.9 259.43 286.69 92.955 5.3188 1
638.98 638.98 412.88 146.63 1.2526 1
137.87 574.12 479.01 478.97 1.2825 1
391.59 253.33 367.93 287.1 5.3125 1
261.44 452.58 94.567 173.6 4.6985 1
258.9 422.21 93.86 19.15 4.85 1
562.33 500.16 62.178 222.31 4.5413 1
401.05 394.3 353.66 370.16 9.728 1
339.17 356.86 157.73 163.41 3.0987 1
422.46 562.53 19.235 61.526 3.9315 1
361.7 331.51 195.13 185.75 2.9213 1
384.21 337.56 166.28 154.07 3.5135 1
335.43 357.72 190.2 197.11 2.5545 1
355.16 322.99 254.75 243.8 2.8442 1
496.86 404.42 228.05 355.94 7.2126 1
451.32 450.83 174.02 181.4 8.8141 1
250.96 253.12 324.28 298.93 11.528 1
326.62 345.23 247.89 254.53 2.3547 1
441.69 424.81 206.64 264.32 4.3323 1
446.85 347.58 181.09 139.85 2.487 1
448.08 442.27 182.93 203.96 4.232 1
357.56 367.76 163.28 167.84 6.3652 1
424.64 398.01 265.15 353.29 4.4671 1
259.77 258.88 187.86 234.12 1.491 1
342.7 319.23 302.12 293.83 2.498 1
258.32 256.68 240.35 285.38 2.16 1
318.04 334.26 296.19 302.53 2.3286 1
439.05 264.01 204.3 128.13 2.7291 1
329.81 305.24 186.06 165.54 3.6987 1
325.21 307.9 148.06 132.85 3.6421 1
261.31 260.37 129.12 185.37 2.0403 1
307.03 296.14 286.03 272 2.3128 1
290.04 313.07 136.14 146.19 2.2912 1
265.49 289.43 125.13 135.94 2.3163 1
639.31 588.98 30.044 1.8879 3.1053 1
310.62 300.21 235.18 221.75 3.2858 1
263.05 262.3 100.38 121.6 1.4261 1
353.94 445.48 139.56 177.63 2.0343 1
327.87 281.74 125.38 106.35 1.5017 1
371.42 395.15 172.12 182.15 2.0455 1
297.84 312.83 270.59 273.12 2.0495 1
302.84 317.8 221.82 224.54 2.6834 1
310.25 330.42 132.79 134.95 3.5958 1
357.93 364.63 245.32 252.34 2.7113 1
309.01 321.56 164.78 167 2.6798 1
392.34 386.14 370.94 378.74 8.3814 1
