135.37 574.12 478.99 478.98 1.2619 1
638.98 638.98 412.87 146.62 1.2573 1
199.32 156.89 326.58 145.02 5.0152 1
184.14 466.71 69.441 58.75 4.9623 1
523.62 517.11 128.71 156.08 6.1401 1
466.79 524.2 58.767 128.84 4.7532 1
516.9 482.03 157.36 307.68 6.1714 1
496.85 200.53 311.15 331.46 10.423 1
536.66 406.61 4.4701 2.3871 3.4693 1
156.79 183.34 145.82 68.462 5.2396 1
601.61 638.27 47.899 74.07 4.7888 1
576.9 600.74 36.085 48.42 3.6022 1
639.27 604.02 78.899 55.538 5.9519 1
441.63 472.88 1.625 1.625 1.25 1
604.65 571.53 54.244 36.802 4.3065 1
573.21 538.01 15.495 4.9395 4.0736 1
519.15 547.88 1.3338 4.0694 2.7257 1
554.27 577.21 5.0496 15.316 3.9017 1
160.34 520.42 145.85 128.74 5.0439 1
572.52 574.53 35.504 21.504 3.5443 1
577.82 576.1 25.072 32.463 3.567 1
474.13 497.88 1.625 1.625 1.25 1
499.13 517.88 1.625 1.625 1.25 1
172.76 178.25 197.9 221.54 1.5005 1
181.09 185.78 232.99 254.04 1.896 1
367.88 327.88 66.625 66.625 1.25 1
164.84 171.9 164.25 194.06 1.5682 1
496.59 465.14 100.4 61.818 1.4736 1
492.09 486.96 305.6 309.56 4.9518 1
407.86 375.37 63.711 65.223 1.423 1
316.62 291.63 67.764 68.206 1.3382 1
