451.45 451.81 145.37 136.63 2.6493 1
172 127.18 277.43 113.63 4.8044 1
447.26 443.04 190.62 180.31 3.2603 1
455.36 455.07 137.83 145.36 2.7382 1
442.04 439.23 236.54 222.85 2.9524 1
139.12 574.12 479 478.98 1.267 1
638.98 638.99 411.62 146.62 1.2568 1
450.58 445.34 186.69 202.04 5.1926 1
441.79 446.58 200.45 190.28 2.6094 1
441.8 449.73 172.77 185.77 4.0331 1
128.97 437.95 113.58 138.23 5.0764 1
454.26 459.63 105.3 115.76 4.5065 1
449.4 455.37 128.94 137.5 4.4113 1
436.72 445.12 211.37 231.73 4.639 1
454.7 442.53 145.87 160.08 4.4776 1
438.81 436.2 152.85 180.45 4.44 1
445.33 434.13 232.85 253.56 4.398 1
442.89 450.64 154.14 145.49 2.7124 1
437.71 434.54 181.8 201.69 8.8901 1
452.76 449.97 72.678 91.929 5.1275 1
443.26 439.15 134.87 151.93 9.9269 1
432.46 432.07 220.36 232.93 7.7272 1
433.88 432.23 201.72 219.3 3.5 1
456.43 450.88 121.21 128.27 3.9303 1
255.35 451.61 62.023 71.911 5.0323 1
444.43 436.06 201.87 209.78 3.5832 1
431.01 422.94 232.69 314.13 4.616 1
444.88 441.49 118.92 127.09 5.0972 1
449.09 447.62 94.364 101.82 5.8717 1
446.44 446.05 106.68 114.29 6.1758 1
404.53 180.73 316.45 282.97 7.6783 1
440.47 355.41 8.7972 3.4951 4.0637 1
559.26 441.61 24.347 9.2321 3.9002 1
436.61 402.59 319.26 315.26 8.7599 1
354.15 302.86 4.979 1.8377 3.4638 1
414.04 511.74 3.6752 14.308 3.4065 1
302.88 231.63 1.8556 1.5052 1.2869 1
486.49 452.98 1.8071 6.1692 4.1513 1
522.87 580.32 16.662 23.359 3.3291 1
176.09 176.87 299.05 281.69 5.1628 1
371.66 412.9 1.1403 3.7785 2.4151 1
329.13 370.38 1.625 1.625 1.25 1
510.2 524.03 14.11 16.063 2.9999 1
639.17 560.34 27.672 25.195 3.3163 1
581.61 639.13 22.765 23.732 3.1928 1
443.94 442.57 160.35 171.74 2.9302 1
451.69 432.95 5.0753 1.2698 3.9426 1
133.4 174.35 123.98 274.06 2.0872 1
259.17 132.85 127.26 118.26 3.3823 1
206.63 157.88 1.7717 2.211 1.5653 1
422.7 429.36 221.61 144.15 2.3293 1
130.45 175.65 110.47 76.991 2.308 1
449.05 436.77 313.73 316.13 5.3862 1
429.92 429.03 167.85 182.87 1.6912 1
282.88 262.86 129.07 128.12 1.785 1
