638.98 638.98 412.88 149.13 1.2574 1
489.17 476.35 228.88 290.83 4.5957 1
493.87 489.05 205.05 227.59 6.0283 1
476.27 452.75 291.3 406.34 4.6504 1
136.62 575.37 479.01 478.98 1.2722 1
279.19 249.09 30.885 28.345 5.4924 1
295.92 293.63 1.3724 19.062 4.6381 1
407.42 401.78 1.4992 77.886 4.2062 1
283.54 281.27 1.4518 25.46 5.4486 1
452.79 279.3 407.34 436.4 6.9033 1
368.48 497.08 107.57 195.29 3.9129 1
290.1 289.46 20.341 1.5706 4.391 1
275.26 279.46 6.9137 0.97578 5.647 1
272.75 273.08 64.154 51.598 2.7605 1
238.53 238.99 62.856 49.079 2.5397 1
269.3 268.64 52.835 70.498 4.8552 1
276.24 276.29 51.622 64.126 1.2912 1
449.12 406 0.8703 72.499 3.2984 1
409.96 453 72.131 0.94423 3.555 1
278.48 280.01 67.819 50.234 2.1352 1
236.11 234.62 52.814 65.434 3.0678 1
197.17 196.9 52.864 39.144 3.6508 1
404.11 531.6 77.325 80.338 4.0553 1
277.97 492.9 204.96 194.66 4.5475 1
220.57 219.78 60.419 41.702 3.1796 1
310.34 329.17 15.995 14.952 3.2569 1
244.1 244.52 10.314 1.5246 4.4882 1
232.48 232.53 15.378 1.6238 2.5332 1
325.31 335.31 62.382 61.091 3.2799 1
143.86 145.24 40.285 55.388 2.9436 1
330.38 312.86 11.785 12.472 1.8372 1
121.71 105.45 45.224 46.441 4.6127 1
80.203 91.756 64.379 62.388 4.1201 1
193.15 193.98 40.297 56.568 3.3619 1
133.3 130.52 41.497 59.342 4.3632 1
151.11 152.38 39.072 56.57 3.3069 1
220.41 202.83 7.4662 5.8902 2.3784 1
249.83 261.49 0.87149 11.775 8.775 1
524.14 411.59 77.444 74.007 3.5575 1
142.95 138.55 55.355 39.284 5.1526 1
229.86 245.42 20.309 29.046 4.1504 1
61.504 76.263 26.679 59.982 4.8311 1
106.4 107.71 47.757 59.144 3.012 1
269.15 281.54 34.514 33.85 4.0119 1
119.78 120.89 50.292 59.059 2.48 1
177.83 177.17 54.258 47.819 2.9977 1
180.88 181.27 46.599 54.143 2.5609 1
406.23 411.41 69.191 1.513 3.9297 1
148.63 147.79 56.709 39.129 3.6257 1
164.13 172.9 6.4316 6.6328 2.6426 1
283.5 294.5 31.409 24.741 4.7301 1
104.31 102.66 59.28 47.906 3.5321 1
312.86 329.07 8.7939 7.9789 8.0555 1
124.73 123.12 59.215 47.666 4.0606 1
247.85 269.23 31.801 34.569 3.6478 1
393.8 402.1 79.357 1.4092 9.5471 1
236.07 231.97 272.92 107.87 4.3567 1
21.342 52.906 49.079 56.491 3.6507 1
191.54 219.24 7.3373 10.708 3.4534 1
636.04 639.75 53.039 38.028 4.2402 1
533.21 531.58 26.509 39.435 8.3806 1
113.33 114.33 50.323 59.101 2.7672 1
532.87 617.88 67.622 68.298 4.7417 1
91.628 69.129 1.9711 2.14 1.4001 1
278.6 278.36 235.38 214.12 1.4476 1
495.07 504.4 1.2764 26.525 3.824 1
202.92 219.23 2.4946 4.5311 4.4955 1
56.654 66.791 51.45 53.118 3.2942 1
276.15 273.6 443.07 420.29 9.1128 1
278.39 278.53 307.88 241.62 1.3881 1
281.8 276.01 440.25 434.71 5.4598 1
505.08 523.14 28.77 77.454 4.4235 1
296.57 297.8 23.257 15.364 2.4552 1
530.5 526.64 40.241 72.728 4.0188 1
126.56 137.48 6.4763 1.9242 3.7508 1
627.48 633.55 70.152 59.35 6.1961 1
70.374 96.639 5.3333 4.7627 3.7491 1
412.95 379.13 257.45 260.46 3.1803 1
244.1 236.03 309.13 272.73 4.4828 1
525.33 499.42 72.437 1.0634 4.3064 1
276.11 277.24 371.64 306.64 7.5641 1
537.7 533.68 0.93023 30.893 9.7444 1
403.2 379.33 375.04 383.46 2.3576 1
617.55 621.69 67.736 57.902 4.4681 1
41.668 44.583 36.615 49.307 3.474 1
275.88 276.24 390.46 371.69 6.2967 1
276.4 275.42 400.53 391.23 6.8706 1
112.55 125.36 2.6553 6.6763 3.2727 1
24.218 27.566 32.85 45.457 2.7371 1
52.151 50.019 53.151 37.925 3.7386 1
228.39 229.84 1.5853 20.416 3.6431 1
386.6 400.32 384.05 378.97 2.2144 1
1.5256 20.422 58.49 59.497 3.8777 1
414.26 399.19 222.64 224.62 2.1527 1
532.61 533.07 79.113 69.134 2.7846 1
484.12 280.37 227.84 240.24 2.9064 1
33.272 36.665 35.017 50.638 3.2941 1
386.63 370.38 325.38 325.38 1.25 1
274.55 274.72 305.38 217.88 2.6589 1
408.93 387.9 319.66 325.45 2.618 1
270.44 244.17 421.32 309.41 5.9596 1
595.34 627.87 94.827 92.856 3.3652 1
641.7 629.89 18.832 50.658 5.8244 1
30.726 35.332 0.90049 11.078 5.1785 1
18.528 8.7689 45.23 1.1503 6.1022 1
234.12 367.88 107.46 107.75 2.7584 1
331.83 292.6 86.462 93.902 5.2505 1
616.77 594.15 104.79 99.04 2.9793 1
127.91 169.05 88.213 83.438 2.3948 1
382.84 395.49 226.77 229.93 2.996 1
620.53 639.84 60.859 1.8603 6.4579 1
23.148 20.595 45.305 35.319 3.9702 1
639.5 617.96 122.01 112.68 3.1738 1
397.72 352.77 225.75 221.47 2.8413 1
487.88 389.18 204.14 208.97 2.524 1
352.87 381.69 224.18 227.27 2.0413 1
364.11 386.62 327.58 328.01 1.2737 1
109.17 77.909 94.085 95.143 4.2979 1
601.81 619.29 98.27 102.12 2.5856 1
639.14 600.39 95.903 97.089 2.8811 1
51.534 58.557 4.1671 19.387 4.4524 1
380.38 282.84 209.3 213.24 2.3852 1
365.37 394.14 261.75 262.33 2.3988 1
241.36 188.09 94.151 83.104 3.2829 1
435.2 415.22 217.79 220.48 2.7399 1
451.63 402.88 80.375 80.375 1.25 1
188.6 188.49 76.621 56.622 1.3561 1
281.58 386.6 236.98 231.22 2.8913 1
336.63 384.13 77.764 78.592 2.3036 1
621.47 639.39 110.73 118.51 2.4887 1
188.01 186.16 37.932 1.5849 3.0032 1
355.35 379.12 385.19 385.73 2.1323 1
377.84 351.59 383.62 382.39 2.3213 1
396.64 484.1 230.56 224.95 2.6069 1
151.62 116.55 87.82 92.322 2.5133 1
443.58 453.05 409.94 425.27 8.1938 1
285.53 267.76 96.091 99.844 4.0654 1
535.85 533.66 39.013 54.238 4.7785 1
266.77 246.6 99.002 96.901 6.009 1
473.97 485.89 286.59 228.97 1.8584 1
628.49 625.15 50.539 63.147 3.3045 1
266.87 267.04 71.614 95.372 2.6145 1
337.2 333.63 61.491 79.521 4.4194 1
64.17 71.361 10.352 24.262 2.3337 1
339.18 336.8 22.882 41.647 4.9602 1
377.91 366.63 259.91 259.05 1.7223 1
429.15 486.6 204.51 201.17 2.2783 1
534.02 532.45 55.169 65.501 2.8478 1
410.62 445.33 59.273 1.5975 1.924 1
449.16 435.38 293.78 294.31 1.2971 1
67.117 61.461 25.821 16.207 3.4224 1
74.481 67.705 21.404 10.48 2.2723 1
467.94 470.82 317.89 301.7 1.4493 1
61.491 57.259 16.228 4.3445 2.5161 1
391.66 424.15 206.2 204.81 2.0697 1
386.63 336.62 81.221 80.654 1.7311 1
305.38 327.88 214.13 214.13 1.25 1
404.19 424.04 246.13 248.57 3.5695 1
349.13 379.14 213.1 212.05 1.7318 1
569.12 554.4 1.6229 65.44 2.713 1
403.97 417.82 310.4 312.08 3.422 1
396.69 420.43 353.51 350.93 1.455 1
551.09 565.84 65.25 1.4427 2.5404 1
289.53 279.16 452.52 442.76 8.0822 1
390.38 375.39 299.21 300.52 1.7878 1
450.35 449.34 426.46 441.56 4.8216 1
327.87 311.62 305.3 306.56 1.8283 1
309.13 325.38 240.38 240.38 1.25 1
369.11 355.34 301.44 302.28 1.5511 1
411.63 429.13 294.16 292.93 1.8624 1
355.34 366.62 299.97 299.11 1.7203 1
416.61 432.87 214.34 215.38 1.8076 1
605.4 587.88 74.71 75.378 1.63 1
275.42 264.09 201.6 176.64 1.4531 1
444.13 419.13 200.38 200.38 1.25 1
401.63 379.13 202.88 202.88 1.25 1
524.12 492.86 82.951 82.439 1.5568 1
391.63 415.38 210.87 210.69 1.3828 1
