638.99 638.99 411.63 156.63 1.2511 1
365.35 413.25 40.446 55.414 4.4747 1
137.87 574.12 479 478.98 1.2701 1
304.04 339.56 23.182 32.455 4.1526 1
338.49 364.16 33.702 41.519 3.7935 1
404.01 356.56 55.771 41.847 4.6678 1
355.93 284.05 42.271 20.626 5.175 1
285.04 303.01 17.599 23.737 3.2329 1
242.22 484.84 231.48 100.44 6.7754 1
412.6 445.25 56.565 60.226 4.2614 1
459.29 429.19 61.159 63.639 4.0597 1
573.05 550.31 6.7141 5.061 4.4431 1
549.2 524.03 6.1414 2.2106 4.2838 1
122.48 363.8 147.65 57.021 5.7589 1
445.24 463.86 59.918 54.47 4.3593 1
477.88 425.33 81.604 66.786 3.9801 1
467.98 488.71 45.742 40.088 4.9334 1
431.58 489.17 65.545 81.472 3.0252 1
425.72 403.42 64.267 57.374 6.6227 1
480.83 453.23 122.97 261.2 9.8044 1
166.82 104.16 11.781 20.615 3.9534 1
259.13 215.37 1.8977 1.7585 1.3892 1
486.06 481.19 100.92 122.2 8.0446 1
499.23 474.09 42.073 47.716 4.3309 1
242.08 167.43 386.15 314.53 5.3249 1
580.51 615.33 54.187 58.275 4.1618 1
1.6036 149.05 26.404 12.117 3.6847 1
425.39 470.38 48.047 48.829 4.3141 1
168.59 124.47 314.6 147.13 6.9926 1
484.06 445.45 55.796 49.895 3.243 1
102.92 1.601 19.507 30.146 3.8661 1
512.55 500.07 45.67 43.081 9.3747 1
264.46 280.64 0.59434 5.7946 2.8485 1
469.94 457.93 54.639 61.712 4.3091 1
489.03 510.43 49.981 52.403 2.6014 1
146.88 203.87 11.642 0.33268 3.2399 1
613.02 575.24 61.882 56.297 3.3871 1
214.16 167.66 1.8155 10.486 3.6663 1
566.83 582.41 49.7 54.412 3.3387 1
365.36 474.01 57.907 94.46 3.9749 1
583.12 580.52 30.418 45.18 8.1836 1
520.55 512.85 46.747 45.523 3.5072 1
444.08 424.04 50.195 55.023 3.6457 1
574.18 546.63 54.671 53.895 3.6781 1
491.63 496.72 34.466 15.74 12.271 1
262.2 242.33 404.83 385.95 6.3866 1
518.73 517.19 22.465 38.054 11.318 1
454.4 272.99 261.65 406.77 10.546 1
515.27 478.06 89.616 81.995 3.0674 1
499.88 500.71 10.588 2.7777 6.4791 1
488.4 489.08 14.328 4.2058 5.8172 1
0.35619 22.521 15.507 3.6309 10.901 1
503.99 519.08 2.7739 4.4876 2.7662 1
614.13 639.26 59.114 61.424 5.995 1
555.39 590.4 96.569 104.03 3.1664 1
632.38 614.25 78.41 61.492 3.4726 1
639.5 630.52 58.024 54.941 2.4355 1
637.81 537.98 158.07 126.31 3.0314 1
539.07 601.61 123.06 142.92 3.1218 1
596.45 546.65 108.65 97.766 2.8625 1
277.92 290.94 5.344 18.55 5.2902 1
557.96 545.5 25.149 24.444 5.3453 1
575.45 562.74 11.768 18.884 6.5446 1
639.28 630.15 77.048 75.304 3.3934 1
521.6 501.64 53.617 54.431 1.8729 1
554.89 545.51 40.805 30.251 2.8035 1
575.96 580.18 26.435 11.57 7.2143 1
546.54 555.57 16.997 16.112 5.4638 1
264.6 243.18 402.82 232.68 4.6744 1
482.24 485 77.604 58.359 9.1939 1
24.123 1.476 11.622 22.567 5.1588 1
545.36 556.63 51.002 51.349 1.5183 1
207.96 241.08 206.5 228.69 2.7626 1
604.25 637.74 143.75 154.56 2.1459 1
561.59 544.22 61.459 64.641 2.1303 1
541.14 536.22 28.509 32.355 5.4796 1
639.16 624.13 43.865 41.613 2.968 1
540.52 557.94 62.224 58.151 2.5135 1
411.42 411.2 17.894 1.5974 5.1155 1
567.75 557.86 32.446 31.855 5.1402 1
