638.97 638.99 412.87 146.62 1.2676 1
137.87 575.37 479.01 478.97 1.2816 1
242.2 242.36 110.38 80.386 3.8915 1
239.85 242.25 274.15 111.65 5.0363 1
370.58 239.12 358.81 274.13 5.3277 1
243.94 427.88 80.774 165.37 4.7006 1
242.11 420.39 80.383 11.674 5.2972 1
558.21 494.94 60.009 218.2 4.4111 1
320.4 338.9 147.78 153.59 3.9522 1
420.04 558.76 11.373 57.721 3.6551 1
351.72 316.43 187.54 177.3 3.6763 1
360.69 316.45 155.46 143.54 3.9884 1
316.69 345.39 180.17 189.08 2.5522 1
491.52 404.2 224.03 325.61 7.8821 1
335.31 306.53 244.31 234.41 2.845 1
309.03 335.25 238.17 247.01 2.342 1
332.46 302.46 294.12 284.13 3.1666 1
386.24 373.62 309.02 356.82 4.6782 1
232.69 244.74 290.17 279.5 7.887 1
235.78 239.03 316.4 286.34 8.1622 1
301.68 322.79 286.47 294.35 2.2015 1
304.3 288.02 136.45 120.23 2.6783 1
421.66 406.46 172.79 165.74 1.9083 1
308.64 286.3 174.63 153.21 3.7593 1
390.53 376.2 340.77 359.06 8.1361 1
319.19 276.56 150.24 129.26 2.3813 1
403.9 390.63 326.33 340.61 5.624 1
403.9 341.5 164.62 135.64 2.3899 1
414.93 320.25 196.3 150.63 2.6073 1
416.57 387.2 198.2 307.36 5.4402 1
275.5 248.05 128.87 115.02 2.7553 1
286.5 278.87 271.7 259.28 2.1595 1
422.94 417.61 175 191.93 3.5766 1
248.88 301.06 112.13 137.78 3.2539 1
427.32 462.61 163.74 135.35 4.1289 1
290.4 282.33 221.6 209.89 3.477 1
301.55 315.32 138 145.48 1.6952 1
244.08 242.98 229.12 272.88 1.9734 1
639.56 610.59 18.394 1.2576 2.8784 1
245.47 245.12 115.38 170.37 1.3454 1
292.79 270.49 106.8 96.376 1.4289 1
352.72 400.53 163.19 186.3 2.0631 1
272.89 246.44 242.85 226.92 2.1543 1
285.24 299.01 209.63 213.32 2.5012 1
341.6 295.36 129.17 107.9 1.4982 1
299.21 290.04 230.3 220.69 1.975 1
399.03 421.49 159.35 169.42 1.8885 1
258.76 274.18 230.98 240.28 1.752 1
281.33 292.85 259.19 261.74 2.8505 1
361.49 397.97 141.92 158.92 2.0996 1
292.75 304.12 121.16 122.91 2.6614 1
543.48 554.15 71.057 61.655 2.8142 1
330.51 354.43 127.58 138.45 1.8584 1
290.15 301.54 152.4 155.68 3.6036 1
525.64 542.71 84.476 71.409 2.5123 1
244.74 244.72 175.38 197.88 1.2684 1
506.66 522.46 100.42 87.368 1.7598 1
