202.04 161.37 351.26 167.65 4.7807 1
135.37 574.12 478.98 478.98 1.2522 1
638.98 638.99 411.62 147.87 1.2549 1
535.97 528.47 138.61 166.22 5.7037 1
528.52 488.71 166.47 316.51 4.8068 1
175.49 464.22 84.803 66.955 5.0402 1
464.53 536.53 66.204 139.2 4.3645 1
500.85 204.54 319.27 355.07 10.336 1
161.52 175.7 167.86 84.392 4.7439 1
597.67 639.95 65.774 87.518 3.8115 1
469.13 440.37 5.4679 5.7872 1.5414 1
357.87 317.88 2.1275 1.5948 2.583 1
548.85 583.52 37.193 54.054 3.7658 1
439.13 386.62 5.9992 5.9126 2.5536 1
641.06 614.13 93.234 77.872 6.0562 1
613.18 581.53 78.599 60.197 5.6055 1
497.92 467.9 6.2319 5.4855 2.5614 1
583.16 597.34 54.04 65.764 3.6501 1
386.56 352.97 5.0801 2.7911 3.3739 1
362.87 484.13 2.8095 3.1153 2.7333 1
583.74 544.06 58.618 38.004 4.9843 1
541.49 520.34 17.002 9.2324 3.2563 1
485.29 519.07 2.4176 5.914 3.259 1
519.54 545.74 5.5517 15.687 3.8378 1
519.27 496.52 9.3772 6.0957 3.1762 1
164.08 532.96 168.59 138.98 4.3662 1
110.37 44.091 1.5045 4.6612 3.8052 1
200.38 110.37 2.0652 2.1311 1.3058 1
42.889 1.6563 4.7134 3.8615 5.3088 1
166.43 204.22 175.42 346.6 2.0937 1
503.93 510.96 247.82 220.53 1.4851 1
511.69 520.66 217.89 184.2 1.7726 1
27.875 50.375 1.625 1.625 1.25 1
312.88 291.63 80.375 80.375 1.25 1
370.38 350.38 76.625 76.625 1.25 1
462.88 445.38 70.375 70.375 1.25 1
501.38 464.14 108.11 70.364 1.25 1
341.62 316.64 77.761 79.405 1.6577 1
