284.28 286.92 264.1 151.66 4.0878 1
638.98 638.99 412.87 147.87 1.2601 1
282.86 284.21 314.16 261.6 4.7419 1
287.31 287.57 152.87 116.64 5.2415 1
139.12 574.12 479 478.98 1.2692 1
512.71 449.88 177.39 368.55 5.1493 1
535.88 513.94 41.506 179.1 5.3849 1
287.44 389.47 117.46 14.466 4.4653 1
447.67 283.76 369.79 317.76 5.989 1
289.95 513.05 118.49 169.63 5.3503 1
371.83 395.4 165.93 172.77 3.4458 1
400.08 374 170.09 162.01 3.1275 1
395.18 372.86 203.51 196.68 2.8545 1
377.99 391.77 202.43 206.09 2.7375 1
390.19 535.06 15.177 40.882 4.6853 1
281.36 285.47 339.8 320.13 7.7982 1
290.68 290.41 121.63 146.63 1.4033 1
289.92 287.38 152.86 264.11 2.2135 1
429.15 400.35 205.67 205.05 2.8533 1
286.5 285.05 336.65 328.14 4.7176 1
286.88 286.52 266.63 314.12 1.3533 1
380.34 365.43 261.74 257.68 2.7406 1
419.13 390.38 264.34 264.56 2.5874 1
439.09 419.09 173.42 172.22 2.9444 1
407.87 381.64 313.99 314.57 2.6948 1
501.58 385.39 176.8 149.05 2.2689 1
421.59 370.37 183.02 170.41 2.3705 1
626.64 596.53 3.0829 5.4752 4.8853 1
445.28 444.19 371.52 385.38 8.7232 1
384.09 436.83 151.77 164.55 2.2805 1
639.13 627.87 3.4918 3.5355 1.2936 1
456.67 424.26 191.46 183.58 2.1003 1
368 291.7 169.85 151.3 2.2986 1
579.1 552.81 7.5381 9.4346 2.9431 1
361.54 380.52 147.04 150.92 1.9745 1
552.74 534.55 9.4443 1.848 4.7156 1
362.88 352.89 156.6 154.07 2.4231 1
595.4 585.36 6.9635 7.5767 1.705 1
291.42 313.99 147.41 153.38 1.7777 1
