137.87 574.12 478.99 478.98 1.2676 1
545.95 539.73 82.378 106.46 5.2337 1
538.42 500.52 111.12 257.26 5.3862 1
638.97 638.99 412.87 146.62 1.2644 1
479.12 516.56 17.888 31.795 3.4149 1
517.19 476.54 35.018 20.623 4.2961 1
170.77 439.33 79.9 27.7 4.7631 1
227.83 544.38 163.96 82.616 5.0524 1
438.31 479.59 0.41307 15.351 4.3989 1
465.28 435.35 13.15 2.9465 4.1408 1
538.74 517.64 46.314 34.554 3.5099 1
255.18 253.13 353.96 340.53 6.1784 1
517.32 553.59 31.536 48.986 3.7078 1
566.66 609.18 53.646 51.553 4.6252 1
502.95 254.06 259.32 355.21 9.4187 1
176.79 171.22 95.622 80.836 8.7808 1
611.66 566.74 54.608 58.076 5.4704 1
249.69 225.51 313.19 162.65 4.4548 1
439.76 544.62 27.822 81.836 4.0738 1
206.91 174.53 251.57 96.801 4.3633 1
639.36 620.49 41.344 45.84 4.0519 1
611.37 639.28 45.802 37.129 4.5659 1
251.43 249.86 324.34 313.83 3.709 1
251.82 250.8 339.41 326.59 8.623 1
607.9 566.68 46.042 44.194 3.8411 1
565.43 639 58.974 86.966 3.5671 1
590.95 557.39 73.102 57.688 4.0812 1
565.41 611.67 40.931 43.352 4.3399 1
622.91 639.46 47.779 53.076 3.1429 1
246.71 207.19 333.48 251.96 4.8098 1
639.26 591.64 90.012 72.832 3.9753 1
639.29 618.83 56.05 50.129 3.286 1
617.92 608.23 49.258 52.64 5.4892 1
477.23 465.59 20.272 13.738 4.4938 1
225.2 180.25 162.55 93.775 4.2262 1
557.33 538.73 56.654 48.802 2.7893 1
219.04 175.42 73.678 81.862 1.6895 1
628.04 635.18 80.94 56.568 9.8646 1
510.65 518.35 205.45 175.5 1.6268 1
521.28 534.37 164.03 114.19 1.6608 1
