638.98 638.99 410.37 149.12 1.2555 1
135.37 574.12 479.02 478.97 1.2884 1
391.62 371.85 175.21 326.49 4.6037 1
222.18 194.85 347.55 196.27 4.4676 1
372.87 222.8 327.83 349.9 8.0748 1
54.158 76.533 48.044 43.654 3.6334 1
194.71 190.88 195.4 95.356 4.3687 1
349.77 391.25 86.912 174.96 4.1861 1
316.8 295.39 10.724 13.004 3.6476 1
289.23 302.98 13.557 16.034 2.0172 1
76.8 86.609 43.138 36.602 3.1215 1
190.09 192.28 44.084 95.4 3.6601 1
84.668 93.993 15.988 7.7263 4.0622 1
27.868 1.6028 53.163 52.483 3.9427 1
1.6163 50.382 49.156 48.807 3.732 1
90.551 70.75 39.461 49.84 4.6426 1
292.92 191.63 37.43 42.897 5.4999 1
196.44 389.18 194.68 175.97 4.5188 1
327.9 317.91 1.6834 5.4606 2.4955 1
85.375 32.874 52.968 52.946 6.2607 1
304 332.85 15.779 11.481 3.7618 1
73.984 52.616 30.018 38.47 3.0534 1
122.74 113.82 11.669 12.677 4.6797 1
52.567 82.701 34.405 24.829 3.7855 1
257.88 232.87 2.2713 2.4093 2.5965 1
121.94 113.68 9.4119 6.7454 3.9527 1
114.51 102.81 7.1279 8.6235 7.4394 1
85.396 74.189 29.453 30.155 2.6512 1
173.07 129.32 44.218 50.492 3.3523 1
299.01 309.2 16.005 34.65 2.9094 1
75.383 102.9 50.719 50.113 2.0861 1
106.61 86.591 52.474 53.393 2.0385 1
131.78 171.52 47.545 41.013 2.7042 1
142.91 157.87 19.233 14.108 2.0591 1
305.2 297.47 35.471 21.169 2.7937 1
481.78 448.01 7.3386 14.762 1.9312 1
380.31 387.73 236.62 180.36 2.1772 1
200.98 208.36 211.74 252.79 1.602 1
370.27 379.82 314.11 239.21 1.8 1
415.37 394.13 17.694 17.877 1.3145 1
381.62 350.36 16.498 17.376 2.7448 1
122.89 110.37 50.649 51.51 1.7617 1
396.63 416.63 15.375 15.375 1.25 1
