638.97 638.98 412.87 146.62 1.2584 1
137.87 575.37 479 478.97 1.2796 1
293.63 321.78 145.66 167.67 4.5426 1
321.51 560.89 168.77 86.868 5.5426 1
200.54 437.47 73.743 28.279 4.734 1
563.3 497.81 85.793 249.1 5.5895 1
201.21 199.72 100.47 75.266 5.7274 1
298.88 208.65 360.74 258.45 4.5736 1
210 201.57 259.21 105.24 5.2994 1
289.17 292.99 142.81 145.65 3.3868 1
493.1 350.27 254.51 336.14 9.1539 1
283.44 288.91 138.28 141.94 4.5069 1
280.42 244.87 155.26 141.71 2.8388 1
278.88 248.69 186.07 175.34 2.6669 1
274.41 279.42 131.34 136.31 6.1971 1
254.05 278.91 148.09 157.22 2.1785 1
437.65 563.62 28.372 85.236 4.0578 1
309.51 292.78 358.59 367.7 9.7718 1
263.77 274.25 123.28 132.35 6.9256 1
257.66 278.07 180.93 188.6 2.4891 1
234.57 230.94 160.58 146.48 2.7667 1
263.18 244.83 238.44 230.36 2.9285 1
272.45 242.41 291.24 276.3 2.8541 1
258.73 263.54 119.34 123.32 5.6121 1
234.86 232.43 264.21 250.24 3.3221 1
206.21 231.17 104.61 125.68 2.6287 1
204.57 258.44 77.298 118.76 4.1129 1
233.8 245.48 248.58 253.88 3.3095 1
350.12 315.43 336.18 355.46 7.8851 1
231.12 243 114.15 118.81 4.1529 1
233.8 248.84 201.17 207.33 4.2082 1
639.22 606.67 19.716 15.035 4.0761 1
248.95 271.45 283.26 293.27 2.1625 1
246.27 231.58 144.4 125.41 3.4146 1
244.34 231.79 231.5 210.28 3.7698 1
232.73 249.08 145.76 151.74 3.4085 1
228.41 206.05 127.24 108.56 2.5822 1
241.88 259.64 223.09 235.21 3.3783 1
195.71 212.07 279.52 265.48 8.5377 1
235.8 241.96 210.17 222.71 2.2834 1
238.54 253.5 162.32 174.87 2.41 1
316.58 279.06 200.43 169.21 2.4052 1
248.45 234.48 176.08 161.29 3.737 1
605.98 597.49 15.002 1.0986 1.9227 1
318.96 255.11 176.83 125.71 2.7503 1
249.35 233.72 126 120.24 2.0853 1
252.77 269.07 141.9 148.03 2.0509 1
256.74 238.81 161.4 152.24 2.8685 1
269.32 315.31 157.64 195.45 2.3816 1
320.31 302.76 170.45 156.77 1.537 1
240.41 250.64 132.83 141.31 1.76 1
242.72 212.56 248.02 216.93 2.1978 1
276.89 257.93 167.56 151.56 2.2085 1
330.83 327.62 176.53 204.1 3.0611 1
327.27 317.56 205.3 285.34 2.5257 1
210.26 254.51 210.48 256.26 2.1878 1
276.97 315.43 139.93 170.3 1.9585 1
381.45 337.97 152.34 166.91 1.9863 1
238.87 226.2 113.2 103.43 2.0647 1
416.5 384.09 140.02 151.52 2.0144 1
208.74 220.1 162.02 173.16 1.25 1
221.93 210.11 178.82 166.89 1.25 1
233.85 250.13 185.67 200.64 1.5431 1
209.13 209.13 171.63 189.13 1.25 1
