545.33 506.27 119.44 267.78 4.7665 1
551.88 545.9 94.788 117.69 5.2606 1
136.62 575.37 478.99 478.98 1.263 1
638.98 638.99 412.87 147.87 1.2554 1
230.18 550.58 169.55 93.748 5.0617 1
448.56 551.43 36.391 93.227 5.3507 1
632.09 613.85 62.214 66.801 4.2389 1
579.17 627.92 63.293 61.91 4.7854 1
612.89 584.13 66.943 67.182 3.9474 1
229.52 223.1 187.47 161.26 4.3109 1
251.02 229.05 324.22 187.89 4.2499 1
179.56 448.12 85.276 36.719 5.6096 1
548.51 509 50.017 34.44 3.8144 1
184.36 179.06 98.822 86.131 7.8842 1
510 548.42 31.326 46.493 3.5493 1
256.44 250.24 357.92 334.42 8.5275 1
479.21 509.13 15.221 31.607 3.9685 1
206.96 182.1 224.31 100.28 3.9692 1
510.65 255.18 269.92 359.82 10.657 1
630.48 639.7 56.865 52.996 3.4582 1
508.44 482.56 35.527 22.247 4.9901 1
252.63 251.05 333.17 325.24 3.678 1
447.63 480.73 4.7833 16.907 4.1835 1
481.53 453.05 20.662 11.109 3.5776 1
626.65 592.83 56.389 53.447 3.3025 1
217.44 209.09 267.65 237.88 5.0624 1
209.52 207.11 237.56 225.04 3.7276 1
221.97 186.77 161.99 98.487 4.4785 1
548.45 571.24 48.068 58.708 3.6973 1
590.42 631.65 49.891 53.852 4.3086 1
560.48 548.61 58.969 51.162 3.4342 1
576.76 590.27 54.646 51.204 3.0633 1
582.96 639.68 68.914 91.467 3.6524 1
454.92 445.4 11.287 6.5697 3.9355 1
639.19 631.87 59.53 60.673 4.9402 1
639.22 592.4 95.13 76.584 3.4636 1
592.23 560.83 76.764 59.538 3.676 1
246.77 218.32 334.78 267.69 4.7715 1
592.84 578.91 53.938 56.854 3.158 1
86.63 1.5907 1.7299 5.9304 4.6704 1
527.44 534.61 175.26 148 1.659 1
516.57 526.82 216.61 177.93 1.994 1
535.44 540.74 145.39 124.22 1.25 1
