447.52 447.74 199.15 189.12 2.6397 1
136.62 574.12 478.99 478.98 1.262 1
456.45 457.91 138.97 149.12 3.7119 1
443.11 438.6 237.79 225.12 2.4354 1
638.98 639 412.87 147.87 1.2679 1
174.58 134.33 276.21 112.52 5.1559 1
442.87 446.38 226.34 241.68 4.3888 1
460.03 461.66 113.96 123.09 4.13 1
443.81 450.64 178.08 188.52 3.8227 1
458.8 446.66 148.85 162.9 4.1694 1
452.97 460.17 106.44 114.22 3.8108 1
461.96 453.14 123.3 133.12 4.9186 1
450.85 440.1 199.13 213.92 4.4107 1
440.19 443.41 221.73 227.58 2.6381 1
438.4 433.01 155.57 205.25 4.0881 1
136.41 437.86 111.13 142.97 5.8738 1
441.68 438.5 140.85 155.97 8.1103 1
444.65 437.61 241.9 255.24 3.3773 1
432.76 427.1 205.36 259.04 3.999 1
458.69 455.11 77.526 94.802 5.9112 1
305.38 439.12 1.8058 1.5885 1.4653 1
270.42 457.83 63.568 77.252 4.9234 1
469.01 507.79 8.4019 2.3446 6.9468 1
451.54 469.06 3.4713 1.1298 2.8091 1
414.12 401.61 6.1476 6.0739 7.5514 1
134.66 210.55 109.9 58.137 2.5844 1
404.16 346.63 9.0322 7.6827 3.2506 1
400.38 345.37 3.9368 3.1332 1.9255 1
446.71 415.33 5.4231 4.3934 4.1774 1
546.89 411.78 27.094 9.2329 4.1666 1
416.57 541.76 7.0762 23.065 3.2447 1
423.19 420.7 296.52 319.02 4.5571 1
465.44 450.35 6.7652 6.3331 6.3905 1
457.19 455.45 95.463 106.64 3.3212 1
356.61 260.41 6.9462 1.0983 3.8872 1
425.98 425.22 267.81 275.48 2.9791 1
506.62 469.17 7.8741 12.07 4.005 1
639.14 575.36 36.36 33.107 3.5925 1
590.29 629.07 30.744 32.672 2.8695 1
629.12 639.14 32.594 32.458 1.3682 1
350.4 415.4 4.801 7.2233 2.2732 1
542.67 589.22 24.321 30.953 3.3497 1
448.17 443.17 113.36 129.22 5.2083 1
448.03 446.32 162.76 179.09 3.4692 1
424.33 424.03 281.63 291.62 5.1859 1
452.71 449.76 95.333 106.79 3.0824 1
401.87 183.4 321.56 281.26 8.1274 1
432.6 402.41 325.74 320.67 9.0344 1
579.01 547.65 32.512 28.354 3.478 1
425.42 424.19 276.36 281.92 3.3922 1
444.26 443.52 189.21 201.66 4.189 1
426.66 426.29 259.13 267.81 2.8667 1
259.14 235.37 2.1091 1.6935 1.5339 1
442.12 440.92 212.77 221.53 2.6459 1
453.86 452.67 115.64 125.5 3.3811 1
450.17 449.92 140.43 151.64 3.9131 1
232.88 176.63 1.9555 2.2634 1.5099 1
420.81 428.11 230.3 154.15 2.6593 1
639.12 569.12 1.8654 1.7188 1.3547 1
274.08 139.1 129.56 115.57 2.4677 1
428.88 427.47 171.61 194.1 1.3262 1
414.86 417.99 295.33 260.39 2.1367 1
439.13 427.88 322.97 323.15 4.9994 1
179.46 176.74 298.12 287.84 3.3773 1
433.62 428.45 260.27 286.49 2.9181 1
426.38 425.55 197.86 209.14 1.7973 1
418.9 419.68 254.11 241.58 1.4034 1
