136.62 574.12 478.99 478.97 1.2654 1
638.98 638.98 411.62 147.87 1.2534 1
461.75 499.18 13.789 27.722 4.139 1
538.62 496.76 78.703 252.61 6.414 1
428.2 462.09 0.61012 11.417 3.8312 1
163.27 429.46 83.446 25.67 5.0665 1
494.27 466.15 28.679 19.307 3.5581 1
451.76 420.43 11.177 1.4572 3.2496 1
500.26 535.43 26.882 42.757 3.4571 1
519.83 495.02 38.691 28.244 4.0021 1
225.4 537 166.73 77.943 6.0107 1
429.81 538.22 25.304 77.254 4.158 1
498.85 254.74 254.72 358.89 10.823 1
168.27 163.08 96.452 84.732 8.882 1
256.18 252.39 357.68 342.05 7.2539 1
536.53 564.17 43.373 48.891 3.675 1
253.87 223.01 341.45 165.35 4.3633 1
565.36 594.1 48.976 45.178 4.6074 1
202.27 166.06 255.51 97.432 4.4651 1
597.89 555.41 49.339 53.268 5.4608 1
580.1 545.42 68.533 54.017 4.1028 1
553.13 623.9 54.669 79.752 3.3692 1
545.41 526.15 52.788 45.346 1.4253 1
561.79 604.16 35.204 40.077 4.4952 1
249.67 201.71 343.15 254.65 4.9585 1
465.94 450.93 19.24 11.759 4.4784 1
639.3 579.86 87.323 68.244 4.7447 1
49.094 1.528 1.2816 5.5417 3.6235 1
606.58 594.14 43.907 46.676 6.1006 1
591.64 551.63 40.599 39.921 3.0077 1
631.46 606.82 34.614 40.01 4.3138 1
601.45 627.4 37.141 30.914 5.3011 1
639.27 630.37 34.97 34.202 2.4861 1
633.62 638.67 24.678 6.4974 9.9698 1
1.6058 16.627 2.0956 1.7262 1.4955 1
618.91 606.54 48.757 45.701 3.3403 1
609.55 625.49 42.703 47.499 3.3583 1
548.87 561.81 39.342 36.14 3.0272 1
222.52 171.54 165.29 95.092 4.4797 1
613.94 619.89 73.746 51.167 8.9773 1
195.28 179.11 79.86 82.813 1.6788 1
