135.37 575.37 478.99 478.98 1.254 1
531.62 525.08 128.78 152.79 4.7137 1
638.98 638.98 412.88 146.63 1.2572 1
523.81 484.18 157.46 306.64 4.9488 1
198.88 157.13 353.62 168.73 4.9934 1
156.63 162.32 168.96 80.42 4.8653 1
489.35 197.57 310.5 358.51 10.053 1
454.06 531.03 56.804 127.39 5.5356 1
163.99 454.25 79.848 56.994 6.0731 1
161.46 529.19 167.6 128.49 4.8215 1
572.67 618.81 53.261 77.227 5.417 1
617.03 580.31 82.44 61.736 6.5907 1
617.02 638.82 78.495 92.115 5.8314 1
579.5 567.56 62.135 56.038 4.0267 1
527.64 560.85 27.114 43.145 5.2406 1
556.99 528.57 45.847 32.635 4.3251 1
567.72 552.2 55.59 44.57 5.2605 1
528.03 517.74 32.656 25.575 4.4397 1
559.51 572.33 42.67 53.268 4.7781 1
637.48 616.53 102.09 84.239 5.4622 1
519.09 519.16 26.625 11.62 2.5542 1
523.07 522.56 7.8361 21.66 2.9135 1
516.46 498.41 7.0531 0.21368 4.0732 1
174.9 180.32 231.73 256.64 1.4873 1
161.18 174.2 171.73 229.11 1.8479 1
186.98 194.11 285.3 317.88 1.7172 1
501.51 520.21 229.09 159.08 1.6806 1
522.09 527.47 151.75 131.52 0.98247 1
