638.98 638.98 412.87 147.87 1.2505 1
136.62 574.12 478.99 478.98 1.2533 1
574.57 509.85 157.59 342.69 4.4151 1
224.25 196.77 237.85 66.401 4.7315 1
199.13 274.41 67.865 135.06 4.2622 1
509.89 368.69 343.35 431.42 8.0749 1
136.93 111.61 28.722 37.831 9.3164 1
342.32 574.28 32.669 156.17 4.6461 1
147.97 133.08 17.157 15.123 4.6041 1
371.83 223.61 428.96 237.3 8.1355 1
99.102 67.767 23.864 26.675 2.4738 1
226.34 341.8 59.152 32.363 4.5006 1
30.28 40.433 43.402 42.063 3.1323 1
44.374 29.192 44.249 46.995 3.363 1
40.668 85.445 38.361 30.791 7.4127 1
134.39 131.39 15.05 1.1371 4.5261 1
217.81 199.11 89.196 71.636 1.3532 1
83.976 107.95 32.654 36.123 2.9952 1
75.953 45.244 35.377 43.639 4.0379 1
71.628 126.65 22.968 21.131 3.5811 1
111.63 76.601 39.104 35.614 3.727 1
221.35 198.42 59.548 44.546 3.255 1
49.012 8.1364 99.968 111.32 2.8796 1
202.39 225.91 42.954 58.31 3.4601 1
6.6563 0.74958 33.505 22.077 3.9428 1
1.4273 45.722 109.63 97.939 2.8031 1
200.34 226.36 42.768 34.549 2.3214 1
4.8487 14.68 5.1209 33.119 5.735 1
70.155 49.93 25.742 13.617 3.2216 1
506.92 568.39 341.73 165.56 2.6 1
24.61 1.6059 70.413 79.074 2.9316 1
316.66 351.83 20.501 9.7988 2.4949 1
351.94 318.22 12.67 22.764 2.6472 1
229.3 256.48 33.773 28.404 2.4375 1
156.79 153.2 12.822 1.5212 2.4388 1
229.1 225.58 253.73 242.81 6.374 1
46.383 67.65 97.284 88.575 2.3684 1
257.79 302.87 28.407 22.874 2.07 1
47.701 29.038 4.3072 7.3406 3.902 1
275.05 393.89 135.75 239.39 2.6513 1
204.63 223.99 94.244 215.4 2.3736 1
1.2672 15.506 75.564 70.763 2.3962 1
198.02 152.9 88.41 100.45 2.6652 1
112.86 140.28 77.83 68.845 1.9663 1
317.91 260.44 23.17 30.846 2.5587 1
374.93 353 0.74442 11.877 2.2637 1
77.824 49.389 86.514 99.694 3.125 1
151.89 194.28 97.589 85.928 2.5314 1
429.42 393.02 219.81 235.7 2.4148 1
395.46 439.43 238.06 218.55 2.1562 1
371.36 311.69 215.68 164.05 2.4727 1
234.12 214.07 35.354 41.431 2.8999 1
84.328 101.39 28.886 25.464 3.428 1
233.55 227.36 275.18 253.91 3.4047 1
527.84 568.12 177.8 159.68 2.9637 1
441.51 472.64 217.62 203.61 1.7089 1
523 497.85 132.65 119.17 1.4555 1
80.506 60.583 12.491 15.502 4.01 1
391.99 380.5 233.7 223.98 1.7616 1
99.834 96.755 7.5422 0.97765 4.5267 1
