136.62 574.12 479 478.98 1.2669 1
638.98 638.98 412.88 147.88 1.252 1
197.56 160.94 270.19 88.76 5.913 1
161.19 283.41 88.335 30.244 4.3833 1
283.79 584.77 30.366 111.37 4.721 1
465.17 455.22 383.27 409.85 9.2209 1
584.37 576.25 112.42 130.2 7.4399 1
445.98 192.12 407.61 269.47 11.174 1
577.83 524.93 131.16 278.16 3.9971 1
526.86 469.27 278 384.88 4.5767 1
514.24 463.31 216.66 382.24 5.0558 1
573.08 515.51 129.26 216.72 3.8197 1
163.83 511.42 89.936 218.42 4.2734 1
35.276 20.512 66.948 62.427 3.6828 1
41.414 117.29 65.989 92.079 3.8822 1
21.466 37.408 58.31 64.149 3.0914 1
110.48 36.18 93.817 68.054 4.4095 1
117.29 73.47 92.91 114.01 3.2131 1
15.789 107.2 137.49 93.949 3.1723 1
88.041 150.4 44.741 27.974 2.4257 1
44.163 81.722 62.963 46.851 2.1375 1
194.52 163.19 11.137 27.235 2.6718 1
72.946 16.719 114.27 141.82 2.6523 1
174.11 195.44 19.101 6.7306 2.3357 1
101.86 81.516 43.629 50.028 2.5194 1
162.7 124.22 27.273 38.206 3.0607 1
176.28 181.49 131.69 159.15 1.9277 1
205.24 195.18 1.467 10.154 1.8917 1
