139.12 574.12 479.02 478.97 1.2936 1
638.98 638.98 411.63 147.88 1.2521 1
208.14 162.48 299.95 138.53 5.9276 1
457.74 312.91 23.732 1.3753 5.1238 1
346.74 207.67 351.73 299.68 7.7633 1
161.43 303.1 137.87 18.144 5.7832 1
324.21 384.09 0.89563 8.1503 2.8948 1
428.41 346.79 196.26 356.71 5.3094 1
382 458.89 138.52 27.324 7.197 1
456.02 435.63 47.976 177.91 6.1247 1
619.01 639.77 1.873 11.482 4.2849 1
639.62 625.56 6.608 1.1579 3.2346 1
435.58 428.72 178.24 195.99 5.9372 1
165.18 348.99 138.58 189.62 4.0674 1
460.65 455.87 31.34 47.654 5.7081 1
349.13 348.07 191.62 347.88 3.1723 1
459.04 415.4 17.163 10.226 3.1719 1
431.71 461.63 10.853 14.069 2.5265 1
506.67 539.16 48.828 53.904 2.1999 1
549.25 491.69 58.3 49.926 2.5198 1
354.93 381.84 178.83 138.01 3.5778 1
485.42 460.34 48.789 45.619 2.1808 1
462.9 482.83 42.691 45.672 1.791 1
544.55 549.93 42.62 25.236 2.7577 1
