177.64 145.72 218.92 62.805 4.6206 1
135.37 575.37 478.99 478.98 1.2612 1
638.98 638.99 411.62 147.87 1.2607 1
460.14 435.62 90.134 241.26 4.6648 1
615.51 613.85 1.4424 11.58 5.3376 1
327.25 176.61 301.72 220.21 9.4431 1
146.95 370.71 64.419 138.11 6.8968 1
436.13 361.7 241.12 314.2 7.2176 1
371.42 459.41 137.54 82.079 6.3899 1
550.48 595.42 2.7145 6.031 7.061 1
621.52 631.8 11.204 8.5567 6.6759 1
569.36 490.14 15.036 3.2041 4.2227 1
427.53 424.53 185.3 199.21 3.2355 1
611.73 569.03 13.141 8.7601 5.134 1
368.86 327.95 322.19 301.44 9.5327 1
529.12 550.39 1.7242 2.5713 2.5975 1
445.34 459.18 78.187 79.915 4.8067 1
567.95 507.95 8.4815 1.036 2.8254 1
639.26 620.45 14.196 16.13 6.4729 1
639.44 570.07 30.15 15.571 3.7943 1
543.07 639.2 6.914 26.234 3.4778 1
421.37 419.27 227.83 240.4 2.6637 1
147.15 251.93 63.287 30.077 5.261 1
371.32 365.18 141.54 247.86 4.1763 1
174.92 180.05 190.47 215.44 1.7279 1
419.2 431.8 137.16 135.34 3.7113 1
620.81 615.24 16.023 14.704 3.937 1
364.56 364.01 144.11 172.87 1.5838 1
168.6 171.93 159.23 175.31 1.4771 1
355.4 362.25 280.38 141.66 3.0957 1
639.08 623.8 23.054 19.168 2.9976 1
252.57 447.55 30.382 77.938 4.5021 1
512.86 541.64 4.2883 7.7367 1.3381 1
361.04 360.11 219.11 247.87 1.6147 1
362.8 362.21 177.87 205.39 1.651 1
389.09 368.93 322.08 320.6 6.4158 1
446.46 449.68 155.35 136.72 1.398 1
346.53 291.68 134.43 116.45 1.9663 1
