638.97 638.99 411.62 149.12 1.2596 1
480.71 432.42 115.14 303.37 6.5228 1
136.62 572.87 479 478.98 1.2717 1
204.32 193.57 189.11 32.827 4.4269 1
276.13 201.99 315.15 189.65 8.0699 1
433.25 403.84 297.43 311.2 10.597 1
640.28 565.03 16.736 -0.9681 10.951 1
307.57 481.07 146.04 117.04 10.699 1
619.14 639.44 1.5305 3.7272 4.971 1
296.11 276.41 345.71 315.15 8.8731 1
293.2 302.91 332.89 149.19 2.8151 1
304.8 304.43 149.11 170.38 1.5758 1
594.28 574.03 24.489 20.905 5.9366 1
304.37 301.67 171.57 224.13 2.4016 1
298.38 308.26 339.15 150.4 3.4242 1
306.7 295.25 355.34 344.19 11.616 1
230.01 308.3 64.483 145 6.922 1
300.38 300.38 230.38 257.88 1.25 1
462.64 467.09 172.82 155.49 1.5214 1
195.55 325.47 28.392 20.733 8.7348 1
296.63 296.63 305.38 332.88 1.25 1
555.24 580.34 12.217 18.025 2.2541 1
299.13 298.39 267.88 286.6 1.6446 1
325.16 475.15 21.508 114.02 7.9357 1
403.12 302.99 309.87 343.23 11.067 1
428.96 427.15 316.6 326.94 6.5873 1
527.85 554.07 1.6884 11.776 2.0617 1
609.13 639.25 26.621 34.935 2.1591 1
573.21 559.65 21.472 18.2 4.5248 1
639.63 594.04 39.857 26.914 4.9732 1
537.93 526.72 11.503 6.4219 4.1452 1
556.75 548.07 17.211 15.591 2.5814 1
