638.98 638.98 412.87 149.12 1.2528 1
137.87 575.37 479.01 478.97 1.2839 1
260.63 266.49 290.43 130.46 5.9318 1
401.86 259.82 371.21 291.64 5.3619 1
266.5 267.12 127.93 99.162 5.5083 1
269.76 464.84 99.43 176.72 4.5186 1
266.46 423.47 98.823 21.587 5.0565 1
410.58 404.2 357.96 373.1 8.8528 1
564.97 501.39 63.485 227.5 5.3377 1
371.66 337.65 199.02 188.6 2.9503 1
345.37 367.71 194.14 200.92 2.8624 1
423.79 563.93 21.538 62.302 3.8423 1
349.1 364.21 161.71 166.34 2.854 1
377.83 345.4 165.57 157.75 3.1475 1
361.14 327.31 257.97 245.68 3.1062 1
257.27 262.71 320.24 295.34 11.484 1
341.69 356.67 253.92 258.99 1.9846 1
501.63 492.55 225.9 241.44 5.9417 1
364.01 371.83 165.7 168.56 5.1251 1
457.59 332.98 183.59 133.86 2.3334 1
391.5 376.86 202.25 199.24 2.6667 1
353.68 326.41 306.65 297.26 3.0222 1
454.23 408.01 209.94 358.31 6.0434 1
461.32 455.38 186.52 203.32 5.689 1
396.59 386.61 169.96 169.57 1.5912 1
272.65 347.89 129.65 161.58 2.8229 1
491.95 413.42 241.42 359.49 5.2178 1
451.77 272.73 207.52 133.22 2.7724 1
325.18 347.84 299.64 307.98 2.2239 1
267.25 266.31 192.86 239.12 1.5567 1
639.14 580.28 34.096 1.8051 3.6446 1
265.44 264.13 242.88 287.88 1.9763 1
315.52 304.52 290.26 276.31 3.1508 1
332.28 319.23 149.57 138.99 3.8844 1
328.23 314.42 182.51 168.83 3.5518 1
269.55 268.41 132.86 187.89 1.8523 1
270.37 270.37 104.13 124.13 1.25 1
326.08 308.17 244.66 226.33 2.8705 1
371.67 390.31 171.51 179.27 1.7347 1
319.06 332.9 169.58 171.41 2.8071 1
362.84 436.84 142.97 172.34 2.0295 1
305.34 272.93 116.72 103.98 1.4514 1
311.53 325.51 225.93 228.31 2.883 1
299.34 268.08 259.96 243.72 1.8583 1
267.83 300.58 240.46 257.48 1.9954 1
373.04 389.03 152.49 159.34 1.2109 1
429.26 406.53 266.33 255.58 1.5428 1
305.27 320.36 275.09 276.73 2.4854 1
341.77 369.01 140.01 150.68 1.7257 1
321.52 340.3 137.54 139.73 2.8339 1
378.64 388.87 192.31 199.49 2.4596 1
407.99 388 313.9 303.88 1.0528 1
