638.97 638.98 412.87 147.87 1.2555 1
367.04 365.1 1.588 45.363 3.691 1
136.62 574.12 479 478.97 1.2742 1
510.01 457.66 151.2 348.4 8.1079 1
238.79 238.62 30.389 11.629 2.5779 1
458.94 304.36 349.44 380.3 7.8108 1
579.03 591.62 36.591 1.1792 5.2873 1
202.67 202.48 30.377 6.6282 2.6195 1
496.58 509.14 149.2 149.04 10.061 1
234.81 234.53 10.381 44.128 5.157 1
199.23 199.75 6.5936 29.139 2.9319 1
183.12 181.72 26.684 2.9434 3.0049 1
244.66 245.15 34.109 11.593 2.4994 1
488.38 487.24 17.765 25.466 3.8043 1
205.82 204.84 14.143 37.904 3.0638 1
153.2 155.16 1.488 24.035 3.084 1
195.86 196.67 31.592 12.877 1.7866 1
239.41 233.85 245.78 215.2 6.3728 1
235.06 233.57 214.14 69.118 4.1277 1
368.39 370.84 39.159 1.574 3.1445 1
109.41 111.81 1.4623 24.106 3.2037 1
389.34 369.08 1.0465 37.147 3.8051 1
486.83 485.35 26.531 42.873 3.0522 1
485.23 471.53 39.986 1.2172 3.9454 1
608.13 639.67 59.323 66.864 4.9158 1
69.009 72.354 7.686 27.754 2.6716 1
82.926 79.407 26.833 6.5759 4.0705 1
279.82 278.63 15.435 29.19 2.5983 1
158.88 156.33 20.408 1.4963 3.8837 1
490.4 489.34 1.3048 17.728 8.0093 1
101.61 104.17 1.4679 21.619 3.4054 1
166.6 165.66 21.626 5.3583 1.8962 1
247.42 246.86 19.107 32.885 1.7031 1
161.74 164.02 5.3553 19.143 2.67 1
467.41 481.8 1.3355 40.311 3.4082 1
294.63 295.06 6.6117 22.85 2.7626 1
315.39 495.49 161.86 151.01 6.1938 1
627.47 608.31 1.0553 56.776 3.6208 1
168.29 168.71 5.3633 20.351 1.6004 1
75.684 72.916 26.772 9.1185 2.8571 1
224.96 224.41 32.887 14.153 2.6455 1
61.918 65.11 6.5754 25.42 2.6939 1
90.181 89.072 1.5611 26.623 4.0228 1
373.69 393.92 35.844 0.78478 3.7874 1
640.31 603.71 79.773 69.799 9.5345 1
298.91 298.41 26.632 11.607 1.6285 1
107.95 105.49 24.253 1.6128 3.5678 1
254.48 255.52 7.8523 24.115 1.7289 1
62.146 57.873 28.021 6.6254 3.6756 1
76.314 79.044 11.456 26.64 2.9029 1
356.65 361.79 44.278 1.346 9.1776 1
214.94 214.22 36.639 14.162 2.8617 1
133.09 134.33 5.3588 21.609 1.8184 1
139.72 141.85 4.0571 22.849 2.7655 1
138.08 136.53 24.211 5.4862 3.5311 1
101.97 96.308 21.527 1.3628 4.436 1
114.69 113.25 21.685 5.3422 2.1596 1
25.444 29.861 8.4929 26.444 4.5759 1
183.83 187.59 11.695 27.648 3.3632 1
120.12 119.36 19.139 5.3621 1.8027 1
69.125 66.307 27.875 10.426 2.8667 1
283.65 240.79 347.55 245.92 5.2032 1
31.495 29.797 21.742 1.6739 3.3343 1
570.21 579.52 34.078 1.0309 4.9994 1
216.94 217.39 16.616 31.639 1.6196 1
597.87 622.89 1.7496 2.289 2.5264 1
146.24 144.39 21.889 1.7149 5.8922 1
586.65 576.89 1.0969 23.701 5.7635 1
511.63 570.38 33.469 33.66 3.9326 1
178.93 180.51 10.255 24.11 2.3425 1
46.192 44.222 22.927 6.6132 3.8728 1
298.14 283.57 379.67 348.13 6.98 1
304.02 311.21 269.12 172.94 2.9941 1
639.35 603.8 98.243 89.159 3.1212 1
306 315.13 314.17 192.95 3.5517 1
363.71 497.71 69.891 143.18 4.7127 1
315.08 316.32 190.3 164.11 3.0324 1
604.48 572.61 89.532 75.987 3.2216 1
306.35 298.51 391.05 377.72 8.6213 1
47.546 50.335 6.489 25.381 3.5272 1
605.45 639.17 86.35 95.207 2.4292 1
33.202 35.776 10.314 24.05 2.6875 1
479.18 375.4 41.403 37.354 3.6009 1
491.59 509.18 32.741 33.231 5.3462 1
516.74 511.09 1.3953 29.269 2.4682 1
573.96 552.56 69.733 64.051 3.1329 1
428.09 412.88 210.47 212.91 2.7098 1
577.95 605.05 75.2 86.175 2.8711 1
425.28 401.72 269.89 274.58 2.4575 1
604.06 582.82 44.505 40.7 3.8195 1
149.25 148.36 40.432 22.787 3.6179 1
411.51 391.75 323.63 328.38 2.4307 1
552.82 590.35 59.312 57.327 2.6223 1
444.12 422.96 174.09 179.45 3.3112 1
17.976 24.588 0.77887 11.335 4.1094 1
301.24 299.78 24.1 46.667 3.3766 1
262.66 315.14 101.82 159.45 4.0915 1
500.39 401.67 159.47 164.98 2.8392 1
508.5 513.87 29.246 1.5756 2.4903 1
602.88 557.87 60.784 61.342 2.6081 1
300.75 305.37 375.5 316.72 5.4913 1
310.38 310.38 209.13 226.63 1.25 1
385.35 366.59 328.36 327.55 2.0687 1
396.6 376.52 274.5 272.98 2.2096 1
559.17 574.44 62.701 66.648 2.6923 1
493.46 491.51 19.01 30.355 2.0778 1
74.056 62.773 5.192 4.4645 6.3175 1
371.63 415.42 43.965 45.29 5.4515 1
471.69 317.86 183.68 195.23 2.4272 1
404.13 384 212.84 210.07 2.6909 1
611.38 630.59 56.54 1.2653 2.1097 1
422.87 432.87 184.06 182.82 4.0284 1
421.7 447.81 199.62 202.3 3.4743 1
434.09 494.1 183.64 178.87 2.2114 1
492.89 472.87 181.95 182.86 1.819 1
407.78 421.61 312.25 314.25 2.9983 1
431.57 452.83 168.36 170.8 3.5832 1
4.367 7.7747 5.3077 17.555 3.2777 1
319.09 411.63 191.05 185.43 2.5304 1
412.93 434.14 259.67 261.38 3.6373 1
469.14 499.13 158.14 156.78 1.759 1
323.02 306.95 398.83 390.97 6.2109 1
7.9052 19.394 17.749 20.501 3.6468 1
416.6 456.61 45.445 46.107 2.6442 1
572.98 560.32 39.933 40.602 5.2567 1
442.87 460.36 160.29 158.9 1.7417 1
301.54 303.88 296.62 270.35 2.5737 1
22.487 17.371 19.839 8.0947 3.2337 1
17.726 7.7987 7.1615 4.399 2.3175 1
477.86 471.16 39.13 20.544 1.3992 1
297.03 282.95 50.613 54.409 6.6853 1
559.19 545.33 40.722 39.787 2.9991 1
237.88 364.12 70.675 70.538 5.1039 1
