638.97 638.99 414.12 147.87 1.2625 1
135.37 575.37 478.98 478.98 1.2533 1
223.62 199.08 258.84 87.703 4.9541 1
602.68 530.37 153.54 332.87 4.5826 1
49.06 60.226 44.966 43.189 5.9758 1
332.41 602.12 44.026 152.24 4.9343 1
198.07 332.02 87.24 44.091 4.7353 1
231.74 223.42 266.55 258.52 7.1641 1
80.476 55.369 34.464 31.68 4.1379 1
65.466 41.075 46.822 58.134 9.3184 1
433.25 427.57 426.88 435.17 5.3182 1
530.63 433.95 331.89 427.68 5.7624 1
60.428 69.223 28.632 28.011 3.0219 1
194.34 126.95 88.713 53.496 3.5958 1
39.148 1.5551 58.696 56.674 3.6104 1
143.78 196.94 58.544 86.015 3.257 1
130.11 142.98 50.878 57.678 3.3156 1
9.0713 34.128 53.696 55.334 2.9026 1
1.4104 11.865 52.366 51.09 6.9608 1
1.5546 51.679 41.379 39.019 3.7321 1
420.69 236.51 429.18 271.76 10.712 1
201.11 473.21 88.763 247.29 4.123 1
476.9 429.32 245.77 427.93 4.2601 1
81.305 86.762 1.3625 20.689 4.2883 1
197.29 175.79 89.648 97.725 4.2412 1
44.174 29.172 42.225 43.453 1.9687 1
140.53 191.42 105.83 88.535 3.4136 1
85.195 77.098 27.931 1.8665 2.9205 1
176.68 200.33 45.63 40.198 1.8769 1
261.61 222.95 31.564 39.487 2.4792 1
209.46 210.89 126.6 142.83 2.9278 1
231.33 225.71 278.49 264.49 3.7161 1
27.875 10.375 42.875 42.875 1.25 1
211.43 227.22 142.9 257.97 2.8166 1
212.92 251.76 38.119 31.125 2.3378 1
175.31 106.39 97.704 122.21 2.6956 1
204.96 209.06 97.935 126.45 2.8394 1
6.0221 1.6611 11.881 1.6097 3.2782 1
94.759 90.066 19.286 1.3783 3.6858 1
222.61 179.04 38.995 47.439 2.5404 1
293.03 277.46 18.198 25.767 1.8281 1
531.54 574.4 321.59 215.49 1.6502 1
5.9267 9.7827 1.4114 11.37 2.5943 1
57.429 50.117 23.061 5.4823 3.0842 1
11.554 24.166 11.081 9.4424 2.9623 1
104.1 140.27 119.07 106.33 2.9214 1
271.86 293.03 24.676 15.735 2.253 1
575.3 596.28 212.84 161.48 1.4848 1
169.05 148.01 51.385 58.288 2.0223 1
257.92 206.36 126.54 95.812 2.1903 1
494.44 476.83 233.33 245.66 2.6612 1
