569.01 519.57 51.242 227.65 5.1201 1
137.87 575.37 478.99 478.98 1.2629 1
638.98 638.98 412.87 146.62 1.2543 1
227.99 190.35 257.85 81.098 4.8674 1
464.78 569.39 94.468 51.57 6.5898 1
190.67 440.55 80.073 3.4428 5.1947 1
462.94 568.42 11.44 51.007 5.2647 1
288.32 464.6 166.46 94.723 5.3179 1
520.93 312.47 230.08 350.93 8.5751 1
569.1 537.14 15.25 21.675 5.4073 1
524.28 565.43 17.122 13.441 5.5175 1
564.5 581.68 10.952 -0.20752 4.398 1
306.33 227.46 352.35 254.46 6.0296 1
506.91 473.23 15.993 0.83811 4.6173 1
480.65 515.59 0.85749 13.545 4.6942 1
592.8 576.69 1.3261 5.6174 3.6236 1
579.72 567.25 5.6343 13.833 4.2065 1
516.35 527.28 13.832 3.4961 4.2938 1
305.16 288.36 348.01 167.83 3.9153 1
564.08 522.75 7.1279 9.4149 4.7161 1
536.77 526.65 20.825 19.011 2.4972 1
526.46 539.41 5.971 2.7725 3.9262 1
592.18 597.38 13.546 7.2508 3.0665 1
561.75 524.23 37.492 25.065 4.3921 1
607.51 559.42 50.43 36.847 3.6363 1
525.16 516.99 24.49 19.744 4.9514 1
194.97 205.9 87.963 139.01 2.0962 1
586.4 591.51 37.829 13.111 8.863 1
531.78 583.25 23.601 39.135 4.0863 1
539.13 570.33 2.7392 4.7638 4.261 1
587.85 574.19 14.22 11.308 3.407 1
640.3 627.88 2.9247 14.131 4.9341 1
597.84 616.69 7.6742 8.2376 4.7736 1
533.41 552.95 166.77 95.394 1.8658 1
521.53 528.37 209.1 184.26 1.7468 1
261.82 231.44 141.39 115.59 2.4274 1
580.32 588.02 8.2715 9.3341 2.9893 1
441.27 452.71 3.7643 8.2876 2.1082 1
