464.69 441.48 132.6 297.68 5.667 1
638.98 638.98 412.88 149.13 1.2539 1
136.62 574.12 478.99 478.98 1.2649 1
614.17 602.84 18.404 18.13 3.9297 1
205.31 180.69 237.68 90.322 4.5721 1
331.4 463.51 182.27 133.33 6.1725 1
294.83 464.13 64.218 132.87 5.6638 1
441.85 336.13 297.38 359.53 6.3245 1
535.5 616.42 0.68469 11.847 6.5752 1
183.68 332.02 91.087 183.5 5.6168 1
211.85 205.8 245.83 234.57 6.8542 1
639.25 631.55 2.4141 3.6521 3.2617 1
561.41 471.76 15.447 0.82699 11.103 1
613.3 635.74 38.036 42.073 9.3995 1
622.91 611.83 26.767 29.86 3.948 1
597.44 561.16 21.746 15.671 10.889 1
97.401 98.099 2.8971 17.865 3.021 1
477.86 514.12 18.811 19.036 3.8898 1
332.16 212.04 362.32 246.15 8.0698 1
639.29 616.25 53.34 48.371 3.7389 1
512.97 497.87 24.177 22.946 4.6789 1
639.23 615.46 47.205 43.566 2.4712 1
53.502 55.225 2.7893 15.396 4.3925 1
351.67 331.25 371.53 361.11 7.7267 1
63.276 69.342 20.134 23.763 7.0777 1
445.1 457.67 250.34 161.6 2.1145 1
181.89 294.44 89.098 64.294 6.228 1
614.57 532.89 47.102 29.065 4.6747 1
109.28 118.62 12.361 10.43 6.3736 1
618.29 622.47 9.3273 0.81184 4.4879 1
624.19 639.2 47.456 49.941 1.8535 1
639.18 624.08 28.402 27.314 3.3915 1
531.72 513.01 29.931 25.98 2.8941 1
327.46 324.78 351.63 186.61 3.0144 1
496.66 461.68 23.87 18.779 3.194 1
523.1 594.3 24.245 38.213 3.0808 1
409.11 422.96 187.72 186.13 2.9114 1
102.17 100.48 11.534 1.3988 3.0827 1
441.52 476.65 8.2552 17.791 2.7402 1
441.15 438.95 307.7 329.11 5.7416 1
401.56 428.16 165.06 159.14 3.7933 1
440.48 443.4 285.39 260.44 1.25 1
164.63 134.61 21.518 34.902 5.2129 1
461.45 432.4 18.447 9.4182 3.3717 1
405.42 418.03 236.94 235.29 2.0161 1
328.09 329.05 210.37 286.63 2.0242 1
413.08 395.73 247.07 254.9 2.1678 1
400.34 412.95 279.78 278.96 2.9776 1
619.15 635.49 17.623 19.118 3.2789 1
458.07 419.09 142.16 156.52 2.0999 1
637.83 625.42 14.636 13.624 2.1871 1
470.56 455.46 3.4701 1.9791 4.1003 1
344.12 363.97 201.61 193.72 1.4166 1
