638.98 639 411.62 149.12 1.2643 1
137.87 574.12 479.04 478.96 1.3105 1
322.97 510.33 226.75 85.317 4.8218 1
410.71 443.17 43.298 36.876 4.3796 1
444.14 419.14 39.179 46.659 4.3196 1
465.36 449.25 22.828 29.423 3.0511 1
442.46 464.46 30.871 18.719 4.1477 1
281.45 316.84 7.3795 15.696 5.2999 1
422.88 411.72 44.167 45.166 3.0472 1
172.12 379.28 147.63 45.698 4.7278 1
304.04 264.1 15.83 7.9963 4.279 1
324.28 373.11 19.693 30.583 3.8093 1
355.59 312.49 30.677 20.793 4.7955 1
260.25 280.71 2.0469 7.9683 3.7916 1
397.82 356.39 44.293 29.786 5.5453 1
510.27 503.08 87.097 111.18 6.4528 1
504.38 473.06 108.6 243.88 6.2463 1
316.99 324.87 16.783 19.406 3.954 1
495.25 491.19 1.379 24.047 6.4998 1
614.26 632.06 50.841 45.58 5.4199 1
402.78 434.16 32.08 28.192 4.3586 1
473.65 330.11 243.56 393.88 6.8192 1
401.63 412.87 40.081 40.392 2.672 1
466.29 470.86 21.27 0.89308 9.3585 1
639.34 621.75 56.194 55.306 7.2381 1
209.8 173.99 311.2 148.18 7.6107 1
371.5 398.98 30.76 39.572 3.9074 1
432.62 403.94 31.136 35.341 4.0405 1
114.14 1.5206 1.7824 13.084 3.8781 1
557.14 550.45 1.3991 23.281 5.3111 1
323.86 209.05 395.28 311.27 7.5522 1
540.61 543.99 26.354 13.754 7.0079 1
1.5449 95.302 9.5091 0.83957 3.295 1
266.04 254.02 7.8014 1.8289 3.3715 1
312.19 299.37 19.793 15.824 4.4915 1
491.79 475 27.155 23.266 9.3704 1
625.43 615.29 54.207 54.656 5.2158 1
435.28 442.91 29.409 29.903 2.4948 1
442.73 410.49 58.412 49.951 3.5673 1
440.34 432.82 33.087 31.973 3.2055 1
508.64 453.12 84.533 68.301 5.0387 1
467.83 484.18 31.006 32.172 2.2269 1
551.73 587.81 31.953 35.988 3.596 1
411.18 398.35 48.918 43.439 6.8853 1
414.23 458.08 47.438 58.315 3.0655 1
588.03 550.37 40.426 35.42 3.4664 1
467.86 443.06 64.205 58.326 3.0094 1
459.17 447.92 36.273 34.974 3.2948 1
379.48 422.6 46.636 58.858 4.9714 1
587.07 596.71 36.217 38.83 5.6019 1
614.2 597.76 54.378 53.062 3.3394 1
459.77 462.62 57.471 35.505 7.4373 1
511.74 534.29 42.181 37.382 2.6265 1
538.18 514.38 39.096 45.119 2.4092 1
622.53 632.65 39.739 41.605 4.0099 1
535.46 560.34 74.876 79.304 2.6804 1
186.5 308.37 154.35 219.44 4.8491 1
527.96 552.84 102.56 109.25 2.882 1
557.9 531.65 82.756 77.722 2.6907 1
632.96 639.61 132.92 120.64 2.9765 1
597.68 618.98 37.495 42.253 3.2573 1
552.8 527.9 113.14 106.55 2.4168 1
546.42 541.18 36.869 59.313 3.6519 1
620.46 600.49 132.54 127.44 2.1397 1
620.49 602.85 24.699 21.79 3.4967 1
