638.97 639 411.62 149.12 1.2714 1
137.87 572.87 479.01 478.97 1.2839 1
179.14 116.63 15.219 7.8527 5.2582 1
117.81 180.54 4.7809 11.332 4.3986 1
72.847 116.68 1.9238 6.0785 3.7333 1
466.68 422.89 11.22 12.379 4.3699 1
193.72 156.85 322.68 164.74 5.4875 1
187.83 215.56 12.627 7.688 4.08 1
221.43 200.51 7.3931 15.707 3.7395 1
115.46 74.066 9.0604 6.2427 4.8187 1
344.24 191.59 347.09 324.39 8.488 1
156.52 222.05 165.31 63.149 4.9841 1
65.378 20.389 2.6581 1.9792 2.99 1
360.98 359.71 193.89 204.35 4.5089 1
355.96 347.08 259.32 344.3 9.1669 1
386.56 251.5 33.519 20.393 6.0139 1
359.72 354.79 205.2 259.07 4.7602 1
372.58 361.01 126.57 193.2 4.0191 1
417.75 440.12 12.28 16.683 3.3987 1
249.88 227.99 20.853 55.448 3.8373 1
440.36 464.13 15.91 15.431 3.9255 1
448.33 442.48 7.37 2.0573 2.8614 1
235.32 195.24 23.36 19.198 3.4243 1
159.11 359.16 165.48 190.07 4.3632 1
369.38 386.98 131.67 35.211 4.0215 1
464.62 449 4.094 7.232 5.6354 1
196.63 179.2 17.803 15.9 6.4844 1
200.34 246.65 16.965 21.35 2.8424 1
73.681 66.051 5.8134 3.8084 4.8358 1
424.63 422.38 56.67 19.08 3.1827 1
426.59 429.78 19.128 58.027 3.5539 1
429.14 387.84 58.975 55.783 2.5827 1
384.82 380.13 62.798 96.764 2.8179 1
374.6 371.39 151.54 180.49 3.0359 1
380.17 374.73 97.854 150.44 4.2446 1
371.86 360.77 181.48 259.18 3.5342 1
605.34 551.65 37.323 34.91 2.1607 1
314.11 341.61 23.117 24.49 1.5601 1
387.88 417.89 52.834 55.186 1.8321 1
549.11 525.44 34.252 31.13 1.8931 1
577.88 602.88 34.125 34.125 1.25 1
281.64 292.89 21.103 20.876 1.4264 1
522.91 496.67 30.104 26.345 2.1234 1
