135.37 574.12 479 478.97 1.277 1
558.49 514.01 58.649 235.03 5.4491 1
638.98 638.99 411.62 147.87 1.2582 1
275.67 557.19 171.11 59.298 4.8935 1
530.72 564.26 25.629 21.428 4.8109 1
567.94 536.46 23.177 29.566 5.2033 1
432.8 559.68 11.833 58.525 4.2423 1
566.55 595.14 15.196 3.5583 5.0208 1
595.02 574.28 8.0026 14.609 3.847 1
494.47 460.42 18.106 6.4871 4.2725 1
459.4 435.59 6.7804 0.76758 3.3544 1
448.45 514.23 -0.15092 21.294 4.571 1
221.41 183.08 257.63 94.077 4.4684 1
515.44 296.17 236.18 359.57 9.3078 1
182.19 431.81 87.263 12.228 5.4195 1
614.17 601.62 7.2132 7.4906 3.7767 1
298.08 221.14 356.74 257.98 6.4436 1
520.42 530.53 22.618 24.546 3.2153 1
575.33 566.41 17.765 21.054 4.4305 1
515.96 534.02 18.737 11.361 4.1077 1
526.83 592.77 30.952 50.722 3.592 1
552.89 518.93 14.212 18.956 4.897 1
535.36 567.9 11.993 13.543 3.5674 1
536.55 526.62 28.466 28.049 3.9566 1
564.1 554.07 16.855 15.957 2.8244 1
595.56 532.6 54.755 36.316 3.5988 1
597.77 625.31 15.64 17.597 3.0317 1
296.74 274.49 351.61 172.83 4.0452 1
626.73 616.16 10.012 6.9783 7.5537 1
514.87 494.56 30.088 19.537 5.0563 1
531.82 516.15 36.209 28.754 4.8866 1
588.95 575.27 22.466 19.623 3.4171 1
577.89 590.57 16.577 19.529 3.0857 1
585.54 590.26 46.42 21.367 8.1359 1
635.41 606.61 18.677 20.063 2.5572 1
622.81 596.51 59.487 54.756 2.8769 1
524.25 540.66 181.66 115.45 1.8251 1
517.36 523.58 209 184.3 2.1124 1
606.66 631.57 53.868 57.033 1.8701 1
252.85 227.09 150.4 127.35 2.4026 1
