638.97 638.99 412.87 146.62 1.2676 1
136.62 575.37 479 478.97 1.2772 1
216.12 210.33 270.43 85.298 4.9164 1
348.52 564.69 178.9 90.498 5.1466 1
215.51 348.52 87.68 179.44 5.1052 1
209.54 436.75 84.711 33.448 4.595 1
566.69 499.67 89.883 251.33 4.5325 1
315.64 216.03 371.36 270.97 3.6665 1
500.08 364.44 252.43 342.73 8.3412 1
298.96 262.97 165.82 152.61 2.8955 1
252.54 244.42 144.29 127.73 3.9171 1
292.87 257.84 254.15 240.46 2.9313 1
296.52 263.03 196.92 184.95 2.7749 1
437.61 565.9 33.499 88.324 3.8217 1
353.68 319.37 349.04 372.66 9.9756 1
269.32 296.46 189.84 199.58 2.263 1
251.77 243.55 175.85 156.87 3.2504 1
248.34 242.9 228.98 211.62 3.4378 1
287.22 255.09 301.82 287.26 3.0233 1
247.35 242.24 278.02 260.2 2.5811 1
363.99 354.18 342.67 349.21 6.9346 1
270.3 284.3 248.05 253.7 1.4697 1
619.15 639.1 18.818 20.665 1.25 1
260.32 286.54 293 304.32 2.1384 1
246.21 265.16 156.51 163.47 3.2086 1
246.61 262.94 125.43 131.44 3.6414 1
355.04 324.44 185.32 365.43 3.0276 1
243.93 259.22 259.68 265.12 3.1935 1
203.95 219.09 288.92 276.33 8.6396 1
245.23 260.2 212.05 217.14 3.5254 1
258.18 248.94 239.94 229.29 3.0255 1
244.51 216.64 139.86 119.11 2.9866 1
214.7 216.06 120.36 170.39 1.9558 1
639.19 582.94 23.616 16.132 3.8024 1
345.52 286.58 181.42 140.43 1.8761 1
582.14 571.56 16.254 1.6696 2.5809 1
217.55 240.76 115.79 133.62 2.514 1
218.01 264.91 221.47 264.63 2.3187 1
340.65 274.59 211.25 162.25 2.3655 1
379.1 348.14 170.32 182.3 1.957 1
262.38 253.34 184.65 176.13 2.1786 1
216.57 217.36 177.88 220.38 1.6877 1
251.46 264.06 228.05 240.45 1.8809 1
217.55 219.43 226.59 270.36 1.7461 1
344.22 270.46 187.74 135.25 2.414 1
348.28 351.46 205.45 187.85 2.3395 1
262.84 250.28 224.21 218.08 2.17 1
288.86 324.66 169.48 195.9 2.5379 1
254.37 218.67 258.86 225.86 2.1141 1
427.81 380.49 150.22 169.42 1.9434 1
250.59 224.12 203.87 181.63 1.9549 1
366.63 352.87 156.12 155.92 1.4118 1
272.55 330.76 133.33 174.84 2.0444 1
341.21 347.4 250.31 211.55 2.2193 1
332.52 346.4 175.88 185.7 1.4933 1
333.88 336.95 294.09 275.43 2.0438 1
495.03 493.14 261.56 271.43 2.4327 1
325.71 328.6 341.68 324.04 1.4848 1
314.27 304.24 375.77 379.45 4.3818 1
