638.99 638.98 411.63 147.88 1.2539 1
139.12 574.12 479 478.97 1.2773 1
218.47 186.88 316.26 158.57 5.1436 1
390.64 370.8 177.75 330.43 4.6794 1
185.84 234.09 158.79 67.854 4.3278 1
194.37 112.87 8.7497 1.7405 5.8935 1
399.2 390.53 79.132 178 3.9289 1
147.9 185.46 1.2971 4.393 2.6969 1
185.41 210.31 4.4714 2.2051 3.2815 1
221.53 201.97 1.3362 7.6907 3.2105 1
367.83 217.97 333.25 315.8 8.2405 1
111.65 71.615 2.8917 2.1197 3.0297 1
402.77 265.33 20.644 11.021 4.7259 1
189 387.99 157.92 176.62 4.3699 1
263.87 240.46 12.743 57.262 4.3677 1
236.46 195.22 14.654 10.75 4.0353 1
434.13 466.63 1.8001 1.6295 1.3812 1
202.87 244.11 9.2119 11.928 2.7262 1
395.15 402.59 95.353 21.596 3.8658 1
370.03 367.82 335.32 349.12 2.2698 1
436.64 402.89 44.948 43.68 3.1083 1
404.1 427.86 40.853 41.905 1.6359 1
430.89 426.14 41.721 5.2754 3.7185 1
469.15 482.9 2.5975 3.8799 1.5929 1
555.4 544.13 16.884 16.58 1.3845 1
430.64 435.95 5.3378 42.97 2.9996 1
570.38 609.13 15.375 15.375 1.25 1
606.63 564.13 17.89 18.186 1.3806 1
377.23 379.38 256.69 236.65 1.5522 1
368.71 372.18 321.57 294.2 1.6927 1
542.98 520.39 15.829 12.777 2.0082 1
372.79 375.9 290.36 264.19 1.5979 1
