539.21 535.11 128.19 145.61 4.3676 1
135.37 575.37 478.99 478.98 1.258 1
534.82 495.05 146.15 296.54 5.8918 1
638.98 638.97 412.88 146.63 1.2605 1
223.67 166.61 364.95 92.616 6.1991 1
167.9 449.33 91.84 57.008 5.203 1
449.61 541.25 56.433 122.63 5.8557 1
532.07 583.21 44.61 68.396 4.3232 1
491.56 526.76 24.271 38.806 3.4155 1
575.59 533.15 68.635 49.755 4.5604 1
502.42 224.79 298.59 366.81 10.17 1
533.55 483.96 47.77 23.213 5.6761 1
187.9 538.1 180.55 123 5.2357 1
601.45 575.91 89.339 68.764 4.1367 1
639.25 619.09 93.449 92.16 4.9898 1
613.86 639.19 85.724 89.957 3.9104 1
582.97 604.93 69.902 82.405 4.0437 1
483.82 480.96 22.705 6.7436 3.5995 1
525.85 531.99 39.628 43.561 3.1565 1
130.39 1.5715 2.1432 6.1592 3.9759 1
480.5 467.3 6.3619 0.18448 3.5412 1
618.17 639.81 94.77 105.21 3.5353 1
639.31 602.99 110.05 88.919 4.6932 1
612.87 639.13 77.87 75.485 3.3954 1
639.15 614.03 78.169 80.732 4.0096 1
1.597 70.37 2.5205 1.3216 2.5214 1
605.54 588.73 84.997 77.519 1.7857 1
505.79 526.85 244.23 164.18 1.6559 1
