229.96 199.92 296.94 139.98 5.2431 1
638.98 638.99 411.62 147.87 1.2634 1
135.37 574.12 479.01 478.97 1.2841 1
416.74 448.28 112.91 20.088 4.4688 1
199.07 260.91 140.1 64.559 5.3666 1
374.17 227.69 335.18 298.63 8.1773 1
446.52 311.47 20.009 4.2009 4.7418 1
542.89 501.63 2.1147 2.9725 2.9152 1
310.5 292.64 4.2235 26.435 3.4952 1
396.52 392.04 180.2 215.59 3.9069 1
502.86 542.87 6.0452 6.7055 3.0359 1
392.04 383.96 216.52 280.51 4.2021 1
302.72 264.03 10.241 4.7624 3.9095 1
272.94 305.32 3.5296 7.1396 3.0387 1
383.37 377.78 302.49 331.61 9.3001 1
264.25 236.62 3.7155 1.6971 4.1044 1
202.68 395.22 140.18 175 4.6951 1
448.85 444.53 25.308 42.974 2.4284 1
443.94 422.7 46.595 177.85 3.7427 1
383.82 381.01 281.41 301.88 4.4425 1
261.31 281.19 63.872 38.783 3.1059 1
422.62 387.08 178.16 303.01 4.5252 1
495.17 496.94 47.865 11.579 2.8632 1
401.26 416.42 155.24 113.25 2.678 1
501.39 500.83 10.353 49.113 2.6091 1
203.63 224.39 142.73 250.32 2.1533 1
500.36 449.09 50.564 45.762 2.5268 1
449.03 492.94 42.507 47.269 2.1859 1
616.63 586.56 24.11 19.563 2.1705 1
