586.34 508.51 134.69 308.85 4.9282 1
638.97 638.98 412.87 146.62 1.2573 1
198.64 196.27 102.76 112.79 4.2922 1
139.12 574.12 479 478.97 1.2696 1
203.11 198 129.21 142.92 3.9504 1
205.87 199.16 94.742 102.71 3.8216 1
208.78 202.86 180.24 195.37 4.3536 1
213.92 207.23 224.02 236.94 2.8356 1
191.87 205.18 105.57 89.197 4.3049 1
194.4 200.36 141.73 126.14 4.7366 1
199.06 203.85 198.45 180.3 5.5378 1
200.2 212.24 243.39 220.05 4.4095 1
507.92 499.13 308.65 309.15 4.0252 1
198.75 207.11 141.85 155.83 5.5654 1
202.99 211.21 182.73 172.54 3.8922 1
210.33 198.12 216.65 197.72 4.4385 1
202.84 212.72 196.65 214.21 4.3578 1
204.11 497.89 52.807 54.587 4.72 1
197.01 203.37 112.85 123.84 4.3839 1
215.08 209.73 206.74 133.01 6.3611 1
210.51 194.45 165.27 144.86 5.9747 1
194.01 192.66 119.14 104.37 5.6652 1
216.68 216.4 235.44 225.38 6.144 1
201.01 193.17 125.95 117.6 3.76 1
205.51 202.88 89.208 54.031 4.2987 1
208.44 206.14 123.04 96.776 4.9811 1
217.57 215.11 224.17 207.54 4.216 1
214.11 585.42 145.99 134.47 5.249 1
213.84 202.81 266.08 242.23 5.3318 1
207.05 208.84 236.9 250.41 3.63 1
234.39 222.61 337.96 340.29 7.6 1
209.39 216.38 249.76 260.54 3.147 1
223.41 217.09 336.67 235.27 4.6047 1
498.46 586.64 54.878 133.01 4.3717 1
499.76 229.83 311.99 340.19 12.047 1
511.37 548.04 295.26 212.95 1.8097 1
391.63 285.38 56.625 56.625 1.25 1
503.15 498.06 319.86 330.46 5.0943 1
226.58 227.25 192.88 226.61 1.6182 1
549.16 578.44 210.39 144.38 1.6675 1
224.07 225.74 156.63 189.11 2.3035 1
224.41 224.1 226.62 199.13 1.4015 1
189.65 200.83 246.3 239.93 7.4372 1
229.13 229.13 242.88 261.63 1.25 1
230.31 231.61 285.38 305.38 1.8933 1
520.38 477.88 140.38 140.38 1.25 1
222.87 212.86 342.89 342.71 2.6353 1
216.81 217.95 184.11 201.62 1.8161 1
282.88 257.88 56.625 56.625 1.25 1
