469.85 462.29 1.5796 89.074 3.7361 1
521.19 508.06 248.78 313.17 4.3166 1
507.98 483.25 313.89 433.95 4.4633 1
638.98 638.98 412.87 147.87 1.2542 1
341.38 339.11 6.7011 36.718 5.0801 1
330.67 324.24 4.2797 16.686 3.9046 1
336.66 307.73 44.618 43.122 5.2731 1
525.51 521.97 225.17 243.95 4.1481 1
304.37 314.4 7.2075 24.489 6.1008 1
351.74 352.1 22.871 34.15 2.0358 1
319.39 315.18 15.283 2.9402 3.9801 1
294.03 294.76 1.6301 15.342 2.0022 1
527.89 525.72 215.08 224.21 4.2861 1
302.17 304.35 21.529 5.4062 4.6182 1
296.17 297.13 76.598 60.331 2.3488 1
326.65 336.04 29.512 16.212 9.3111 1
346.77 348.96 34.219 1.5304 4.9102 1
136.62 574.12 479.01 478.98 1.2773 1
335.6 336.81 79.226 61.552 2.7979 1
279.12 278.43 74.174 56.652 2.4486 1
188.29 186.44 75.654 61.817 4.1276 1
205.8 201.87 71.838 56.563 4.2548 1
169.17 168.05 75.506 65.221 2.7882 1
333.41 333.1 64.137 77.88 2.5561 1
299.73 297.85 72.723 80.665 2.7213 1
253.4 254.71 53.983 70.329 3.4387 1
290.96 291.16 31.629 1.6135 2.667 1
197 193.94 56.691 74.31 3.7501 1
206.66 207.63 55.293 70.47 3.1043 1
518.32 467.24 1.1209 82.479 3.5182 1
387.85 371.58 24.976 25.837 2.2983 1
210.75 210.46 71.619 55.373 2.7179 1
352.29 352.98 5.3299 15.538 6.3206 1
329.62 329.99 77.888 64.115 1.5515 1
140.61 142.84 66.574 76.634 2.9817 1
213.5 214.62 55.332 71.591 3.184 1
297.2 295.22 458.09 440.25 7.5922 1
410.05 527.13 120.79 212.57 4.3293 1
297.89 297.05 275.39 215.37 4.393 1
464.12 594.13 88.113 89.915 2.8809 1
147.71 155.38 79.933 79.162 3.4814 1
325.3 326.18 62.74 70.426 4.154 1
469.66 522.28 84.465 1.2458 3.4618 1
183.76 184.85 66.679 74.201 2.8339 1
171.14 172.71 64.019 75.397 3.1608 1
338.66 338.1 69.099 79.138 1.7328 1
484.09 299.25 434.98 452.95 7.4526 1
350.26 351.69 67.894 76.614 2.0444 1
466.01 473.54 84.183 1.5716 3.5102 1
279.17 264.09 23.807 21.879 2.3212 1
280.3 282.79 64.142 75.395 2.441 1
371.52 387.86 28.763 27.707 3.4197 1
559.72 591.63 1.3996 85.372 3.7125 1
210.21 221.6 73.91 72.646 3.1753 1
452.41 453.92 89.21 75.352 2.6202 1
252.9 279.16 23.903 26.285 3.5087 1
362.58 363.9 24.181 1.5393 3.9607 1
194.14 184.11 21.242 20.946 1.5075 1
326.48 337.85 48.521 47.613 3.7381 1
297.93 524.15 220.72 213.53 4.618 1
237.45 242.4 22.775 1.5138 4.2193 1
145.14 144.42 76.639 64.108 1.8254 1
159.18 139.1 21.316 22.477 3.4344 1
338.05 352.26 46.906 38.135 4.7531 1
369.87 369.24 1.6068 19.174 5.4013 1
296.04 297.95 382.91 276.6 6.0578 1
250.17 252.04 1.5328 22.728 5.8594 1
264.1 279.3 19.615 19.076 7.4953 1
386.22 371.74 3.0868 8.7133 8.4153 1
594.86 563.7 83.849 1.3118 3.6594 1
217.32 224.32 1.0003 22.813 4.0435 1
373.84 387.69 21.937 20.159 8.8724 1
397.51 399.4 20.212 1.5264 3.6052 1
203.16 209.82 18.756 1.4112 4.0445 1
99.517 101.11 53.012 62.958 2.4686 1
169.44 186.14 8.5546 17.73 7.3302 1
305.45 325.45 46.004 48.54 3.8954 1
608.86 595.4 1.3736 82.673 3.9571 1
590.39 471.63 86.876 85.084 3.0655 1
163.84 168.44 22.014 10.603 3.9639 1
289.12 305.6 35.387 44.983 4.4986 1
122.86 120.11 71.824 54.362 3.9694 1
288.43 288.46 1.6244 34.127 3.745 1
286.3 285.66 14.142 1.547 2.4968 1
392.17 392.35 70.386 61.615 1.3986 1
93.069 94.5 1.5002 18.059 4.1665 1
248.96 248.2 90.381 67.906 3.4104 1
295.04 293.85 440.32 391.45 11.429 1
1.6111 95.387 75.703 76.528 4.4098 1
106.89 108.73 53.771 68.086 4.453 1
140.3 164.2 25.576 23.892 3.6528 1
93.479 84.479 64.218 1.3952 5.6622 1
169.51 181.68 12.537 24.071 3.4401 1
182.86 197.88 23.76 23.981 2.6466 1
196.57 202.72 22.79 18.88 3.0669 1
296.34 296.88 390.47 377.78 5.101 1
97.463 95.795 62.952 54.046 3.5868 1
104.99 108.94 19.238 32.56 3.9506 1
602.89 639.15 76.241 75.776 3.91 1
441.6 423 275.22 278.55 2.4608 1
601.89 603.68 87.698 77.794 2.6819 1
278.02 265.39 4.0183 2.7076 5.4896 1
275.73 273.07 285.39 122.87 4.1629 1
112.05 121.36 6.248 16.858 4.2366 1
132.09 136.44 13.203 23.68 3.1764 1
275.37 409.13 121.89 121.36 3.0117 1
457.31 464.06 75.21 1.2768 9.2818 1
135.15 140.32 55.475 67.356 5.2316 1
96.404 93.139 77.034 65.301 5.1521 1
449.24 420.35 238.46 243.98 3.2707 1
397.79 393.87 34.112 60.337 4.022 1
429.24 420.6 342.17 343.95 2.2315 1
422.85 406.62 278.39 279 1.764 1
460.42 454.15 88.494 88.334 7.4976 1
295.64 276.06 215.31 133.01 2.7806 1
117.6 114.16 30.45 17.865 2.4115 1
516.63 300.39 247.94 255.81 2.8578 1
306.76 266.37 108.47 100.38 3.4402 1
497.87 460.36 90.29 90.745 1.4318 1
135.22 139.29 2.9196 16.94 2.3179 1
161.89 137.88 4.0161 1.5865 5.2263 1
248.92 246.95 54.133 1.6127 2.4982 1
391.43 350.22 98.084 105.79 4.4454 1
416.62 389.1 345.61 344.85 2.0816 1
265.65 250.48 100.18 97.322 2.7607 1
394.13 450.38 89.993 90.051 1.308 1
125.31 129.91 27.894 43.015 4.3154 1
432.92 409.61 395.49 404.17 2.8027 1
445.21 430.59 335.03 342.07 2.2506 1
419.15 407.86 243.61 243.12 1.5709 1
607.39 601.82 41.351 76.656 3.5097 1
287.62 275.59 390.55 287.7 4.2256 1
136.49 129.45 47.927 30.247 4.1816 1
410.38 424.13 245.97 246.12 1.3736 1
132.09 142.58 27.03 47.384 2.8969 1
175.45 154.03 107.44 109.36 3.0492 1
323.87 324.02 85.368 107.88 3.7762 1
519.06 522.62 242.86 225.32 1.722 1
144.47 136.39 43.393 29.26 3.1001 1
639.45 627.95 30.464 72.895 2.5579 1
394.84 392.32 72.793 89.231 4.0864 1
505.56 518.07 310.41 249.16 2.1472 1
520.39 324.14 223.56 228.52 2.45 1
475.31 482.28 437.41 455.12 6.9795 1
206.8 184.04 102.86 106.03 2.5414 1
389.18 372.91 240.02 237.61 2.3363 1
413.01 426.6 405.81 401.54 1.3858 1
139.35 136.3 55.816 48.727 2.7904 1
624.84 639.5 73.074 20.48 2.8241 1
389.13 411.62 347.74 348.11 2.2756 1
501.71 504.77 331.64 312.98 1.658 1
615.52 607.88 1.4095 40.62 4.669 1
430.38 449.14 247.95 247.75 1.25 1
493.73 500.94 369.04 334.24 1.6869 1
182.87 174.72 105.36 108.84 5.4119 1
455.38 394.12 92.329 92.607 2.4943 1
129 135.21 41.749 54.861 4.5796 1
141.6 152.89 6.9456 7.1594 2.6178 1
300.37 416.62 252.65 249.06 2.4762 1
332.89 310.45 111.38 110.2 4.7302 1
594.13 544.13 91.625 91.625 1.25 1
300.37 300.37 225.38 250.38 1.25 1
146.08 137.89 90.61 71.62 2.3198 1
345.25 333.73 107.31 109.86 4.8821 1
450.36 515.36 247.62 244.98 2.362 1
300.37 300.41 257.88 317.87 1.2623 1
324.26 324.35 51.614 62.854 3.8281 1
406.55 376.61 405.2 403.14 2.1899 1
603.63 607.03 49.035 30.45 1.7844 1
469.1 506.79 74.111 14.227 2.0436 1
380.39 445.38 229.6 228.04 2.3496 1
442.88 420.38 317.87 317.87 1.25 1
331.63 372.88 230.38 230.38 1.25 1
370.38 350.38 321.63 321.63 1.25 1
128.98 109.43 102.14 96.756 2.5322 1
390.38 450.38 224.34 222.98 1.8702 1
462.88 519.13 222.01 220.65 1.4909 1
587.81 556.05 84.149 1.3663 2.4154 1
382.88 364.13 381.63 381.63 1.25 1
374.09 389.08 240.61 243.12 2.0582 1
481.62 461.63 315.33 315.68 1.4457 1
439.18 454.05 266.23 268.39 2.2814 1
479.91 474.99 453.38 473.09 5.157 1
313.12 300.43 475.14 461.49 6.4089 1
349.15 337.87 383.27 384 1.7306 1
404.1 382.87 319.54 320.25 1.7121 1
309.87 309.67 35.384 24.115 1.4336 1
334.13 316.63 324.12 324.12 1.25 1
339.13 362.88 256.62 256.62 1.25 1
432.86 445.39 332.05 332.5 1.6084 1
415.38 399.13 220.37 220.37 1.25 1
