461.17 431.14 187.52 330.54 4.6248 1
638.98 638.99 412.87 149.12 1.2553 1
467.02 461.2 159.92 186.53 6.5261 1
136.62 574.12 479 478.98 1.2665 1
430.69 302.86 332.38 385.34 5.163 1
304.01 465.73 196.13 159.42 4.9288 1
308.43 467.13 70.365 159.21 4.0457 1
197.57 183.13 237.79 83.984 5.2609 1
508.61 639.4 13.754 45.477 6.4458 1
280.37 399.17 6.3464 3.083 3.3848 1
185.92 304.4 86.146 195.07 4.3489 1
640.25 506.31 58.479 24.231 11.292 1
182.99 308.06 83.969 70.897 4.1906 1
385.37 280.37 1.117 2.8712 2.7711 1
276.35 201.4 355.96 245.92 6.3484 1
155.57 173.93 7.4876 3.2854 4.977 1
525.32 479.85 50.514 32.993 3.8733 1
487.31 523.65 33.148 46.648 3.0122 1
301.19 298.92 224.14 326.62 2.3335 1
75.383 100.34 1.5138 3.3905 3.6457 1
305.87 276.27 395 356.31 8.523 1
401.61 306.61 201.58 225.31 2.4477 1
381.7 401.71 203.3 199.61 2.2315 1
508.57 507.95 20.52 12.768 5.285 1
295.3 299.4 369.12 200.38 3.0266 1
569.53 540.3 58.614 51.968 4.8191 1
395.52 384.23 226.07 228.37 2.2011 1
481.81 458.09 25.938 19.581 2.9117 1
400.44 380.51 274.3 281.97 2.9619 1
395.78 373.47 318.75 329.15 2.7263 1
539.45 526.52 52.89 49.532 3.001 1
639.53 570.14 78.87 60.005 3.853 1
381.63 359.13 199.93 199.91 1.2647 1
458.8 480.77 16.529 22.739 2.7711 1
406.84 385.41 194.96 200.49 2.0679 1
571.32 579.24 26.531 1.2689 4.8432 1
436.56 457.87 290.36 187.87 1.9871 1
482.87 509.12 11.421 11.296 2.5653 1
524.19 550.4 46.295 51.515 2.7058 1
306.51 375.39 222.4 205.44 2.7078 1
554.07 562.85 49.725 50.601 3.8555 1
460.39 395.42 167.92 183.06 2.3866 1
300.54 301.38 382.9 334.1 3.5364 1
114.32 98.933 38.088 35.125 3.0198 1
98.082 50.353 35.263 28.017 3.4425 1
301.77 304.14 331.63 226.63 2.8314 1
376.61 357.9 229.39 228.51 1.6962 1
585.87 577.12 0.96791 27.629 6.2723 1
359.12 379.13 202.1 202.29 1.426 1
387.96 404.09 230.71 226.5 1.4785 1
397.84 416.67 212.24 211.33 2.9807 1
566.24 639.44 55.554 75.449 3.0269 1
423.66 412.57 185.83 192.36 2.5967 1
367.88 347.87 329.66 329.93 1.4935 1
304.18 304.49 220.38 197.86 1.4442 1
428.82 435.74 327.81 294.2 1.5475 1
210.04 171.2 21.805 34.035 4.8812 1
391.62 407.89 263.81 263.48 1.5032 1
212.87 264.13 11.55 9.242 2.5537 1
371.62 352.87 282.47 282.52 1.2879 1
396.59 420.4 184.91 183.32 5.1555 1
367.91 352.79 189.27 192.49 1.8471 1
364 381.68 193.74 188.06 3.5706 1
417.44 409.11 213.67 221.61 2.3677 1
352.85 366.63 332.33 331.81 1.6312 1
408.57 401.25 264.92 273.82 3.0004 1
428.19 427 344.37 357.91 5.2004 1
301.99 301.63 201.63 217.88 1.4673 1
149.06 125.2 43.212 38.825 4.3391 1
411.64 392.87 215.93 216.35 1.5537 1
322.18 307.12 399.73 394.06 6.1503 1
382.86 400.41 309.76 309.28 2.4991 1
416.62 399.13 188.5 188.44 2.5044 1
505.41 465.43 14.561 17.389 3.5642 1
124.12 113.97 39.148 37.924 1.7075 1
298.6 297.83 332.89 365.37 1.6967 1
250.38 214.12 13.047 14.049 1.8715 1
210.34 210.68 1.603 20.392 4.0657 1
464.11 482.84 13.902 12.39 2.2908 1
166.66 148.15 36.746 42.516 3.7351 1
141.03 143.41 8.9902 20.523 3.4602 1
