638.98 638.98 412.88 147.88 1.2555 1
137.87 575.37 479 478.97 1.2747 1
219.45 216.04 275.37 119.08 4.7143 1
217.85 365.91 89.162 179.5 4.5753 1
216.12 215.03 116.74 89.04 5.3117 1
365.97 560.68 179.01 84.751 4.6958 1
215.39 431.39 87.921 30.72 4.585 1
327.87 219.06 371.63 275.29 4.7091 1
563.18 497.18 83.229 244.58 5.4691 1
336.89 323.63 368.27 377.14 10.419 1
281.69 305.64 160.18 168.33 2.3919 1
312.89 279.94 167.83 156.66 2.8307 1
309.92 269.87 199.2 185.6 2.9933 1
429.94 563.7 30.242 82.709 4.0427 1
303.9 268.5 256.01 243.39 3.2052 1
276.49 307.64 190.79 201.09 2.4183 1
259.64 251.31 175.75 159.29 2.8395 1
260.55 252.96 144.03 130.33 3.5156 1
256.23 248.61 281.78 263.08 3.0441 1
297.42 263.75 303.98 290.03 2.5407 1
261.73 249.88 238.5 216.9 3.5694 1
488.65 340.98 253.11 365.39 8.8812 1
248.49 259.13 135.83 144.12 2.8838 1
371.52 337.15 185.35 364.23 2.7332 1
584.15 636.7 11.388 17.227 2.8991 1
266.65 290.3 294.06 304.3 2.5155 1
582.48 555.07 14.869 9.4016 4.6588 1
218.94 220.65 122.88 174.12 1.6668 1
257.15 220.37 145.83 121.63 2.7484 1
210.5 222.99 291.51 281.23 7.6641 1
221.77 247.46 118.91 136 2.103 1
251.45 265.72 263.43 268.06 3.9527 1
631.57 582.89 19.642 14.009 2.5348 1
252.41 266.42 215.69 219.82 3.3191 1
356.38 282.93 210.75 162.8 2.4133 1
253.95 267.8 159.66 164.35 4.3536 1
362.94 260.06 181.52 118.39 1.9148 1
360.68 300.08 187.39 149.6 2.509 1
221.59 266.48 225.42 261.8 1.9926 1
255.13 275.82 128.64 135.24 3.9007 1
269.02 259.75 184.22 174.74 2.7003 1
365.17 368.08 204.31 187.91 2.5437 1
295.55 327.07 167.6 188.45 2.5215 1
212.25 216.62 303.95 288.76 5.3313 1
221.63 221.63 227.88 256.63 1.25 1
356.99 363.34 246.69 212.96 2.5295 1
218.8 219.26 91.606 114.12 1.25 1
220.71 221.61 181.62 224.13 1.886 1
399.11 367.91 166.59 181.7 1.6698 1
310.39 362.92 152.84 185.3 2.0666 1
286.2 308.02 137.27 151.39 1.9132 1
328.92 341.7 189.44 197.76 2.0951 1
341.15 350.58 329.03 280.41 2.1789 1
348.07 339.03 272.91 320.59 2.9858 1
353.35 356.38 265.46 249.31 2.3047 1
260.28 222.38 260.49 229.74 2.1796 1
338.37 330.33 322.97 366.85 3.0753 1
335.73 340.46 357.94 331.64 2.1153 1
358.87 348.37 214.31 270.47 2.6176 1
362.84 359.71 191.62 206.75 2.4899 1
345.05 354.37 199.57 206.28 1.5664 1
380.33 371.53 156.01 155.33 2.6833 1
