135.37 575.37 478.99 478.99 1.2508 1
164.09 431.42 90.585 134.11 4.8153 1
638.98 638.99 411.62 147.87 1.262 1
198.61 161.81 246.16 89.743 6.8027 1
345.39 477.74 57.708 72.844 4.3956 1
482.9 410.37 6.2482 1.7212 3.2738 1
639.31 483.15 29.112 6.0199 3.5977 1
161.01 245.07 90.324 46.054 4.4241 1
515.24 639.22 7.522 26.015 3.3741 1
437.88 449.13 1.625 1.625 1.25 1
458.6 452.77 225.67 240.09 6.509 1
549.02 586.64 5.5579 1.7795 5.8493 1
468.89 458.47 140.65 225.29 7.8272 1
417.02 207.11 314.02 252.48 8.7101 1
450.45 514.2 0.86933 7.0947 2.9111 1
476.11 468.55 81.4 140.46 8.8379 1
507.89 481.63 2.3397 1.5511 2.5739 1
546.48 524.09 4.7429 3.6695 7.9104 1
522.89 507.86 2.514 2.691 2.6617 1
445.17 455.69 178.5 175.1 3.2205 1
199.15 202.25 261.26 250.71 4.5542 1
430.53 412.81 315.94 311.93 7.4313 1
452.69 464.37 106.02 102.41 3.496 1
586.56 545.38 5.9827 10.384 4.3075 1
458.39 448.8 132.89 138.58 2.7505 1
434.32 428.19 152.91 170.91 7.4496 1
423.35 419.22 290.78 308.56 10.872 1
429.55 419.91 171.45 289.19 6.0251 1
432.22 430.09 135.18 156.47 5.9717 1
329.23 202.79 120.95 100.92 3.6168 1
201.79 166.55 100.67 94.562 3.1041 1
455.89 456.92 191.68 181.53 3.7306 1
370.28 330.29 127.21 120.9 2.017 1
461.25 452.54 108.27 112.1 4.5768 1
457.87 468 237.9 239.6 4.5268 1
453.09 427.22 241.11 293.17 4.5556 1
245.32 335.38 45.865 56.601 3.0414 1
447.92 431.57 314.33 314.84 6.5593 1
457.41 446.06 150.75 156.82 3.9729 1
199.07 220.32 103.19 106.94 1.8832 1
452.02 440.97 199.74 206.86 3.76 1
