638.99 638.98 411.63 149.13 1.2537 1
139.12 574.12 479.01 478.98 1.277 1
393.46 371.36 170.1 325.51 5.8677 1
219.03 189.21 312.42 154.89 7.3448 1
187.89 232.71 154.76 64.665 4.0102 1
262.85 239.46 4.7266 52.427 4.0473 1
397.74 392.86 96.616 174.28 4.6766 1
400.31 264.02 13.892 5.8123 5.2035 1
373.23 369.42 324.95 333.02 3.1803 1
205.58 165.29 7.5924 2.2551 6.9268 1
164.29 144.13 3.0204 1.5729 3.8299 1
367.98 216.88 329.36 313.04 10.376 1
191.52 390.41 154.15 171.23 5.5165 1
251.63 206.6 10.03 8.8884 2.7525 1
197.91 244.15 4.712 7.4092 2.6413 1
397.77 400.58 60.368 15.31 4.6005 1
399.35 397.71 70.39 95.364 1.6584 1
426.51 421.65 35.392 1.6209 3.8828 1
394.97 397.25 84.084 61.562 2.3616 1
426.3 431.4 1.4863 35.409 3.2164 1
