638.98 638.99 411.62 147.87 1.2514 1
137.87 572.87 479.01 478.97 1.2842 1
415.79 393.58 170.25 318.86 4.6264 1
246.98 205.93 344.27 94.24 4.7131 1
394.27 248.96 319.9 346.99 8.727 1
357.41 415.11 71.898 170.02 4.8185 1
80.373 84.185 41.624 32.901 3.2919 1
325.31 290.42 1.22 6.9304 3.7227 1
77.932 87.87 17.931 7.8699 4.4467 1
87.516 83.931 33.979 42.796 2.7867 1
94.326 93.345 12.858 1.3713 3.8382 1
199.22 206.75 45.145 89.316 4.1744 1
79.438 78.423 27.839 19.062 2.4835 1
297.82 329.09 10.07 3.9624 3.9491 1
224.21 410.45 197.24 172.18 5.1983 1
61.843 80.575 49.59 40.801 4.3872 1
50.509 61.891 50.142 48.642 4.7937 1
56.539 47.421 36.531 44.879 2.751 1
1.5955 46.628 53.264 51.719 4.1765 1
46.753 72.395 38.164 26.793 3.8158 1
84.103 69.389 42.218 52.021 4.1639 1
47.884 1.6029 57.082 57.961 5.2363 1
284.19 200.44 36.136 43.636 5.1844 1
80.376 47.876 55.708 55.769 6.2547 1
118.02 96.365 11.397 9.2569 12.931 1
77.581 56.434 30.679 37.261 2.9958 1
162.07 163.5 1.31 9.0088 3.4586 1
102.7 116.75 19.765 15.817 2.5563 1
304.02 293.51 31.691 14.975 3.1748 1
297.29 309.28 13.233 32.781 2.7143 1
390.61 412.04 316.66 174.19 1.8386 1
164.18 134.05 44.403 49.942 2.8117 1
142.77 161.54 44.847 41.186 2.0053 1
344.17 335.26 51.599 35.44 2.5664 1
380.38 364.13 7.875 7.875 1.25 1
